0 0.550391 0.289583 0.061719 0.056250
0 0.825000 0.651042 0.070312 0.089583
0 0.694922 0.878125 0.058594 0.070833
0 0.427344 0.490625 0.070312 0.087500
0 0.028125 0.332292 0.056250 0.077083
0 0.286719 0.037500 0.057813 0.075000
0 0.494531 0.047396 0.060937 0.094792
0 0.077344 0.039062 0.062500 0.078125
0 0.432812 0.047396 0.062500 0.094792
0 0.376953 0.040625 0.055469 0.079167
0 0.208984 0.048438 0.064844 0.076042
0 0.552344 0.054688 0.060937 0.084375
0 0.842578 0.060937 0.064844 0.080208
0 0.646094 0.085938 0.065625 0.092708
0 0.757812 0.080729 0.062500 0.076042
0 0.694531 0.095312 0.067187 0.088542
0 0.944922 0.098958 0.077344 0.085417
0 0.196484 0.109375 0.064844 0.085417
0 0.885156 0.111979 0.064062 0.082292
0 0.456641 0.113542 0.064844 0.079167
0 0.099609 0.114583 0.069531 0.087500
0 0.590625 0.111979 0.064062 0.092708
0 0.264453 0.122917 0.063281 0.075000
0 0.396484 0.130208 0.057031 0.079167
0 0.521875 0.142187 0.062500 0.078125
0 0.037500 0.152083 0.057813 0.083333
0 0.338281 0.153646 0.064062 0.088542
0 0.740625 0.154167 0.067187 0.083333
0 0.809766 0.163021 0.058594 0.080208
0 0.155078 0.160938 0.061719 0.080208
0 0.666797 0.167708 0.066406 0.079167
0 0.236719 0.175000 0.062500 0.083333
0 0.441406 0.190625 0.070312 0.083333
0 0.103125 0.196875 0.064062 0.079167
0 0.614062 0.196354 0.062500 0.088542
0 0.501953 0.212500 0.058594 0.079167
0 0.199219 0.223958 0.067187 0.085417
0 0.314844 0.234896 0.060937 0.084375
0 0.746094 0.234896 0.056250 0.078125
0 0.376563 0.238021 0.064062 0.084375
0 0.685156 0.243750 0.064062 0.081250
0 0.827734 0.245312 0.064844 0.088542
0 0.044141 0.250000 0.063281 0.083333
0 0.920703 0.250000 0.071094 0.083333
0 0.260156 0.258854 0.059375 0.082292
0 0.460938 0.263542 0.057813 0.077083
0 0.875781 0.299479 0.062500 0.080208
0 0.095312 0.301042 0.065625 0.089583
0 0.199219 0.307292 0.060937 0.081250
0 0.346875 0.309375 0.057813 0.079167
0 0.760938 0.310937 0.068750 0.082292
0 0.447656 0.320833 0.060937 0.079167
0 0.705078 0.324479 0.064844 0.090625
0 0.934766 0.327604 0.064844 0.080208
0 0.259766 0.342708 0.060156 0.079167
0 0.568359 0.350521 0.058594 0.080208
0 0.646094 0.351562 0.062500 0.080208
0 0.827734 0.376563 0.067969 0.086458
0 0.181641 0.382812 0.066406 0.080208
0 0.073438 0.392188 0.068750 0.092708
0 0.455859 0.399479 0.061719 0.082292
0 0.699609 0.403125 0.060156 0.081250
0 0.338672 0.413021 0.060156 0.076042
0 0.277734 0.416146 0.063281 0.080208
0 0.753516 0.426042 0.061719 0.087500
0 0.137500 0.436979 0.059375 0.078125
0 0.513672 0.438542 0.063281 0.085417
0 0.395703 0.440625 0.063281 0.089583
0 0.028516 0.451562 0.057031 0.080208
0 0.867969 0.469792 0.062500 0.097917
0 0.807031 0.461979 0.062500 0.094792
0 0.085938 0.470833 0.062500 0.083333
0 0.187109 0.477604 0.063281 0.084375
0 0.924219 0.495312 0.062500 0.084375
0 0.292578 0.499479 0.067969 0.088542
0 0.514453 0.515104 0.066406 0.078125
0 0.692578 0.521875 0.066406 0.081250
0 0.357031 0.524479 0.067187 0.090625
0 0.228125 0.540104 0.062500 0.084375
0 0.753125 0.552083 0.062500 0.089583
0 0.088281 0.555208 0.062500 0.081250
0 0.166797 0.554688 0.064844 0.084375
0 0.461719 0.557813 0.070312 0.096875
0 0.697656 0.599479 0.068750 0.080208
0 0.518359 0.603646 0.066406 0.092708
0 0.866406 0.605208 0.059375 0.081250
0 0.626953 0.613021 0.055469 0.076042
0 0.092969 0.621875 0.062500 0.083333
0 0.432812 0.628125 0.060937 0.077083
0 0.180469 0.636458 0.065625 0.087500
0 0.241406 0.636979 0.062500 0.082292
0 0.747656 0.641146 0.064062 0.082292
0 0.374219 0.643229 0.065625 0.090625
0 0.573047 0.670833 0.064844 0.095833
0 0.901563 0.667708 0.067187 0.085417
0 0.132031 0.681250 0.065625 0.091667
0 0.048438 0.686458 0.071875 0.097917
0 0.660937 0.693750 0.067187 0.087500
0 0.791406 0.694792 0.065625 0.089583
0 0.419922 0.700000 0.061719 0.079167
0 0.219922 0.708854 0.058594 0.080208
0 0.280078 0.731771 0.066406 0.086458
0 0.735156 0.732292 0.065625 0.089583
0 0.371875 0.739583 0.059375 0.079167
0 0.882812 0.761458 0.065625 0.085417
0 0.164453 0.762500 0.067969 0.091667
0 0.454688 0.762500 0.064062 0.083333
0 0.826562 0.761979 0.059375 0.096875
0 0.607422 0.763542 0.060156 0.083333
0 0.519141 0.760938 0.057031 0.086458
0 0.676562 0.772917 0.062500 0.077083
0 0.060547 0.780208 0.066406 0.089583
0 0.942187 0.787500 0.062500 0.085417
0 0.332031 0.794792 0.067187 0.095833
0 0.645703 0.829688 0.066406 0.086458
0 0.445312 0.836979 0.064062 0.078125
0 0.206641 0.842187 0.063281 0.084375
0 0.532422 0.845313 0.057031 0.076042
0 0.379688 0.847917 0.067187 0.091667
0 0.730469 0.851562 0.053125 0.076042
0 0.104297 0.858333 0.063281 0.087500
0 0.844531 0.876042 0.068750 0.087500
0 0.325391 0.890104 0.063281 0.078125
0 0.487500 0.882812 0.059375 0.084375
0 0.250781 0.891667 0.065625 0.083333
0 0.610156 0.911979 0.064062 0.090625
0 0.142187 0.919271 0.065625 0.086458
0 0.772656 0.942187 0.060937 0.080208
0 0.553125 0.936979 0.062500 0.107292
0 0.860938 0.943229 0.076563 0.084375
0 0.711719 0.948438 0.060937 0.078125
0 0.287500 0.950521 0.070312 0.090625
0 0.977344 0.956771 0.053125 0.084375
0 0.213672 0.960938 0.060156 0.088542
0 0.455859 0.961979 0.053906 0.069792
0 0.925781 0.961458 0.059375 0.068750
0 0.400000 0.965625 0.064062 0.079167
4 0.642969 0.477083 0.085938 0.100000
