0 0.144531 0.357812 0.059375 0.092708
0 0.142969 0.463542 0.067187 0.075000
0 0.039844 0.486979 0.078125 0.082292
0 0.046484 0.551562 0.061719 0.071875
0 0.464844 0.643750 0.051562 0.058333
0 0.188281 0.086458 0.078125 0.072917
0 0.177344 0.972396 0.070312 0.055208
0 0.267969 0.446875 0.059375 0.083333
0 0.303516 0.377083 0.063281 0.079167
0 0.448437 0.326562 0.067187 0.073958
0 0.929297 0.044792 0.060156 0.089583
0 0.143359 0.052083 0.067969 0.104167
0 0.447266 0.041667 0.066406 0.083333
0 0.372656 0.046875 0.062500 0.081250
0 0.089063 0.056250 0.068750 0.087500
0 0.034766 0.064062 0.063281 0.096875
0 0.963672 0.084896 0.072656 0.086458
0 0.426953 0.098958 0.061719 0.077083
0 0.805078 0.100000 0.067969 0.087500
0 0.346094 0.119792 0.067187 0.075000
0 0.538672 0.122396 0.063281 0.096875
0 0.039453 0.136979 0.071094 0.098958
0 0.856641 0.138542 0.061719 0.085417
0 0.195703 0.141667 0.061719 0.072917
0 0.714453 0.139063 0.071094 0.088542
0 0.651563 0.161979 0.065625 0.073958
0 0.392969 0.168750 0.064062 0.085417
0 0.796094 0.171875 0.054688 0.075000
0 0.441406 0.189062 0.059375 0.098958
0 0.525391 0.210417 0.066406 0.085417
0 0.281641 0.211979 0.067969 0.092708
0 0.342969 0.245312 0.076563 0.088542
0 0.670703 0.241667 0.072656 0.097917
0 0.943359 0.243229 0.063281 0.090625
0 0.886719 0.243750 0.057813 0.085417
0 0.612891 0.250521 0.072656 0.078125
0 0.405859 0.257292 0.061719 0.112500
0 0.226953 0.257812 0.094531 0.082292
0 0.724219 0.259375 0.076563 0.100000
0 0.503906 0.277083 0.082812 0.079167
0 0.605078 0.305208 0.066406 0.072917
0 0.839844 0.301042 0.070312 0.102083
0 0.737109 0.315104 0.069531 0.098958
0 0.222266 0.316146 0.086719 0.067708
0 0.944141 0.315104 0.064844 0.086458
0 0.350781 0.322396 0.067187 0.096875
0 0.037891 0.343229 0.063281 0.086458
0 0.663281 0.350521 0.062500 0.082292
0 0.906641 0.368750 0.060156 0.083333
0 0.222656 0.372917 0.064062 0.077083
0 0.756641 0.391146 0.063281 0.084375
0 0.089063 0.395313 0.065625 0.078125
0 0.802344 0.402604 0.064062 0.101042
0 0.502734 0.414062 0.074219 0.096875
0 0.328516 0.439063 0.066406 0.080208
0 0.195312 0.440104 0.068750 0.088542
0 0.896875 0.452083 0.060937 0.095833
0 0.602734 0.450521 0.066406 0.092708
0 0.656250 0.449479 0.054688 0.109375
0 0.835156 0.469792 0.079687 0.087500
0 0.698828 0.488021 0.067969 0.098958
0 0.378125 0.481771 0.070312 0.109375
0 0.540625 0.484896 0.067187 0.090625
0 0.948047 0.502083 0.064844 0.095833
0 0.489063 0.501042 0.065625 0.077083
0 0.305859 0.503646 0.064844 0.096875
0 0.555859 0.523958 0.082031 0.077083
0 0.247266 0.521354 0.063281 0.086458
0 0.153906 0.527083 0.079687 0.081250
0 0.894922 0.526563 0.074219 0.084375
0 0.749219 0.528646 0.064062 0.092708
0 0.810547 0.531771 0.067969 0.092708
0 0.833984 0.566667 0.066406 0.100000
0 0.481641 0.562500 0.069531 0.087500
0 0.183203 0.554167 0.075781 0.100000
0 0.344141 0.570833 0.064844 0.095833
0 0.560156 0.584896 0.071875 0.078125
0 0.963672 0.585417 0.069531 0.089583
0 0.417578 0.590625 0.075781 0.083333
0 0.746875 0.607292 0.070312 0.095833
0 0.832812 0.650521 0.064062 0.082292
0 0.547266 0.653125 0.067969 0.087500
0 0.133594 0.666667 0.101562 0.125000
0 0.282813 0.677083 0.064062 0.095833
0 0.343750 0.680729 0.062500 0.086458
0 0.857031 0.683333 0.062500 0.089583
0 0.925391 0.684896 0.069531 0.084375
0 0.643750 0.693229 0.062500 0.090625
0 0.523047 0.702604 0.064844 0.084375
0 0.037109 0.715625 0.074219 0.093750
0 0.758203 0.706250 0.066406 0.085417
0 0.176172 0.736458 0.061719 0.083333
0 0.106250 0.740104 0.057813 0.080208
0 0.697656 0.743229 0.067187 0.080208
0 0.584375 0.749479 0.070312 0.090625
0 0.821875 0.765104 0.070312 0.082292
0 0.936719 0.764583 0.056250 0.087500
0 0.300000 0.758854 0.075000 0.065625
0 0.769141 0.764583 0.063281 0.087500
0 0.049219 0.782813 0.062500 0.088542
0 0.889062 0.787500 0.071875 0.093750
0 0.124609 0.813021 0.053906 0.094792
0 0.435937 0.803125 0.062500 0.079167
0 0.181250 0.806771 0.065625 0.088542
0 0.810156 0.818229 0.057813 0.078125
0 0.722266 0.823958 0.060156 0.085417
0 0.606641 0.829167 0.066406 0.093750
0 0.667188 0.832292 0.059375 0.083333
0 0.269922 0.835417 0.058594 0.087500
0 0.079297 0.841667 0.063281 0.079167
0 0.928906 0.848437 0.060937 0.071875
0 0.589063 0.881771 0.067187 0.078125
0 0.407422 0.866667 0.071094 0.093750
0 0.128516 0.903125 0.060156 0.091667
0 0.792188 0.897917 0.065625 0.083333
0 0.307422 0.901563 0.069531 0.088542
0 0.401562 0.919792 0.057813 0.066667
0 0.879687 0.916146 0.057813 0.086458
0 0.078125 0.927604 0.059375 0.082292
0 0.719922 0.938542 0.069531 0.087500
0 0.570312 0.970833 0.059375 0.068750
1 0.441406 0.426563 0.062500 0.084375
2 0.407031 0.728125 0.062500 0.085417
2 0.489844 0.903646 0.092188 0.115625
