0 0.045703 0.137500 0.055469 0.072917
0 0.080859 0.191667 0.050781 0.070833
0 0.112500 0.150000 0.056250 0.079167
0 0.753516 0.592708 0.055469 0.072917
0 0.789453 0.643750 0.053906 0.062500
0 0.815625 0.553125 0.054688 0.070833
0 0.377344 0.950521 0.057813 0.073958
0 0.114062 0.561979 0.059375 0.067708
0 0.975781 0.940625 0.048438 0.075000
0 0.373828 0.451562 0.061719 0.069792
0 0.887109 0.084375 0.064844 0.081250
0 0.719141 0.037500 0.063281 0.075000
0 0.626172 0.047396 0.094531 0.094792
0 0.937109 0.047917 0.071094 0.095833
0 0.507422 0.060937 0.069531 0.067708
0 0.083594 0.077083 0.060937 0.064583
0 0.750391 0.104167 0.061719 0.085417
0 0.549219 0.115104 0.065625 0.084375
0 0.683594 0.135937 0.096875 0.132292
0 0.483594 0.160417 0.064062 0.083333
0 0.944922 0.181250 0.066406 0.083333
0 0.885938 0.208333 0.068750 0.083333
0 0.610938 0.216667 0.059375 0.068750
0 0.510938 0.226562 0.062500 0.078125
0 0.666406 0.225521 0.059375 0.078125
0 0.225000 0.220312 0.054688 0.092708
0 0.180078 0.247396 0.061719 0.076042
0 0.927734 0.248438 0.063281 0.082292
0 0.414062 0.252083 0.068750 0.075000
0 0.709375 0.253646 0.067187 0.088542
0 0.614453 0.269271 0.071094 0.073958
0 0.863672 0.296354 0.067969 0.082292
0 0.303906 0.300521 0.062500 0.078125
0 0.736328 0.311979 0.067969 0.067708
0 0.938672 0.322396 0.061719 0.084375
0 0.511328 0.322917 0.067969 0.083333
0 0.448828 0.325521 0.057031 0.076042
0 0.577344 0.328125 0.067187 0.081250
0 0.627734 0.335417 0.057031 0.085417
0 0.842969 0.374479 0.057813 0.080208
0 0.591406 0.393750 0.060937 0.083333
0 0.421875 0.393750 0.060937 0.087500
0 0.536719 0.414583 0.081250 0.129167
0 0.091797 0.411458 0.061719 0.068750
0 0.698047 0.425521 0.064844 0.069792
0 0.619531 0.426042 0.062500 0.083333
0 0.801172 0.428646 0.066406 0.084375
0 0.472266 0.455729 0.067969 0.082292
0 0.029687 0.457292 0.059375 0.077083
0 0.894531 0.459896 0.060937 0.082292
0 0.633984 0.480729 0.074219 0.073958
0 0.949219 0.477604 0.064062 0.084375
0 0.106250 0.492188 0.064062 0.084375
0 0.196094 0.501042 0.064062 0.083333
0 0.291016 0.499479 0.064844 0.088542
0 0.385937 0.506771 0.051562 0.065625
0 0.055469 0.521354 0.065625 0.086458
0 0.767969 0.518229 0.068750 0.073958
0 0.714844 0.531771 0.062500 0.078125
0 0.526563 0.541146 0.059375 0.082292
0 0.607422 0.558854 0.064844 0.090625
0 0.403906 0.578646 0.062500 0.084375
0 0.575391 0.601562 0.055469 0.082292
0 0.530078 0.615104 0.058594 0.098958
0 0.332813 0.623437 0.062500 0.090625
0 0.280078 0.648438 0.067969 0.123958
0 0.902344 0.647396 0.071875 0.082292
0 0.610547 0.646875 0.072656 0.087500
0 0.418359 0.682292 0.063281 0.085417
0 0.310937 0.716667 0.059375 0.091667
0 0.250000 0.740625 0.085938 0.114583
0 0.101172 0.745313 0.053906 0.103125
0 0.786719 0.759375 0.062500 0.083333
0 0.618750 0.768750 0.062500 0.089583
0 0.723828 0.766667 0.072656 0.097917
0 0.921484 0.783333 0.060156 0.083333
0 0.330469 0.787500 0.067187 0.087500
0 0.526563 0.790104 0.073438 0.090625
0 0.470313 0.800521 0.062500 0.084375
0 0.648438 0.826042 0.068750 0.079167
0 0.233203 0.825521 0.082031 0.086458
0 0.160547 0.839063 0.088281 0.105208
0 0.901172 0.843229 0.069531 0.071875
0 0.037891 0.850000 0.075781 0.087500
0 0.776953 0.859375 0.063281 0.104167
0 0.516797 0.873437 0.063281 0.109375
0 0.315625 0.886979 0.056250 0.101042
0 0.715234 0.873437 0.075781 0.084375
0 0.360547 0.885417 0.058594 0.104167
0 0.233203 0.907292 0.067969 0.087500
0 0.815234 0.921354 0.066406 0.098958
0 0.123828 0.924479 0.083594 0.109375
0 0.165625 0.959896 0.079687 0.090625
0 0.850000 0.965625 0.056250 0.079167
2 0.456250 0.621354 0.070312 0.084375
1 0.432422 0.182812 0.057031 0.088542
