0 0.220703 0.852083 0.066406 0.083333
0 0.041406 0.161458 0.062500 0.087500
0 0.534766 0.305208 0.067969 0.077083
0 0.139453 0.197917 0.066406 0.093750
0 0.764453 0.224479 0.052344 0.084375
0 0.675000 0.271875 0.054688 0.089583
0 0.590234 0.350521 0.067969 0.098958
0 0.630078 0.042188 0.071094 0.084375
0 0.883594 0.039062 0.092188 0.078125
0 0.314063 0.047396 0.071875 0.094792
0 0.498437 0.045312 0.067187 0.090625
0 0.776953 0.050521 0.066406 0.084375
0 0.430859 0.061979 0.072656 0.101042
0 0.862891 0.076042 0.061719 0.081250
0 0.552734 0.081250 0.061719 0.085417
0 0.669531 0.085938 0.060937 0.078125
0 0.074219 0.093229 0.059375 0.086458
0 0.611328 0.100000 0.064844 0.085417
0 0.915234 0.104688 0.066406 0.088542
0 0.381250 0.108854 0.054688 0.067708
0 0.275781 0.105208 0.065625 0.085417
0 0.125781 0.106771 0.064062 0.088542
0 0.225000 0.106771 0.053125 0.090625
0 0.471875 0.114583 0.064062 0.091667
0 0.330859 0.116146 0.064844 0.094792
0 0.773047 0.133854 0.063281 0.090625
0 0.966797 0.135417 0.060156 0.091667
0 0.714063 0.144271 0.065625 0.092708
0 0.658984 0.152083 0.067969 0.085417
0 0.874609 0.151562 0.071094 0.088542
0 0.262891 0.188021 0.069531 0.086458
0 0.576172 0.185938 0.069531 0.088542
0 0.817187 0.197917 0.064062 0.085417
0 0.318359 0.202083 0.067969 0.085417
0 0.628906 0.191146 0.062500 0.107292
0 0.704688 0.225521 0.062500 0.090625
0 0.567187 0.228125 0.051562 0.066667
0 0.525391 0.231250 0.055469 0.079167
0 0.201953 0.242708 0.069531 0.087500
0 0.069141 0.257812 0.069531 0.092708
0 0.278125 0.256250 0.065625 0.083333
0 0.151953 0.281771 0.069531 0.088542
0 0.806250 0.285417 0.054688 0.091667
0 0.325000 0.295312 0.059375 0.090625
0 0.631250 0.296354 0.046875 0.088542
0 0.231250 0.298958 0.064062 0.089583
0 0.716406 0.326042 0.059375 0.083333
0 0.202344 0.335417 0.064062 0.095833
0 0.276562 0.337500 0.070312 0.087500
0 0.777734 0.352083 0.057031 0.075000
0 0.358984 0.355208 0.066406 0.087500
0 0.827734 0.377604 0.067969 0.096875
0 0.535937 0.377083 0.067187 0.085417
0 0.246875 0.404167 0.068750 0.097917
0 0.308594 0.407292 0.064062 0.097917
0 0.763281 0.408854 0.065625 0.078125
0 0.359766 0.438021 0.063281 0.086458
0 0.422656 0.445312 0.067187 0.086458
0 0.855469 0.448958 0.060937 0.085417
0 0.537500 0.459896 0.062500 0.082292
0 0.476953 0.461979 0.063281 0.086458
0 0.280859 0.470833 0.063281 0.077083
0 0.430469 0.520312 0.064062 0.080208
0 0.505859 0.527083 0.077344 0.089583
0 0.739453 0.531771 0.060156 0.084375
0 0.566797 0.532813 0.058594 0.096875
0 0.857031 0.546875 0.059375 0.081250
0 0.289453 0.556250 0.063281 0.097917
0 0.063281 0.563542 0.067187 0.093750
0 0.910547 0.572396 0.077344 0.090625
0 0.796484 0.577604 0.063281 0.080208
0 0.383203 0.580729 0.067969 0.090625
0 0.128906 0.586458 0.057813 0.097917
0 0.504687 0.603646 0.064062 0.086458
0 0.744922 0.613021 0.060156 0.082292
0 0.581250 0.614583 0.067187 0.087500
0 0.185938 0.614062 0.068750 0.090625
0 0.328906 0.620833 0.062500 0.081250
0 0.643359 0.622917 0.061719 0.083333
0 0.853125 0.627083 0.064062 0.087500
0 0.458984 0.637500 0.066406 0.089583
0 0.075781 0.638021 0.067187 0.084375
0 0.255859 0.648958 0.074219 0.085417
0 0.698828 0.646354 0.064844 0.086458
0 0.904687 0.658333 0.068750 0.095833
0 0.155469 0.664062 0.060937 0.082292
0 0.969531 0.676562 0.064062 0.088542
0 0.424219 0.693750 0.073438 0.097917
0 0.758984 0.715104 0.061719 0.092708
0 0.473047 0.723958 0.055469 0.079167
0 0.860156 0.718750 0.068750 0.095833
0 0.701562 0.729688 0.065625 0.088542
0 0.102344 0.737500 0.056250 0.093750
0 0.945703 0.746354 0.069531 0.084375
0 0.805469 0.757812 0.068750 0.090625
0 0.409766 0.765104 0.060156 0.080208
0 0.235156 0.767708 0.071875 0.091667
0 0.510547 0.775521 0.067969 0.092708
0 0.297266 0.785417 0.066406 0.085417
0 0.567578 0.788542 0.060156 0.081250
0 0.357812 0.792708 0.068750 0.097917
0 0.167187 0.810937 0.075000 0.094792
0 0.970703 0.814583 0.066406 0.091667
0 0.680859 0.832292 0.066406 0.089583
0 0.609375 0.832292 0.068750 0.085417
0 0.796875 0.834375 0.060937 0.077083
0 0.907813 0.835938 0.071875 0.096875
0 0.741016 0.832292 0.058594 0.085417
0 0.093359 0.850521 0.064844 0.088542
0 0.310156 0.855208 0.073438 0.081250
0 0.360156 0.889583 0.065625 0.091667
0 0.814453 0.900000 0.061719 0.083333
0 0.874219 0.901042 0.064062 0.085417
0 0.257031 0.908854 0.078125 0.082292
0 0.614453 0.905729 0.077344 0.071875
0 0.712891 0.908333 0.064844 0.081250
0 0.960938 0.915104 0.056250 0.082292
0 0.050000 0.941667 0.068750 0.087500
0 0.200391 0.943750 0.060156 0.089583
0 0.391797 0.949479 0.060156 0.078125
0 0.631641 0.962500 0.078906 0.072917
0 0.849219 0.964063 0.067187 0.082292
4 0.528125 0.688542 0.085938 0.104167
