0 0.674609 0.665625 0.067969 0.077083
0 0.600000 0.516667 0.060937 0.085417
0 0.463281 0.330208 0.067187 0.081250
0 0.053125 0.369271 0.060937 0.078125
0 0.096484 0.401042 0.055469 0.079167
0 0.633203 0.918229 0.055469 0.069792
0 0.035156 0.034896 0.070312 0.069792
0 0.648828 0.034375 0.067969 0.068750
0 0.857812 0.041667 0.062500 0.083333
0 0.497266 0.047917 0.055469 0.075000
0 0.320703 0.056250 0.061719 0.083333
0 0.095312 0.055208 0.059375 0.068750
0 0.742578 0.082812 0.064844 0.084375
0 0.043750 0.091146 0.065625 0.084375
0 0.908984 0.091667 0.064844 0.089583
0 0.654297 0.092188 0.057031 0.073958
0 0.262891 0.093229 0.067969 0.090625
0 0.411719 0.097396 0.071875 0.088542
0 0.838281 0.116146 0.064062 0.078125
0 0.479297 0.116667 0.071094 0.085417
0 0.575391 0.118750 0.060156 0.081250
0 0.201563 0.125521 0.062500 0.080208
0 0.099219 0.132812 0.067187 0.086458
0 0.781641 0.138542 0.057031 0.079167
0 0.292969 0.146875 0.062500 0.072917
0 0.032422 0.157812 0.064844 0.086458
0 0.726172 0.159375 0.061719 0.085417
0 0.663281 0.164583 0.067187 0.083333
0 0.887109 0.182812 0.067969 0.092708
0 0.133203 0.182292 0.055469 0.070833
0 0.343359 0.183854 0.057031 0.073958
0 0.537500 0.183333 0.057813 0.079167
0 0.604297 0.185417 0.057031 0.079167
0 0.244531 0.189062 0.054688 0.080208
0 0.480859 0.194792 0.057031 0.079167
0 0.191016 0.197917 0.067969 0.093750
0 0.783203 0.217708 0.061719 0.081250
0 0.293359 0.219792 0.060156 0.081250
0 0.951172 0.228125 0.058594 0.077083
0 0.045703 0.236458 0.063281 0.083333
0 0.839453 0.242188 0.057031 0.080208
0 0.636328 0.247917 0.060156 0.085417
0 0.126562 0.252604 0.068750 0.080208
0 0.376563 0.254167 0.062500 0.087500
0 0.478906 0.257292 0.067187 0.079167
0 0.542578 0.261979 0.063281 0.082292
0 0.900000 0.261458 0.062500 0.083333
0 0.720703 0.263542 0.060156 0.079167
0 0.217188 0.269792 0.059375 0.077083
0 0.270703 0.292187 0.057031 0.090625
0 0.079687 0.300521 0.062500 0.082292
0 0.801562 0.303125 0.064062 0.081250
0 0.327344 0.305729 0.060937 0.092708
0 0.403516 0.323958 0.058594 0.081250
0 0.740625 0.326042 0.056250 0.068750
0 0.677734 0.327604 0.069531 0.096875
0 0.527344 0.339062 0.064062 0.080208
0 0.976172 0.345313 0.055469 0.084375
0 0.902734 0.345833 0.061719 0.081250
0 0.213281 0.359375 0.057813 0.081250
0 0.580469 0.373958 0.062500 0.087500
0 0.785937 0.378646 0.064062 0.082292
0 0.244922 0.385937 0.060156 0.067708
0 0.323047 0.393750 0.066406 0.081250
0 0.642188 0.398438 0.060937 0.088542
0 0.907031 0.411979 0.062500 0.084375
0 0.691016 0.431250 0.061719 0.085417
0 0.229297 0.435937 0.063281 0.071875
0 0.560547 0.451042 0.053906 0.070833
0 0.507422 0.455729 0.057031 0.078125
0 0.744141 0.448958 0.058594 0.089583
0 0.118359 0.458333 0.064844 0.083333
0 0.050000 0.460938 0.057813 0.082292
0 0.336719 0.473958 0.068750 0.089583
0 0.946094 0.472396 0.065625 0.090625
0 0.862500 0.478125 0.071875 0.097917
0 0.271875 0.478646 0.062500 0.086458
0 0.395703 0.498958 0.061719 0.089583
0 0.473047 0.502083 0.057031 0.079167
0 0.201953 0.508333 0.063281 0.081250
0 0.534766 0.520312 0.060156 0.078125
0 0.667969 0.522917 0.067187 0.087500
0 0.096484 0.522396 0.061719 0.076042
0 0.810156 0.547917 0.067187 0.089583
0 0.732031 0.551562 0.065625 0.086458
0 0.974609 0.553125 0.058594 0.091667
0 0.269141 0.560417 0.060156 0.081250
0 0.331641 0.564583 0.064844 0.083333
0 0.210156 0.569792 0.060937 0.079167
0 0.041406 0.566146 0.067187 0.088542
0 0.875391 0.570833 0.066406 0.089583
0 0.630078 0.581771 0.064844 0.080208
0 0.131250 0.585417 0.059375 0.081250
0 0.471875 0.595833 0.057813 0.081250
0 0.522656 0.598958 0.068750 0.087500
0 0.386328 0.606250 0.063281 0.083333
0 0.746484 0.637500 0.063281 0.083333
0 0.260156 0.640625 0.057813 0.081250
0 0.826953 0.645312 0.066406 0.090625
0 0.918750 0.648958 0.062500 0.087500
0 0.107813 0.655208 0.062500 0.079167
0 0.342578 0.661979 0.064844 0.084375
0 0.208203 0.668750 0.057031 0.075000
0 0.452734 0.670833 0.069531 0.087500
0 0.050391 0.674479 0.061719 0.086458
0 0.605469 0.696354 0.064062 0.086458
0 0.289844 0.694271 0.056250 0.078125
0 0.496875 0.706250 0.059375 0.087500
0 0.956250 0.710417 0.065625 0.085417
0 0.777734 0.720833 0.063281 0.083333
0 0.383594 0.729167 0.065625 0.089583
0 0.552734 0.725000 0.061719 0.095833
0 0.118750 0.739583 0.067187 0.089583
0 0.683203 0.749479 0.067969 0.080208
0 0.218750 0.748958 0.057813 0.077083
0 0.632031 0.772917 0.051562 0.079167
0 0.330469 0.773438 0.062500 0.086458
0 0.882031 0.785417 0.057813 0.081250
0 0.491406 0.790104 0.064062 0.080208
0 0.807031 0.794271 0.064062 0.086458
0 0.160547 0.801562 0.069531 0.090625
0 0.415625 0.805208 0.064062 0.081250
0 0.717187 0.809896 0.062500 0.082292
0 0.272266 0.816667 0.071094 0.091667
0 0.608984 0.839063 0.064844 0.082292
0 0.208984 0.846354 0.061719 0.084375
0 0.094531 0.848958 0.059375 0.079167
0 0.542578 0.855729 0.063281 0.082292
0 0.467969 0.855729 0.065625 0.078125
0 0.672656 0.860417 0.064062 0.081250
0 0.817187 0.860417 0.070312 0.085417
0 0.750391 0.870313 0.057031 0.073958
0 0.344922 0.878646 0.066406 0.090625
0 0.409375 0.882812 0.064062 0.080208
0 0.144922 0.894792 0.063281 0.085417
0 0.050000 0.895833 0.060937 0.081250
0 0.255859 0.903125 0.063281 0.089583
0 0.500781 0.919792 0.065625 0.085417
0 0.706250 0.927604 0.065625 0.078125
0 0.379297 0.953125 0.063281 0.087500
0 0.121484 0.965625 0.058594 0.079167
0 0.061719 0.968229 0.056250 0.073958
0 0.944531 0.970313 0.060937 0.069792
0 0.450000 0.968229 0.065625 0.073958
4 0.441406 0.434896 0.084375 0.117708
