0 0.775000 0.149479 0.057813 0.057292
0 0.040234 0.691667 0.063281 0.091667
0 0.042578 0.053125 0.053906 0.072917
0 0.801562 0.892708 0.057813 0.068750
0 0.867188 0.946875 0.046875 0.077083
0 0.532422 0.040625 0.055469 0.081250
0 0.873047 0.034375 0.057031 0.068750
0 0.085547 0.039062 0.052344 0.078125
0 0.132031 0.041667 0.060937 0.075000
0 0.639844 0.041146 0.054688 0.071875
0 0.583984 0.040625 0.052344 0.081250
0 0.198828 0.065625 0.061719 0.081250
0 0.826172 0.068229 0.053906 0.073958
0 0.497266 0.072917 0.058594 0.079167
0 0.248828 0.095312 0.057031 0.073958
0 0.881250 0.106250 0.060937 0.077083
0 0.529297 0.129167 0.064844 0.077083
0 0.949219 0.128646 0.064062 0.088542
0 0.698047 0.140625 0.057031 0.081250
0 0.849609 0.160938 0.052344 0.069792
0 0.194141 0.175521 0.061719 0.086458
0 0.046484 0.175000 0.055469 0.083333
0 0.437891 0.194792 0.058594 0.079167
0 0.298438 0.199479 0.056250 0.073958
0 0.876172 0.241146 0.058594 0.080208
0 0.667578 0.243229 0.058594 0.080208
0 0.216797 0.251563 0.066406 0.080208
0 0.466016 0.284375 0.064844 0.075000
0 0.071484 0.286979 0.060156 0.086458
0 0.380859 0.298958 0.061719 0.081250
0 0.806250 0.308854 0.054688 0.069792
0 0.141016 0.314583 0.058594 0.083333
0 0.199609 0.322917 0.060156 0.079167
0 0.473047 0.359375 0.055469 0.077083
0 0.911328 0.362500 0.055469 0.077083
0 0.355469 0.374479 0.060937 0.082292
0 0.814844 0.376042 0.057813 0.072917
0 0.029687 0.391146 0.059375 0.080208
0 0.139844 0.415104 0.057813 0.088542
0 0.084766 0.423438 0.053906 0.071875
0 0.470703 0.431771 0.047656 0.071875
0 0.246875 0.451042 0.050000 0.072917
0 0.795312 0.458333 0.053125 0.079167
0 0.664453 0.464062 0.058594 0.078125
0 0.167969 0.479167 0.057813 0.075000
0 0.705078 0.514583 0.057031 0.087500
0 0.238672 0.518229 0.063281 0.078125
0 0.926953 0.540104 0.047656 0.073958
0 0.976562 0.543229 0.051562 0.076042
0 0.541797 0.555729 0.050781 0.069792
0 0.190234 0.555208 0.061719 0.083333
0 0.841406 0.582292 0.056250 0.085417
0 0.589063 0.590625 0.056250 0.075000
0 0.510156 0.601042 0.056250 0.064583
0 0.805859 0.628125 0.057031 0.072917
0 0.419922 0.634896 0.055469 0.078125
0 0.958984 0.639583 0.052344 0.075000
0 0.486328 0.643229 0.050781 0.069792
0 0.281250 0.645833 0.060937 0.079167
0 0.184766 0.650000 0.058594 0.081250
0 0.376953 0.682813 0.058594 0.071875
0 0.573828 0.684896 0.055469 0.078125
0 0.788281 0.693750 0.054688 0.072917
0 0.250391 0.713021 0.057031 0.076042
0 0.736719 0.714063 0.053125 0.073958
0 0.496484 0.716146 0.060156 0.080208
0 0.957422 0.718750 0.057031 0.081250
0 0.902344 0.724479 0.051562 0.073958
0 0.641797 0.737500 0.049219 0.064583
0 0.205469 0.756771 0.056250 0.067708
0 0.790234 0.773958 0.057031 0.083333
0 0.487500 0.797917 0.060937 0.089583
0 0.323437 0.797917 0.057813 0.079167
0 0.873437 0.809896 0.057813 0.080208
0 0.096875 0.821875 0.056250 0.075000
0 0.619531 0.884375 0.057813 0.083333
0 0.225000 0.888542 0.051562 0.072917
0 0.123047 0.891146 0.053906 0.076042
0 0.565625 0.908333 0.051562 0.070833
0 0.496094 0.910937 0.053125 0.080208
0 0.386328 0.916146 0.047656 0.090625
0 0.176172 0.922917 0.058594 0.089583
0 0.049219 0.936979 0.060937 0.078125
0 0.330078 0.958333 0.058594 0.075000
0 0.785937 0.964583 0.053125 0.066667
0 0.522656 0.965104 0.056250 0.080208
0 0.467187 0.970313 0.056250 0.069792
1 0.635156 0.632292 0.057813 0.075000
2 0.337500 0.891667 0.056250 0.091667
