0 0.142969 0.708333 0.071875 0.089583
0 0.789844 0.919271 0.057813 0.073958
0 0.914844 0.860938 0.073438 0.078125
0 0.284375 0.748437 0.062500 0.094792
0 0.310937 0.671354 0.054688 0.076042
0 0.941016 0.227604 0.053906 0.071875
0 0.733984 0.604688 0.078906 0.107292
0 0.703906 0.530729 0.071875 0.094792
0 0.688672 0.618750 0.042969 0.102083
0 0.242578 0.909896 0.078906 0.067708
0 0.167578 0.035937 0.069531 0.071875
0 0.687109 0.048438 0.066406 0.088542
0 0.486328 0.046354 0.067969 0.090625
0 0.230859 0.053125 0.100781 0.106250
0 0.264453 0.051042 0.052344 0.075000
0 0.578516 0.072917 0.071094 0.081250
0 0.649609 0.085417 0.061719 0.081250
0 0.782813 0.096354 0.065625 0.086458
0 0.374219 0.100521 0.060937 0.080208
0 0.239063 0.115104 0.078125 0.082292
0 0.730469 0.109896 0.062500 0.086458
0 0.452734 0.121875 0.069531 0.087500
0 0.157031 0.134375 0.059375 0.085417
0 0.509766 0.133854 0.067969 0.090625
0 0.955469 0.154167 0.075000 0.095833
0 0.217578 0.181771 0.064844 0.084375
0 0.758594 0.188542 0.064062 0.081250
0 0.467578 0.194792 0.060156 0.077083
0 0.877344 0.208854 0.062500 0.088542
0 0.167969 0.216667 0.070312 0.085417
0 0.528516 0.224479 0.072656 0.078125
0 0.801562 0.248438 0.065625 0.067708
0 0.231250 0.256250 0.053125 0.085417
0 0.181641 0.264583 0.082031 0.097917
0 0.973828 0.299479 0.060156 0.082292
0 0.625000 0.305208 0.078125 0.102083
0 0.033203 0.313542 0.066406 0.095833
0 0.346484 0.321354 0.069531 0.094792
0 0.176172 0.328646 0.066406 0.084375
0 0.910937 0.329167 0.071875 0.085417
0 0.298047 0.343750 0.066406 0.093750
0 0.238281 0.351562 0.078125 0.084375
0 0.669922 0.357812 0.067969 0.092708
0 0.946484 0.359896 0.071094 0.098958
0 0.548828 0.371354 0.066406 0.080208
0 0.759766 0.377083 0.069531 0.106250
0 0.362109 0.381771 0.075781 0.092708
0 0.042188 0.395833 0.065625 0.089583
0 0.291797 0.421354 0.064844 0.094792
0 0.226172 0.428646 0.064844 0.080208
0 0.375391 0.437500 0.080469 0.097917
0 0.658984 0.444271 0.066406 0.098958
0 0.570312 0.447396 0.068750 0.084375
0 0.179297 0.456771 0.063281 0.086458
0 0.455469 0.463542 0.067187 0.077083
0 0.843359 0.454688 0.094531 0.105208
0 0.793750 0.492188 0.067187 0.088542
0 0.387500 0.508854 0.065625 0.080208
0 0.271875 0.513542 0.057813 0.085417
0 0.941797 0.511458 0.066406 0.083333
0 0.325000 0.535417 0.062500 0.064583
0 0.518359 0.522396 0.071094 0.084375
0 0.208984 0.523958 0.063281 0.087500
0 0.029687 0.533854 0.059375 0.086458
0 0.580469 0.544271 0.065625 0.098958
0 0.098828 0.555208 0.074219 0.087500
0 0.835547 0.558333 0.071094 0.087500
0 0.342969 0.570312 0.064062 0.086458
0 0.642188 0.573958 0.059375 0.093750
0 0.183594 0.575000 0.067187 0.087500
0 0.254688 0.578125 0.075000 0.100000
0 0.367578 0.620313 0.069531 0.080208
0 0.600391 0.637500 0.072656 0.091667
0 0.029687 0.673438 0.059375 0.082292
0 0.247266 0.686458 0.067969 0.091667
0 0.890234 0.711458 0.071094 0.093750
0 0.562109 0.752604 0.069531 0.094792
0 0.807031 0.758333 0.067187 0.087500
0 0.664062 0.759375 0.062500 0.097917
0 0.860156 0.766146 0.071875 0.096875
0 0.357812 0.772917 0.073438 0.097917
0 0.922656 0.784896 0.073438 0.078125
0 0.727344 0.789062 0.067187 0.086458
0 0.185547 0.809375 0.071094 0.091667
0 0.232422 0.838542 0.069531 0.108333
0 0.386719 0.844271 0.085938 0.086458
0 0.557813 0.853125 0.068750 0.097917
0 0.084375 0.883854 0.071875 0.090625
0 0.504687 0.923438 0.064062 0.094792
0 0.439063 0.929688 0.073438 0.090625
0 0.646094 0.931771 0.071875 0.088542
0 0.308984 0.928646 0.061719 0.094792
0 0.703906 0.946875 0.068750 0.100000
3 0.436719 0.544792 0.075000 0.100000
