0 0.359766 0.257812 0.052344 0.067708
0 0.907422 0.716667 0.052344 0.089583
0 0.958984 0.857812 0.061719 0.061458
0 0.223438 0.579688 0.057813 0.065625
0 0.954297 0.284375 0.052344 0.054167
0 0.153125 0.032813 0.054688 0.065625
0 0.772656 0.031771 0.062500 0.063542
0 0.887500 0.035417 0.071875 0.070833
0 0.605469 0.044271 0.070312 0.088542
0 0.944141 0.046875 0.091406 0.093750
0 0.822656 0.050000 0.060937 0.070833
0 0.277734 0.050521 0.060156 0.073958
0 0.049609 0.061458 0.058594 0.072917
0 0.767969 0.070312 0.056250 0.065625
0 0.193750 0.067708 0.062500 0.077083
0 0.655078 0.085417 0.055469 0.079167
0 0.112109 0.073958 0.074219 0.100000
0 0.327344 0.096354 0.057813 0.073958
0 0.880078 0.102083 0.050781 0.085417
0 0.416406 0.106250 0.060937 0.077083
0 0.828125 0.110417 0.050000 0.081250
0 0.148828 0.127604 0.063281 0.082292
0 0.310937 0.127604 0.056250 0.076042
0 0.519531 0.102604 0.068750 0.073958
0 0.197656 0.123958 0.057813 0.095833
0 0.619141 0.141667 0.066406 0.066667
0 0.772656 0.160938 0.057813 0.073958
0 0.382031 0.165104 0.060937 0.078125
0 0.828516 0.174479 0.063281 0.080208
0 0.887891 0.183854 0.061719 0.078125
0 0.428516 0.191667 0.060156 0.081250
0 0.571094 0.190104 0.056250 0.080208
0 0.335938 0.191667 0.054688 0.068750
0 0.156641 0.194271 0.058594 0.073958
0 0.248828 0.195833 0.057031 0.068750
0 0.647656 0.199479 0.059375 0.071875
0 0.053516 0.199479 0.060156 0.080208
0 0.956641 0.203646 0.060156 0.076042
0 0.482812 0.209896 0.059375 0.078125
0 0.735156 0.209896 0.057813 0.076042
0 0.301563 0.220312 0.056250 0.082292
0 0.535937 0.234375 0.057813 0.070833
0 0.656641 0.247396 0.047656 0.069792
0 0.152734 0.252083 0.066406 0.072917
0 0.694531 0.251563 0.053125 0.082292
0 0.437500 0.255208 0.062500 0.077083
0 0.033203 0.273438 0.066406 0.084375
0 0.258984 0.290625 0.069531 0.075000
0 0.576953 0.297917 0.049219 0.081250
0 0.120313 0.311458 0.059375 0.110417
0 0.435156 0.314063 0.053125 0.073958
0 0.223828 0.311458 0.055469 0.072917
0 0.701172 0.316146 0.055469 0.080208
0 0.469141 0.324479 0.055469 0.082292
0 0.645703 0.326562 0.061719 0.078125
0 0.768359 0.332813 0.060156 0.086458
0 0.907031 0.332292 0.056250 0.075000
0 0.345313 0.330208 0.056250 0.068750
0 0.604297 0.356771 0.052344 0.069792
0 0.538281 0.365104 0.067187 0.090625
0 0.342187 0.379167 0.057813 0.062500
0 0.071484 0.380208 0.060156 0.081250
0 0.268359 0.384896 0.058594 0.078125
0 0.941797 0.393750 0.064844 0.083333
0 0.881250 0.400521 0.065625 0.078125
0 0.031250 0.426563 0.062500 0.123958
0 0.130469 0.405729 0.053125 0.073958
0 0.771484 0.402604 0.058594 0.084375
0 0.690625 0.420833 0.051562 0.075000
0 0.818750 0.419271 0.060937 0.076042
0 0.374219 0.432812 0.054688 0.071875
0 0.527734 0.464583 0.058594 0.072917
0 0.652344 0.471354 0.060937 0.076042
0 0.766016 0.472396 0.052344 0.069792
0 0.962500 0.471875 0.053125 0.068750
0 0.119531 0.474479 0.050000 0.084375
0 0.051172 0.483854 0.055469 0.078125
0 0.836328 0.481250 0.049219 0.081250
0 0.175391 0.494792 0.061719 0.081250
0 0.884766 0.501563 0.060156 0.086458
0 0.710156 0.503646 0.054688 0.076042
0 0.310547 0.511979 0.057031 0.076042
0 0.357031 0.512500 0.060937 0.079167
0 0.607422 0.514583 0.055469 0.072917
0 0.955078 0.527604 0.058594 0.076042
0 0.501563 0.528125 0.059375 0.064583
0 0.144531 0.555208 0.068750 0.091667
0 0.042188 0.547917 0.057813 0.081250
0 0.706250 0.566667 0.054688 0.081250
0 0.025000 0.569271 0.050000 0.076042
0 0.089453 0.573438 0.064844 0.082292
0 0.884375 0.575521 0.057813 0.078125
0 0.535156 0.582812 0.060937 0.078125
0 0.591406 0.590104 0.051562 0.076042
0 0.775781 0.593229 0.054688 0.084375
0 0.403125 0.591667 0.082812 0.104167
0 0.212109 0.615104 0.063281 0.063542
0 0.566797 0.608854 0.049219 0.076042
0 0.496875 0.616667 0.060937 0.083333
0 0.690234 0.631250 0.060156 0.081250
0 0.645312 0.641146 0.054688 0.069792
0 0.772266 0.657292 0.047656 0.075000
0 0.228516 0.663021 0.057031 0.076042
0 0.807813 0.661979 0.048438 0.076042
0 0.388672 0.665625 0.057031 0.079167
0 0.596094 0.667708 0.057813 0.077083
0 0.285156 0.673438 0.060937 0.078125
0 0.345703 0.672396 0.053906 0.069792
0 0.533594 0.679688 0.057813 0.080208
0 0.126562 0.679167 0.053125 0.070833
0 0.966797 0.725521 0.074219 0.128125
0 0.725391 0.713021 0.057031 0.076042
0 0.166016 0.718750 0.052344 0.070833
0 0.656641 0.728125 0.058594 0.081250
0 0.103906 0.733333 0.053125 0.070833
0 0.381641 0.740625 0.053906 0.075000
0 0.552344 0.743229 0.056250 0.080208
0 0.488281 0.742188 0.060937 0.080208
0 0.684375 0.755729 0.056250 0.073958
0 0.315234 0.761458 0.060156 0.072917
0 0.204687 0.769271 0.067187 0.111458
0 0.363672 0.793750 0.060156 0.081250
0 0.253125 0.794792 0.068750 0.108333
0 0.737500 0.804688 0.056250 0.078125
0 0.414453 0.804688 0.049219 0.073958
0 0.559375 0.808854 0.059375 0.082292
0 0.116797 0.813542 0.060156 0.077083
0 0.321875 0.836458 0.054688 0.072917
0 0.695312 0.841667 0.057813 0.066667
0 0.381250 0.855729 0.053125 0.065625
0 0.505078 0.860938 0.057031 0.084375
0 0.167969 0.875000 0.057813 0.072917
0 0.060156 0.881250 0.056250 0.070833
0 0.849609 0.884375 0.057031 0.081250
0 0.453125 0.889062 0.057813 0.071875
0 0.703906 0.893750 0.060937 0.070833
0 0.211328 0.896354 0.057031 0.067708
0 0.613672 0.906771 0.057031 0.071875
0 0.337891 0.915625 0.053906 0.075000
0 0.503906 0.926042 0.050000 0.077083
0 0.659766 0.931250 0.060156 0.077083
0 0.095703 0.938542 0.063281 0.075000
0 0.423047 0.947917 0.055469 0.075000
0 0.577344 0.949479 0.057813 0.071875
0 0.729297 0.963542 0.057031 0.083333
0 0.205469 0.961979 0.092188 0.086458
0 0.285547 0.967187 0.092969 0.076042
0 0.041406 0.970833 0.082812 0.068750
2 0.260156 0.877083 0.062500 0.068750
1 0.050391 0.626042 0.058594 0.072917
1 0.776172 0.782292 0.057031 0.083333
3 0.641016 0.405729 0.063281 0.078125
