0 0.631641 0.039583 0.069531 0.079167
0 0.291406 0.037500 0.056250 0.075000
0 0.199219 0.038021 0.059375 0.076042
0 0.703906 0.042708 0.070312 0.085417
0 0.071875 0.045312 0.071875 0.090625
0 0.458984 0.076563 0.064844 0.080208
0 0.560937 0.089063 0.060937 0.082292
0 0.350781 0.088542 0.062500 0.083333
0 0.128516 0.095312 0.064844 0.088542
0 0.797266 0.097917 0.061719 0.083333
0 0.263672 0.101562 0.061719 0.078125
0 0.858203 0.096875 0.063281 0.091667
0 0.738281 0.103125 0.060937 0.079167
0 0.416406 0.117188 0.070312 0.088542
0 0.082031 0.124479 0.057813 0.090625
0 0.035156 0.160938 0.064062 0.090625
0 0.278125 0.169792 0.065625 0.081250
0 0.813281 0.163021 0.064062 0.078125
0 0.904687 0.166146 0.056250 0.073958
0 0.189844 0.166667 0.057813 0.077083
0 0.639453 0.179688 0.058594 0.078125
0 0.749219 0.180208 0.065625 0.085417
0 0.397266 0.183333 0.071094 0.093750
0 0.082422 0.207813 0.069531 0.078125
0 0.927734 0.230208 0.057031 0.077083
0 0.672266 0.229167 0.063281 0.083333
0 0.434375 0.242708 0.057813 0.079167
0 0.713281 0.257812 0.062500 0.094792
0 0.492969 0.252083 0.059375 0.081250
0 0.194141 0.258854 0.063281 0.088542
0 0.111719 0.265104 0.064062 0.084375
0 0.381641 0.273438 0.067969 0.086458
0 0.050000 0.281771 0.064062 0.082292
0 0.296484 0.302604 0.064844 0.084375
0 0.551172 0.305729 0.064844 0.088542
0 0.917578 0.313021 0.060156 0.086458
0 0.724219 0.323958 0.053125 0.068750
0 0.501953 0.334896 0.060156 0.084375
0 0.245312 0.339062 0.062500 0.088542
0 0.191406 0.345313 0.056250 0.082292
0 0.072266 0.346354 0.064844 0.078125
0 0.766406 0.356771 0.062500 0.082292
0 0.883984 0.386979 0.067969 0.084375
0 0.233203 0.408854 0.053906 0.069792
0 0.807422 0.410417 0.066406 0.083333
0 0.513672 0.412500 0.064844 0.085417
0 0.567969 0.420833 0.054688 0.083333
0 0.697266 0.423438 0.066406 0.086458
0 0.319922 0.450521 0.061719 0.082292
0 0.152344 0.461458 0.056250 0.077083
0 0.609375 0.453125 0.057813 0.093750
0 0.894141 0.460938 0.058594 0.078125
0 0.236719 0.473958 0.068750 0.070833
0 0.837500 0.480208 0.065625 0.091667
0 0.417578 0.492188 0.067969 0.088542
0 0.732031 0.495312 0.060937 0.080208
0 0.939844 0.508854 0.062500 0.088542
0 0.359766 0.500000 0.052344 0.083333
0 0.539062 0.511458 0.070312 0.095833
0 0.056250 0.525521 0.062500 0.080208
0 0.182812 0.524479 0.062500 0.086458
0 0.879687 0.537500 0.059375 0.079167
0 0.251563 0.539062 0.057813 0.076042
0 0.307422 0.546354 0.061719 0.080208
0 0.393750 0.558854 0.064062 0.071875
0 0.125000 0.562500 0.065625 0.087500
0 0.694141 0.570833 0.067969 0.097917
0 0.970313 0.567187 0.057813 0.071875
0 0.608594 0.569792 0.056250 0.077083
0 0.552344 0.569271 0.073438 0.096875
0 0.788672 0.589583 0.053906 0.081250
0 0.738672 0.591146 0.050781 0.088542
0 0.227344 0.609375 0.068750 0.079167
0 0.639844 0.616667 0.062500 0.100000
0 0.894531 0.628646 0.062500 0.094792
0 0.387500 0.630729 0.059375 0.078125
0 0.834766 0.627083 0.060156 0.087500
0 0.521094 0.636458 0.059375 0.079167
0 0.085156 0.657292 0.062500 0.083333
0 0.202344 0.663542 0.053125 0.070833
0 0.330469 0.670312 0.068750 0.094792
0 0.942969 0.686979 0.068750 0.088542
0 0.489063 0.698958 0.059375 0.079167
0 0.235156 0.714063 0.065625 0.086458
0 0.838281 0.716667 0.064062 0.087500
0 0.641406 0.720313 0.065625 0.101042
0 0.396484 0.723437 0.055469 0.082292
0 0.032031 0.728125 0.060937 0.079167
0 0.443359 0.723437 0.053906 0.067708
0 0.537109 0.748437 0.060156 0.113542
0 0.334375 0.742188 0.067187 0.078125
0 0.588281 0.754687 0.053125 0.082292
0 0.905469 0.756771 0.064062 0.084375
0 0.133984 0.763542 0.061719 0.075000
0 0.261719 0.767708 0.078125 0.083333
0 0.485547 0.779167 0.057031 0.085417
0 0.855859 0.790104 0.053906 0.078125
0 0.677344 0.791667 0.064062 0.087500
0 0.056250 0.813542 0.067187 0.089583
0 0.328906 0.815104 0.053125 0.071875
0 0.620313 0.825000 0.062500 0.087500
0 0.187500 0.827083 0.068750 0.087500
0 0.723437 0.835938 0.060937 0.078125
0 0.278516 0.835417 0.057031 0.077083
0 0.944922 0.838021 0.063281 0.086458
0 0.115234 0.845833 0.071094 0.095833
0 0.817187 0.847917 0.065625 0.079167
0 0.409375 0.884896 0.060937 0.082292
0 0.064062 0.888542 0.059375 0.072917
0 0.162500 0.892708 0.060937 0.072917
0 0.744141 0.899479 0.066406 0.088542
0 0.217188 0.909375 0.062500 0.089583
0 0.489844 0.909896 0.065625 0.080208
0 0.957422 0.915104 0.061719 0.078125
0 0.592187 0.921875 0.064062 0.089583
0 0.836328 0.919792 0.069531 0.085417
0 0.377734 0.937500 0.077344 0.081250
0 0.126953 0.940625 0.060156 0.081250
0 0.069922 0.963542 0.064844 0.083333
2 0.443750 0.602604 0.076563 0.094792
1 0.653906 0.412500 0.057813 0.077083
