0 0.195703 0.724479 0.060156 0.080208
0 0.156250 0.763021 0.059375 0.086458
0 0.222266 0.791146 0.053906 0.076042
0 0.147266 0.842708 0.057031 0.091667
0 0.183203 0.899479 0.055469 0.076042
0 0.189844 0.836458 0.056250 0.079167
0 0.117969 0.826042 0.053125 0.085417
0 0.280078 0.884896 0.049219 0.071875
0 0.275781 0.819792 0.053125 0.083333
0 0.271875 0.771354 0.051562 0.073958
0 0.234375 0.926562 0.060937 0.084375
0 0.277734 0.951042 0.049219 0.072917
0 0.620313 0.851042 0.054688 0.085417
0 0.694141 0.875000 0.050781 0.072917
0 0.716406 0.779687 0.064062 0.090625
0 0.549219 0.235417 0.050000 0.077083
0 0.407813 0.343229 0.060937 0.080208
0 0.369141 0.304688 0.052344 0.059375
0 0.462500 0.354167 0.060937 0.070833
0 0.486719 0.420312 0.048438 0.065625
0 0.509375 0.379167 0.051562 0.066667
0 0.538281 0.439063 0.059375 0.071875
0 0.554688 0.399479 0.051562 0.063542
0 0.748047 0.335938 0.058594 0.061458
0 0.714844 0.342187 0.056250 0.067708
0 0.885547 0.057813 0.060156 0.076042
0 0.826172 0.070312 0.053906 0.071875
0 0.855078 0.105729 0.055469 0.063542
0 0.537891 0.035417 0.052344 0.060417
0 0.486719 0.619271 0.059375 0.090625
0 0.272656 0.287500 0.062500 0.075000
0 0.879687 0.290625 0.056250 0.064583
0 0.077734 0.833333 0.058594 0.062500
0 0.081250 0.879687 0.053125 0.059375
0 0.030469 0.789062 0.053125 0.065625
0 0.664844 0.033854 0.056250 0.063542
0 0.739453 0.035937 0.055469 0.065625
0 0.416406 0.039062 0.062500 0.078125
0 0.126953 0.058333 0.063281 0.093750
0 0.310937 0.066667 0.065625 0.085417
0 0.616016 0.071354 0.055469 0.082292
0 0.949609 0.061458 0.075781 0.122917
0 0.427734 0.089583 0.066406 0.079167
0 0.375391 0.096875 0.061719 0.083333
0 0.174609 0.111979 0.063281 0.084375
0 0.275000 0.121354 0.059375 0.082292
0 0.734766 0.125000 0.064844 0.079167
0 0.112891 0.130208 0.061719 0.083333
0 0.637891 0.138542 0.060156 0.085417
0 0.331250 0.142708 0.064062 0.083333
0 0.511719 0.158333 0.062500 0.085417
0 0.833984 0.169792 0.063281 0.085417
0 0.068359 0.175521 0.067969 0.086458
0 0.948047 0.187500 0.061719 0.087500
0 0.715234 0.196354 0.050781 0.082292
0 0.285547 0.197917 0.061719 0.083333
0 0.786719 0.204167 0.065625 0.075000
0 0.586328 0.224479 0.057031 0.084375
0 0.111719 0.224479 0.065625 0.090625
0 0.198828 0.229167 0.060156 0.085417
0 0.669531 0.235937 0.065625 0.080208
0 0.373828 0.243750 0.060156 0.062500
0 0.976953 0.254688 0.053906 0.080208
0 0.937500 0.256771 0.050000 0.084375
0 0.075781 0.267188 0.067187 0.092708
0 0.727344 0.265625 0.062500 0.087500
0 0.624609 0.277083 0.057031 0.083333
0 0.312500 0.289583 0.056250 0.081250
0 0.126562 0.305729 0.062500 0.088542
0 0.794141 0.325521 0.058594 0.080208
0 0.579297 0.328125 0.058594 0.075000
0 0.523438 0.335938 0.059375 0.092708
0 0.845703 0.341146 0.067969 0.076042
0 0.944141 0.341667 0.063281 0.070833
0 0.320312 0.354687 0.068750 0.082292
0 0.618750 0.379688 0.057813 0.084375
0 0.296875 0.397917 0.071875 0.091667
0 0.240234 0.398958 0.064844 0.083333
0 0.067578 0.430729 0.060156 0.082292
0 0.894141 0.428125 0.060156 0.072917
0 0.356250 0.436979 0.076563 0.086458
0 0.641797 0.444271 0.057031 0.082292
0 0.223828 0.464583 0.063281 0.085417
0 0.418750 0.466667 0.068750 0.083333
0 0.910156 0.471354 0.062500 0.080208
0 0.580078 0.488021 0.066406 0.084375
0 0.084375 0.497396 0.068750 0.086458
0 0.675781 0.499479 0.062500 0.092708
0 0.926172 0.528125 0.082031 0.108333
0 0.184766 0.522396 0.064844 0.088542
0 0.979688 0.496354 0.048438 0.123958
0 0.867188 0.527604 0.060937 0.088542
0 0.397656 0.530729 0.064062 0.086458
0 0.146094 0.552604 0.065625 0.084375
0 0.548828 0.551562 0.063281 0.088542
0 0.817578 0.553125 0.061719 0.079167
0 0.326562 0.550000 0.062500 0.072917
0 0.744141 0.581771 0.067969 0.086458
0 0.680469 0.591667 0.064062 0.087500
0 0.373828 0.600521 0.069531 0.094792
0 0.320703 0.607292 0.060156 0.075000
0 0.430078 0.604688 0.066406 0.080208
0 0.905078 0.605208 0.057031 0.079167
0 0.273438 0.615104 0.059375 0.088542
0 0.818750 0.621875 0.062500 0.089583
0 0.108984 0.621875 0.069531 0.093750
0 0.769531 0.627604 0.059375 0.073958
0 0.960938 0.636458 0.085938 0.089583
0 0.066016 0.650000 0.082031 0.085417
0 0.162500 0.650521 0.060937 0.084375
0 0.576172 0.650521 0.061719 0.082292
0 0.525000 0.676042 0.065625 0.085417
0 0.405469 0.681771 0.070312 0.084375
0 0.764062 0.693750 0.084375 0.089583
0 0.463281 0.691146 0.070312 0.080208
0 0.082031 0.704167 0.064062 0.077083
0 0.703906 0.692187 0.060937 0.063542
0 0.914453 0.705208 0.057031 0.081250
0 0.256250 0.708854 0.054688 0.071875
0 0.324219 0.732812 0.065625 0.090625
0 0.548828 0.749479 0.069531 0.092708
0 0.390625 0.763542 0.059375 0.085417
0 0.082422 0.768750 0.063281 0.083333
0 0.970703 0.809896 0.066406 0.092708
0 0.435937 0.804688 0.065625 0.088542
0 0.803125 0.822396 0.065625 0.088542
0 0.345703 0.836458 0.063281 0.079167
0 0.878516 0.839583 0.060156 0.072917
0 0.521484 0.845833 0.067969 0.085417
0 0.766797 0.864062 0.071094 0.103125
0 0.455469 0.872917 0.065625 0.085417
0 0.534766 0.898438 0.063281 0.078125
0 0.404297 0.898958 0.064844 0.081250
0 0.787109 0.917188 0.060156 0.076042
0 0.587500 0.922917 0.050000 0.085417
0 0.645703 0.913021 0.049219 0.063542
0 0.639844 0.962500 0.060937 0.085417
0 0.836328 0.954167 0.083594 0.102083
0 0.356250 0.952604 0.065625 0.082292
0 0.732812 0.958854 0.093750 0.092708
2 0.169531 0.374479 0.062500 0.092708
2 0.660156 0.777083 0.054688 0.085417
2 0.746094 0.409896 0.082812 0.096875
