0 0.462891 0.560417 0.053906 0.081250
0 0.160938 0.178646 0.076563 0.098958
0 0.268359 0.306250 0.071094 0.089583
0 0.035547 0.530729 0.066406 0.098958
0 0.284375 0.428646 0.073438 0.073958
0 0.485547 0.402604 0.080469 0.076042
0 0.372656 0.042188 0.060937 0.084375
0 0.779687 0.042188 0.065625 0.084375
0 0.904297 0.045833 0.066406 0.091667
0 0.223438 0.043229 0.082812 0.082292
0 0.478516 0.052083 0.063281 0.085417
0 0.674609 0.053646 0.069531 0.088542
0 0.856250 0.076042 0.059375 0.079167
0 0.559375 0.081250 0.065625 0.077083
0 0.414062 0.088542 0.064062 0.083333
0 0.956250 0.090625 0.068750 0.079167
0 0.358594 0.108854 0.053125 0.073958
0 0.512891 0.109896 0.060156 0.082292
0 0.300391 0.113542 0.063281 0.081250
0 0.201953 0.114583 0.069531 0.083333
0 0.759766 0.131771 0.064844 0.088542
0 0.464453 0.150000 0.060156 0.081250
0 0.248047 0.182812 0.061719 0.076042
0 0.509375 0.193229 0.062500 0.082292
0 0.890234 0.194271 0.060156 0.076042
0 0.815625 0.198958 0.065625 0.085417
0 0.345703 0.204687 0.061719 0.086458
0 0.423047 0.203125 0.066406 0.087500
0 0.101562 0.210938 0.068750 0.098958
0 0.286328 0.226042 0.069531 0.087500
0 0.059766 0.263542 0.063281 0.089583
0 0.974609 0.260937 0.058594 0.076042
0 0.383594 0.269792 0.070312 0.095833
0 0.783594 0.269792 0.065625 0.091667
0 0.145703 0.274479 0.066406 0.078125
0 0.895312 0.273958 0.068750 0.085417
0 0.832031 0.304167 0.071875 0.091667
0 0.506250 0.321875 0.064062 0.087500
0 0.033203 0.325000 0.063281 0.087500
0 0.179688 0.328125 0.064062 0.079167
0 0.102344 0.337500 0.067187 0.085417
0 0.908594 0.355208 0.062500 0.087500
0 0.718359 0.358333 0.061719 0.091667
0 0.329688 0.361979 0.059375 0.080208
0 0.236719 0.371354 0.064062 0.082292
0 0.664062 0.373958 0.062500 0.079167
0 0.410938 0.373958 0.079687 0.100000
0 0.135937 0.381771 0.073438 0.076042
0 0.593359 0.383333 0.075781 0.093750
0 0.823828 0.390625 0.071094 0.087500
0 0.375000 0.426042 0.067187 0.083333
0 0.051562 0.425000 0.062500 0.083333
0 0.875781 0.432812 0.070312 0.090625
0 0.723828 0.434375 0.066406 0.077083
0 0.133203 0.448958 0.069531 0.068750
0 0.512500 0.455208 0.065625 0.075000
0 0.194141 0.469792 0.061719 0.085417
0 0.436328 0.476562 0.061719 0.080208
0 0.912500 0.485417 0.065625 0.081250
0 0.649609 0.486458 0.060156 0.085417
0 0.583594 0.492188 0.073438 0.096875
0 0.267969 0.495312 0.081250 0.080208
0 0.345703 0.497917 0.066406 0.091667
0 0.703516 0.496354 0.060156 0.076042
0 0.758984 0.506250 0.060156 0.083333
0 0.969141 0.500521 0.058594 0.080208
0 0.132031 0.522917 0.067187 0.083333
0 0.808594 0.544271 0.071875 0.092708
0 0.398047 0.558854 0.069531 0.092708
0 0.089453 0.559375 0.067969 0.083333
0 0.908594 0.567187 0.060937 0.084375
0 0.267578 0.571875 0.067969 0.079167
0 0.704297 0.571354 0.082031 0.086458
0 0.596094 0.575000 0.059375 0.077083
0 0.166406 0.582292 0.067187 0.083333
0 0.964063 0.596875 0.062500 0.083333
0 0.361719 0.611979 0.064062 0.090625
0 0.546875 0.611458 0.059375 0.077083
0 0.786719 0.612500 0.070312 0.081250
0 0.662891 0.625000 0.064844 0.091667
0 0.298828 0.630729 0.066406 0.084375
0 0.060156 0.625521 0.067187 0.094792
0 0.421484 0.643750 0.066406 0.087500
0 0.872266 0.650000 0.064844 0.083333
0 0.721484 0.653646 0.063281 0.082292
0 0.181641 0.654687 0.067969 0.078125
0 0.248438 0.662500 0.068750 0.085417
0 0.614844 0.665625 0.060937 0.075000
0 0.472266 0.690104 0.063281 0.088542
0 0.764453 0.697396 0.064844 0.080208
0 0.534375 0.704688 0.067187 0.084375
0 0.832422 0.709375 0.061719 0.081250
0 0.941406 0.720833 0.060937 0.095833
0 0.076172 0.721354 0.057031 0.080208
0 0.351953 0.722917 0.064844 0.089583
0 0.266016 0.731250 0.060156 0.072917
0 0.029297 0.732812 0.058594 0.080208
0 0.411328 0.732812 0.057031 0.084375
0 0.169531 0.739062 0.071875 0.082292
0 0.689844 0.743750 0.064062 0.081250
0 0.612109 0.744792 0.063281 0.083333
0 0.894531 0.759375 0.068750 0.095833
0 0.789062 0.765625 0.067187 0.083333
0 0.512500 0.776563 0.060937 0.080208
0 0.847266 0.803646 0.075781 0.080208
0 0.191016 0.805208 0.057031 0.072917
0 0.943750 0.807292 0.059375 0.079167
0 0.246484 0.816667 0.066406 0.085417
0 0.449609 0.819792 0.057031 0.075000
0 0.701953 0.827604 0.057031 0.094792
0 0.391406 0.825521 0.060937 0.084375
0 0.650781 0.834896 0.060937 0.088542
0 0.757031 0.839583 0.057813 0.085417
0 0.588672 0.846875 0.066406 0.085417
0 0.107422 0.853125 0.064844 0.072917
0 0.287109 0.858333 0.074219 0.087500
0 0.812891 0.862500 0.066406 0.079167
0 0.878125 0.866667 0.064062 0.083333
0 0.202734 0.885938 0.067969 0.088542
0 0.533984 0.884375 0.063281 0.087500
0 0.479297 0.913542 0.063281 0.081250
0 0.261328 0.919271 0.060156 0.073958
0 0.390234 0.920312 0.064844 0.088542
0 0.109375 0.928646 0.060937 0.084375
0 0.735156 0.930208 0.064062 0.083333
0 0.829297 0.929688 0.064844 0.082292
0 0.899609 0.936458 0.071094 0.077083
0 0.056250 0.947396 0.053125 0.076042
0 0.323437 0.946354 0.073438 0.078125
0 0.639062 0.953646 0.060937 0.084375
0 0.533594 0.965625 0.060937 0.079167
2 0.563281 0.301042 0.076563 0.093750
1 0.522266 0.532292 0.063281 0.070833
