0 0.059375 0.281250 0.059375 0.102083
0 0.096484 0.185417 0.060156 0.095833
0 0.200781 0.834896 0.056250 0.088542
0 0.488672 0.702083 0.066406 0.089583
0 0.564453 0.741667 0.069531 0.081250
0 0.559375 0.665625 0.067187 0.077083
0 0.180078 0.546875 0.063281 0.085417
0 0.233594 0.576042 0.059375 0.075000
0 0.219141 0.092708 0.055469 0.089583
0 0.367969 0.251042 0.060937 0.093750
0 0.559375 0.269271 0.059375 0.082292
0 0.838281 0.039583 0.067187 0.079167
0 0.036328 0.041146 0.072656 0.082292
0 0.644141 0.046875 0.071094 0.093750
0 0.260156 0.046875 0.068750 0.093750
0 0.787500 0.049479 0.059375 0.086458
0 0.420703 0.059896 0.072656 0.086458
0 0.568750 0.068750 0.064062 0.100000
0 0.357812 0.073958 0.056250 0.083333
0 0.887500 0.082292 0.057813 0.091667
0 0.157812 0.098958 0.062500 0.070833
0 0.832812 0.105208 0.067187 0.081250
0 0.032813 0.105208 0.065625 0.085417
0 0.668750 0.106250 0.070312 0.085417
0 0.285156 0.103646 0.064062 0.090625
0 0.493359 0.121875 0.058594 0.079167
0 0.444141 0.123958 0.063281 0.087500
0 0.151953 0.159896 0.063281 0.086458
0 0.334766 0.163542 0.053906 0.106250
0 0.856250 0.168750 0.062500 0.079167
0 0.623047 0.166667 0.060156 0.087500
0 0.906641 0.186979 0.055469 0.078125
0 0.457422 0.190625 0.074219 0.087500
0 0.523828 0.204167 0.063281 0.083333
0 0.962891 0.200000 0.064844 0.093750
0 0.872266 0.238542 0.061719 0.093750
0 0.934375 0.246875 0.068750 0.087500
0 0.433203 0.259896 0.058594 0.092708
0 0.615234 0.261458 0.060156 0.095833
0 0.476562 0.283333 0.056250 0.106250
0 0.969141 0.292187 0.069531 0.082292
0 0.416797 0.315104 0.071094 0.088542
0 0.688281 0.331250 0.057813 0.102083
0 0.619141 0.334896 0.057031 0.090625
0 0.483203 0.377604 0.058594 0.115625
0 0.282031 0.378646 0.059375 0.096875
0 0.434375 0.382292 0.065625 0.089583
0 0.035156 0.391667 0.067187 0.100000
0 0.658203 0.413542 0.055469 0.089583
0 0.322266 0.414062 0.055469 0.086458
0 0.076172 0.444271 0.064844 0.092708
0 0.604688 0.452083 0.068750 0.097917
0 0.409766 0.451562 0.063281 0.088542
0 0.169922 0.451562 0.060156 0.098958
0 0.465625 0.452604 0.057813 0.101042
0 0.223438 0.468750 0.062500 0.085417
0 0.275000 0.485938 0.057813 0.076042
0 0.026562 0.489063 0.053125 0.086458
0 0.366016 0.495833 0.066406 0.093750
0 0.523438 0.529687 0.057813 0.105208
0 0.573828 0.521354 0.055469 0.096875
0 0.061719 0.526563 0.065625 0.086458
0 0.629687 0.534375 0.067187 0.089583
0 0.326562 0.540625 0.078125 0.091667
0 0.477734 0.567708 0.064844 0.089583
0 0.109375 0.571875 0.071875 0.093750
0 0.044922 0.602083 0.069531 0.087500
0 0.580859 0.610938 0.066406 0.088542
0 0.195703 0.630208 0.067969 0.072917
0 0.433203 0.613542 0.058594 0.085417
0 0.639062 0.611458 0.075000 0.097917
0 0.262891 0.620833 0.063281 0.102083
0 0.096875 0.655208 0.057813 0.079167
0 0.032813 0.676042 0.065625 0.087500
0 0.669922 0.671875 0.066406 0.095833
0 0.951562 0.706250 0.071875 0.068750
0 0.297656 0.710417 0.071875 0.095833
0 0.064844 0.731771 0.065625 0.092708
0 0.351953 0.731771 0.061719 0.092708
0 0.446094 0.743750 0.065625 0.093750
0 0.248828 0.753125 0.069531 0.091667
0 0.939453 0.768750 0.069531 0.075000
0 0.391797 0.771875 0.052344 0.085417
0 0.874609 0.784896 0.067969 0.080208
0 0.332422 0.806250 0.066406 0.087500
0 0.098047 0.809896 0.064844 0.105208
0 0.154297 0.814583 0.061719 0.089583
0 0.792188 0.808854 0.062500 0.078125
0 0.581641 0.816146 0.063281 0.082292
0 0.735156 0.817187 0.053125 0.094792
0 0.424609 0.829167 0.066406 0.087500
0 0.483203 0.836979 0.057031 0.076042
0 0.364453 0.860417 0.067969 0.087500
0 0.058984 0.864583 0.064844 0.089583
0 0.622656 0.860938 0.054688 0.088542
0 0.678906 0.876042 0.076563 0.087500
0 0.304297 0.873958 0.066406 0.089583
0 0.741406 0.885938 0.067187 0.092708
0 0.145703 0.892188 0.067969 0.084375
0 0.431641 0.925521 0.053906 0.098958
0 0.188672 0.928646 0.058594 0.090625
0 0.370312 0.935937 0.078125 0.084375
0 0.082812 0.940104 0.064062 0.092708
0 0.480859 0.946875 0.057031 0.089583
0 0.296094 0.948438 0.060937 0.080208
0 0.693750 0.948958 0.068750 0.085417
0 0.535937 0.951562 0.059375 0.094792
0 0.135156 0.966146 0.067187 0.078125
2 0.327734 0.636979 0.066406 0.103125
1 0.619922 0.702083 0.077344 0.102083
