0 0.308984 0.464583 0.053906 0.095833
0 0.176953 0.466667 0.057031 0.100000
0 0.181250 0.548438 0.068750 0.078125
0 0.110156 0.472917 0.075000 0.102083
0 0.067578 0.633333 0.089844 0.093750
0 0.223438 0.611458 0.067187 0.066667
0 0.253125 0.563021 0.067187 0.073958
0 0.252344 0.497396 0.078125 0.084375
0 0.250391 0.754167 0.071094 0.068750
0 0.464062 0.935417 0.060937 0.089583
0 0.400000 0.830208 0.053125 0.075000
0 0.588281 0.783854 0.057813 0.092708
0 0.643359 0.792708 0.058594 0.093750
0 0.514062 0.668750 0.059375 0.104167
0 0.676562 0.913542 0.054688 0.104167
0 0.897656 0.872917 0.053125 0.075000
0 0.881250 0.792708 0.057813 0.075000
0 0.587500 0.599479 0.065625 0.080208
0 0.688281 0.605729 0.076563 0.071875
0 0.678516 0.524479 0.067969 0.092708
0 0.582812 0.491667 0.057813 0.075000
0 0.546875 0.559375 0.054688 0.072917
0 0.610156 0.381771 0.068750 0.082292
0 0.700781 0.326562 0.100000 0.069792
0 0.826953 0.292708 0.074219 0.058333
0 0.777344 0.341667 0.048438 0.108333
0 0.960547 0.282813 0.047656 0.090625
0 0.919141 0.285417 0.058594 0.091667
0 0.240625 0.808854 0.090625 0.065625
0 0.045703 0.511458 0.080469 0.081250
0 0.121094 0.552083 0.059375 0.093750
0 0.468359 0.420312 0.088281 0.086458
0 0.929297 0.389062 0.060156 0.113542
0 0.549219 0.406771 0.067187 0.090625
0 0.237500 0.429167 0.101562 0.077083
0 0.524609 0.447917 0.067969 0.106250
0 0.883203 0.458333 0.066406 0.097917
0 0.414453 0.464583 0.053906 0.095833
0 0.950781 0.473958 0.075000 0.087500
0 0.361719 0.468229 0.064062 0.101042
0 0.724609 0.495312 0.061719 0.107292
0 0.413281 0.543229 0.064062 0.082292
0 0.820703 0.566667 0.080469 0.089583
0 0.489844 0.573958 0.065625 0.108333
0 0.888672 0.591146 0.052344 0.094792
0 0.937109 0.567708 0.067969 0.133333
0 0.376563 0.602083 0.053125 0.079167
0 0.430078 0.614583 0.080469 0.093750
0 0.773828 0.600000 0.086719 0.085417
0 0.937891 0.650521 0.074219 0.101042
0 0.764062 0.671354 0.096875 0.090625
0 0.349219 0.657292 0.068750 0.097917
0 0.159375 0.680208 0.073438 0.093750
0 0.811328 0.682292 0.071094 0.100000
0 0.221875 0.688542 0.068750 0.091667
0 0.407031 0.686458 0.075000 0.091667
0 0.900391 0.697917 0.071094 0.091667
0 0.478516 0.708333 0.066406 0.085417
0 0.343750 0.740104 0.076563 0.109375
0 0.753125 0.733333 0.064062 0.066667
0 0.926172 0.753646 0.074219 0.119792
0 0.536328 0.764583 0.074219 0.093750
0 0.816016 0.765625 0.064844 0.091667
0 0.964453 0.769792 0.071094 0.104167
0 0.749219 0.791667 0.057813 0.083333
0 0.778906 0.791146 0.056250 0.084375
0 0.319922 0.822396 0.074219 0.111458
0 0.701953 0.823958 0.067969 0.081250
0 0.471875 0.848437 0.071875 0.094792
0 0.841406 0.844271 0.057813 0.107292
0 0.618750 0.868229 0.070312 0.086458
0 0.212109 0.863542 0.077344 0.081250
0 0.789062 0.861979 0.071875 0.090625
0 0.560156 0.878125 0.068750 0.108333
0 0.352734 0.888021 0.080469 0.107292
0 0.508984 0.893750 0.061719 0.102083
0 0.739844 0.893229 0.067187 0.096875
0 0.245703 0.920833 0.075781 0.091667
0 0.125000 0.941667 0.082812 0.081250
0 0.922656 0.951042 0.062500 0.079167
0 0.841797 0.962500 0.091406 0.085417
0 0.167187 0.963021 0.076563 0.084375
2 0.754687 0.463542 0.079687 0.093750
2 0.662109 0.676042 0.089844 0.095833
