0 0.149609 0.161458 0.064844 0.081250
0 0.279687 0.266667 0.060937 0.079167
0 0.126562 0.791146 0.067187 0.069792
0 0.233203 0.304688 0.060156 0.073958
0 0.049219 0.269792 0.070312 0.097917
0 0.476953 0.807813 0.072656 0.084375
0 0.660547 0.123958 0.060156 0.083333
0 0.635156 0.179167 0.067187 0.085417
0 0.647266 0.260417 0.060156 0.083333
0 0.352734 0.039062 0.066406 0.078125
0 0.432812 0.043229 0.060937 0.086458
0 0.229687 0.047917 0.062500 0.095833
0 0.944141 0.040104 0.066406 0.073958
0 0.856250 0.047396 0.090625 0.094792
0 0.625000 0.061458 0.087500 0.122917
0 0.332813 0.087500 0.062500 0.089583
0 0.841016 0.089583 0.078906 0.075000
0 0.184375 0.084375 0.057813 0.102083
0 0.934766 0.101562 0.053906 0.082292
0 0.511328 0.113021 0.063281 0.082292
0 0.710156 0.111458 0.056250 0.083333
0 0.087891 0.133333 0.050781 0.100000
0 0.237109 0.130208 0.066406 0.102083
0 0.563281 0.132812 0.071875 0.096875
0 0.037500 0.142187 0.068750 0.092708
0 0.820703 0.148958 0.064844 0.089583
0 0.295703 0.159375 0.072656 0.079167
0 0.357812 0.178125 0.056250 0.112500
0 0.762109 0.179688 0.063281 0.088542
0 0.411719 0.193750 0.062500 0.104167
0 0.485156 0.190104 0.100000 0.109375
0 0.850000 0.188021 0.071875 0.094792
0 0.326172 0.223438 0.049219 0.092708
0 0.820312 0.225521 0.065625 0.084375
0 0.545703 0.222917 0.072656 0.064583
0 0.881250 0.234375 0.070312 0.072917
0 0.939453 0.243750 0.055469 0.089583
0 0.708594 0.262500 0.071875 0.091667
0 0.428516 0.263542 0.061719 0.089583
0 0.105469 0.279167 0.070312 0.102083
0 0.537109 0.289583 0.078906 0.079167
0 0.866016 0.295312 0.071094 0.082292
0 0.911328 0.333854 0.060156 0.084375
0 0.610156 0.342708 0.068750 0.089583
0 0.364844 0.348438 0.057813 0.078125
0 0.312500 0.402604 0.068750 0.086458
0 0.119141 0.403646 0.067969 0.082292
0 0.840625 0.426042 0.059375 0.093750
0 0.594922 0.460938 0.055469 0.076042
0 0.051562 0.467708 0.082812 0.077083
0 0.470703 0.472396 0.064844 0.088542
0 0.281250 0.478125 0.070312 0.068750
0 0.344531 0.490625 0.068750 0.079167
0 0.539062 0.496354 0.076563 0.084375
0 0.941406 0.496875 0.060937 0.089583
0 0.092578 0.516667 0.066406 0.087500
0 0.710938 0.521354 0.059375 0.086458
0 0.183984 0.525000 0.064844 0.083333
0 0.429297 0.547917 0.053906 0.093750
0 0.472266 0.556250 0.057031 0.112500
0 0.898438 0.557813 0.062500 0.082292
0 0.332813 0.569792 0.073438 0.081250
0 0.520312 0.575521 0.071875 0.086458
0 0.842578 0.586458 0.064844 0.089583
0 0.080469 0.602604 0.067187 0.084375
0 0.646484 0.603646 0.057031 0.088542
0 0.203906 0.623958 0.062500 0.089583
0 0.156250 0.654687 0.059375 0.090625
0 0.542578 0.642708 0.067969 0.083333
0 0.298438 0.651563 0.073438 0.088542
0 0.460547 0.664062 0.061719 0.084375
0 0.819531 0.676562 0.059375 0.082292
0 0.103125 0.676042 0.046875 0.081250
0 0.644531 0.691146 0.064062 0.092708
0 0.237109 0.680729 0.066406 0.092708
0 0.721875 0.695833 0.062500 0.087500
0 0.542578 0.719792 0.067969 0.091667
0 0.844141 0.734375 0.069531 0.089583
0 0.274609 0.741146 0.067969 0.088542
0 0.330078 0.745833 0.053906 0.077083
0 0.223047 0.763021 0.072656 0.080208
0 0.736719 0.775000 0.070312 0.081250
0 0.390625 0.829688 0.065625 0.086458
0 0.215625 0.826562 0.076563 0.073958
0 0.328516 0.856771 0.069531 0.088542
0 0.163672 0.864583 0.061719 0.077083
0 0.058203 0.895312 0.057031 0.080208
0 0.796484 0.908854 0.063281 0.082292
0 0.244141 0.912500 0.063281 0.087500
0 0.914453 0.923958 0.061719 0.081250
0 0.967578 0.950000 0.058594 0.095833
0 0.198047 0.964583 0.060156 0.081250
0 0.361719 0.966667 0.064062 0.077083
1 0.701562 0.186458 0.062500 0.083333
3 0.617188 0.812500 0.076563 0.095833
1 0.493359 0.727083 0.067969 0.083333
