0 0.524219 0.391146 0.048438 0.073958
0 0.826953 0.055729 0.063281 0.067708
0 0.136328 0.914583 0.052344 0.047917
0 0.089063 0.910937 0.042188 0.061458
0 0.045703 0.960938 0.058594 0.065625
0 0.070312 0.771875 0.046875 0.081250
0 0.093750 0.696354 0.057813 0.078125
0 0.128125 0.754687 0.056250 0.067708
0 0.269531 0.909375 0.062500 0.087500
0 0.371875 0.776563 0.071875 0.084375
0 0.357812 0.715625 0.075000 0.056250
0 0.380469 0.061979 0.062500 0.078125
0 0.324219 0.040104 0.054688 0.063542
0 0.864453 0.546875 0.078906 0.083333
0 0.678906 0.042188 0.073438 0.084375
0 0.612891 0.043750 0.075781 0.087500
0 0.728125 0.072396 0.073438 0.094792
0 0.496875 0.089583 0.070312 0.095833
0 0.217578 0.093750 0.072656 0.100000
0 0.551953 0.115104 0.078906 0.090625
0 0.262109 0.128125 0.063281 0.079167
0 0.710938 0.145313 0.062500 0.090625
0 0.389062 0.141146 0.075000 0.115625
0 0.850000 0.151562 0.064062 0.105208
0 0.796484 0.157812 0.067969 0.098958
0 0.637500 0.171875 0.067187 0.089583
0 0.563672 0.176563 0.072656 0.088542
0 0.351953 0.178125 0.067969 0.097917
0 0.413281 0.189583 0.071875 0.097917
0 0.108203 0.197396 0.058594 0.103125
0 0.960547 0.209896 0.086719 0.109375
0 0.889453 0.205208 0.078906 0.114583
0 0.152344 0.208333 0.059375 0.089583
0 0.675000 0.219271 0.068750 0.096875
0 0.214062 0.254688 0.065625 0.086458
0 0.561328 0.267188 0.075781 0.090625
0 0.621484 0.268229 0.067969 0.103125
0 0.721875 0.260417 0.068750 0.100000
0 0.775781 0.275521 0.062500 0.107292
0 0.433594 0.280208 0.065625 0.087500
0 0.658203 0.310417 0.064844 0.097917
0 0.052344 0.318750 0.067187 0.085417
0 0.547656 0.332292 0.071875 0.085417
0 0.714063 0.332292 0.078125 0.095833
0 0.130859 0.344271 0.067969 0.096875
0 0.965625 0.354687 0.056250 0.090625
0 0.167578 0.381250 0.066406 0.100000
0 0.423438 0.391667 0.060937 0.081250
0 0.218750 0.411979 0.065625 0.092708
0 0.722266 0.421875 0.063281 0.114583
0 0.064062 0.444271 0.070312 0.090625
0 0.140625 0.450521 0.071875 0.092708
0 0.267578 0.460938 0.082031 0.086458
0 0.939063 0.465104 0.082812 0.121875
0 0.380469 0.487500 0.070312 0.091667
0 0.033594 0.481771 0.067187 0.094792
0 0.713281 0.504687 0.065625 0.090625
0 0.439453 0.529167 0.064844 0.077083
0 0.087500 0.546354 0.067187 0.086458
0 0.365234 0.561458 0.067969 0.089583
0 0.780078 0.570833 0.069531 0.091667
0 0.562891 0.571875 0.067969 0.087500
0 0.033594 0.591667 0.067187 0.089583
0 0.141016 0.585417 0.064844 0.104167
0 0.819141 0.601562 0.069531 0.073958
0 0.969141 0.610938 0.069531 0.098958
0 0.267188 0.631250 0.064062 0.085417
0 0.344141 0.645833 0.066406 0.093750
0 0.814453 0.653125 0.058594 0.068750
0 0.767578 0.654167 0.058594 0.091667
0 0.823047 0.678646 0.064844 0.084375
0 0.939063 0.668750 0.082812 0.104167
0 0.877734 0.672917 0.069531 0.106250
0 0.739453 0.700521 0.083594 0.094792
0 0.624609 0.719792 0.072656 0.100000
0 0.519531 0.723958 0.070312 0.091667
0 0.465625 0.731250 0.062500 0.079167
0 0.207031 0.732292 0.060937 0.085417
0 0.965625 0.717708 0.076563 0.129167
0 0.707422 0.746354 0.067969 0.088542
0 0.845313 0.752083 0.078125 0.095833
0 0.302734 0.767708 0.052344 0.093750
0 0.233594 0.793229 0.067187 0.092708
0 0.484766 0.798958 0.064844 0.091667
0 0.805469 0.797917 0.073438 0.091667
0 0.656641 0.804688 0.078906 0.080208
0 0.434766 0.806771 0.060156 0.088542
0 0.102734 0.829688 0.063281 0.088542
0 0.894531 0.842708 0.089063 0.083333
0 0.152344 0.851042 0.067187 0.083333
0 0.573828 0.856250 0.063281 0.093750
0 0.663672 0.865625 0.077344 0.089583
0 0.753516 0.859896 0.061719 0.082292
0 0.863281 0.866667 0.059375 0.085417
0 0.471484 0.892708 0.064844 0.106250
0 0.533203 0.891146 0.060156 0.094792
0 0.325000 0.907813 0.062500 0.109375
0 0.419922 0.901042 0.066406 0.118750
0 0.219922 0.902083 0.061719 0.100000
0 0.372266 0.916146 0.057031 0.103125
0 0.832422 0.922396 0.063281 0.082292
0 0.491797 0.953646 0.071094 0.094792
2 0.483203 0.600521 0.072656 0.092708
