0 0.932813 0.920312 0.070312 0.067708
0 0.092188 0.032813 0.075000 0.065625
0 0.753906 0.039062 0.064062 0.078125
0 0.511719 0.034375 0.054688 0.068750
0 0.814063 0.036979 0.065625 0.073958
0 0.692969 0.039583 0.059375 0.079167
0 0.952344 0.042708 0.062500 0.085417
0 0.437109 0.040104 0.063281 0.080208
0 0.371094 0.053646 0.068750 0.080208
0 0.076563 0.079167 0.064062 0.085417
0 0.307812 0.084896 0.060937 0.092708
0 0.491797 0.085417 0.061719 0.079167
0 0.569922 0.086458 0.057031 0.077083
0 0.188281 0.091146 0.060937 0.082292
0 0.804297 0.099479 0.064844 0.082292
0 0.901953 0.100000 0.058594 0.077083
0 0.967187 0.102604 0.056250 0.071875
0 0.256250 0.111458 0.064062 0.095833
0 0.354687 0.133854 0.068750 0.092708
0 0.663281 0.134375 0.068750 0.087500
0 0.119922 0.134896 0.067969 0.094792
0 0.518750 0.146875 0.060937 0.085417
0 0.851172 0.154688 0.066406 0.080208
0 0.741406 0.175521 0.059375 0.084375
0 0.399219 0.180208 0.064062 0.085417
0 0.569922 0.175521 0.067969 0.088542
0 0.319531 0.186458 0.071875 0.079167
0 0.462891 0.201563 0.066406 0.086458
0 0.161719 0.207813 0.064062 0.082292
0 0.239844 0.204167 0.064062 0.085417
0 0.031641 0.207813 0.063281 0.082292
0 0.810547 0.208333 0.069531 0.089583
0 0.664453 0.214062 0.061719 0.078125
0 0.608984 0.210417 0.050781 0.095833
0 0.071875 0.236979 0.059375 0.088542
0 0.418750 0.247396 0.060937 0.073958
0 0.882812 0.247917 0.064062 0.075000
0 0.712891 0.258854 0.063281 0.084375
0 0.561328 0.263021 0.069531 0.086458
0 0.125391 0.266667 0.061719 0.085417
0 0.657813 0.287500 0.062500 0.079167
0 0.814453 0.292187 0.061719 0.080208
0 0.230469 0.301042 0.057813 0.081250
0 0.353516 0.306771 0.057031 0.082292
0 0.174609 0.312500 0.058594 0.079167
0 0.417187 0.310937 0.084375 0.082292
0 0.876172 0.323958 0.069531 0.083333
0 0.526172 0.326042 0.055469 0.070833
0 0.058203 0.336979 0.053906 0.073958
0 0.278906 0.339062 0.062500 0.092708
0 0.958203 0.323437 0.091406 0.115625
0 0.711719 0.345313 0.065625 0.088542
0 0.395313 0.357292 0.073438 0.070833
0 0.585156 0.354687 0.057813 0.076042
0 0.115234 0.356250 0.061719 0.077083
0 0.771094 0.356250 0.060937 0.089583
0 0.230469 0.381250 0.065625 0.087500
0 0.331641 0.381771 0.061719 0.078125
0 0.670312 0.402604 0.064062 0.084375
0 0.540234 0.403125 0.060156 0.085417
0 0.965625 0.411979 0.068750 0.090625
0 0.810156 0.419792 0.065625 0.079167
0 0.119922 0.436979 0.060156 0.082292
0 0.462109 0.441146 0.061719 0.084375
0 0.906250 0.444792 0.057813 0.085417
0 0.627344 0.454167 0.062500 0.083333
0 0.310547 0.475000 0.063281 0.087500
0 0.733984 0.492188 0.064844 0.090625
0 0.072266 0.493229 0.064844 0.090625
0 0.859375 0.503646 0.067187 0.088542
0 0.451953 0.523438 0.061719 0.086458
0 0.936328 0.521354 0.053906 0.069792
0 0.162891 0.533333 0.060156 0.079167
0 0.775391 0.547396 0.057031 0.080208
0 0.032422 0.550000 0.057031 0.083333
0 0.506250 0.551562 0.057813 0.082292
0 0.341797 0.557813 0.063281 0.090625
0 0.406250 0.569792 0.068750 0.087500
0 0.091406 0.572396 0.064062 0.084375
0 0.237500 0.576562 0.056250 0.071875
0 0.588672 0.588542 0.055469 0.081250
0 0.700781 0.590625 0.064062 0.083333
0 0.805859 0.606771 0.058594 0.082292
0 0.542969 0.611979 0.056250 0.073958
0 0.906250 0.619792 0.057813 0.077083
0 0.964844 0.623958 0.062500 0.081250
0 0.428906 0.632812 0.075000 0.071875
0 0.301953 0.632292 0.066406 0.079167
0 0.853906 0.628125 0.054688 0.091667
0 0.131250 0.653646 0.059375 0.098958
0 0.746875 0.646875 0.070312 0.087500
0 0.680078 0.657292 0.066406 0.072917
0 0.207031 0.664583 0.054688 0.085417
0 0.081250 0.677083 0.056250 0.095833
0 0.567969 0.674479 0.067187 0.088542
0 0.799219 0.677083 0.059375 0.066667
0 0.896484 0.685417 0.067969 0.077083
0 0.260156 0.690625 0.065625 0.089583
0 0.494141 0.699479 0.060156 0.080208
0 0.037109 0.703125 0.064844 0.081250
0 0.435937 0.707292 0.059375 0.085417
0 0.165625 0.710938 0.064062 0.088542
0 0.373828 0.713542 0.067969 0.095833
0 0.963672 0.712500 0.061719 0.095833
0 0.754687 0.722396 0.057813 0.071875
0 0.678906 0.728646 0.067187 0.073958
0 0.620313 0.735417 0.057813 0.077083
0 0.124609 0.750521 0.052344 0.069792
0 0.293750 0.755208 0.062500 0.091667
0 0.882422 0.759375 0.067969 0.075000
0 0.232031 0.761458 0.062500 0.081250
0 0.042188 0.782292 0.064062 0.079167
0 0.819531 0.781771 0.060937 0.080208
0 0.334766 0.790104 0.058594 0.080208
0 0.676953 0.798958 0.060156 0.077083
0 0.503125 0.800000 0.059375 0.085417
0 0.160156 0.809375 0.062500 0.089583
0 0.439453 0.821354 0.067969 0.080208
0 0.622266 0.829167 0.064844 0.085417
0 0.882812 0.831771 0.059375 0.078125
0 0.098828 0.836979 0.064844 0.092708
0 0.374609 0.837500 0.061719 0.083333
0 0.951562 0.850521 0.060937 0.071875
0 0.211719 0.851042 0.059375 0.081250
0 0.712109 0.853646 0.064844 0.076042
0 0.833984 0.861979 0.063281 0.080208
0 0.568359 0.865104 0.060156 0.078125
0 0.144531 0.885938 0.064062 0.086458
0 0.264062 0.890104 0.060937 0.086458
0 0.036719 0.902604 0.065625 0.086458
0 0.626953 0.911979 0.066406 0.082292
0 0.698047 0.921354 0.066406 0.076042
0 0.856250 0.928646 0.060937 0.082292
0 0.358984 0.935417 0.057031 0.075000
0 0.294141 0.959375 0.063281 0.087500
0 0.547266 0.964063 0.064844 0.082292
0 0.060156 0.968229 0.060937 0.073958
0 0.216016 0.969271 0.063281 0.071875
2 0.397656 0.443750 0.076563 0.100000
