0 0.078516 0.582812 0.047656 0.067708
0 0.343750 0.902604 0.051562 0.080208
0 0.039062 0.740104 0.059375 0.080208
0 0.094141 0.684896 0.050781 0.073958
0 0.156250 0.668229 0.045312 0.065625
0 0.048047 0.641667 0.058594 0.083333
0 0.121484 0.565625 0.057031 0.079167
0 0.403125 0.735938 0.062500 0.071875
0 0.067578 0.222917 0.058594 0.066667
0 0.065625 0.813542 0.064062 0.068750
0 0.108594 0.182812 0.065625 0.078125
0 0.128516 0.115104 0.061719 0.069792
0 0.274609 0.152604 0.050781 0.071875
0 0.325000 0.158333 0.045312 0.062500
0 0.446484 0.141146 0.055469 0.069792
0 0.444141 0.231771 0.074219 0.078125
0 0.524609 0.260937 0.057031 0.071875
0 0.554297 0.530729 0.053906 0.057292
0 0.565234 0.472396 0.049219 0.073958
0 0.492969 0.441146 0.050000 0.061458
0 0.500000 0.505208 0.050000 0.060417
0 0.458594 0.520833 0.046875 0.062500
0 0.421094 0.428125 0.056250 0.070833
0 0.321484 0.382292 0.050781 0.077083
0 0.382812 0.300000 0.046875 0.066667
0 0.548438 0.367708 0.048438 0.072917
0 0.601172 0.341146 0.053906 0.078125
0 0.611719 0.194271 0.053125 0.078125
0 0.665234 0.205208 0.049219 0.066667
0 0.746875 0.251563 0.056250 0.082292
0 0.762891 0.170313 0.049219 0.078125
0 0.819531 0.160938 0.056250 0.078125
0 0.776563 0.089063 0.048438 0.084375
0 0.650781 0.114583 0.056250 0.070833
0 0.595703 0.085417 0.053906 0.070833
0 0.537500 0.077083 0.060937 0.079167
0 0.540625 0.188542 0.051562 0.064583
0 0.569141 0.258333 0.042969 0.066667
0 0.624219 0.254688 0.046875 0.057292
0 0.656250 0.305208 0.060937 0.060417
0 0.762109 0.331250 0.061719 0.062500
0 0.796484 0.281250 0.050781 0.062500
0 0.907422 0.195312 0.052344 0.063542
0 0.918359 0.123958 0.049219 0.064583
0 0.870703 0.071875 0.053906 0.060417
0 0.940625 0.049479 0.057813 0.055208
0 0.786328 0.418229 0.046094 0.076042
0 0.842187 0.439063 0.046875 0.065625
0 0.922266 0.408854 0.061719 0.078125
0 0.460156 0.352604 0.050000 0.071875
0 0.529687 0.718229 0.057813 0.051042
0 0.592187 0.771354 0.060937 0.067708
0 0.641406 0.723958 0.046875 0.060417
0 0.707422 0.716146 0.046094 0.061458
0 0.387891 0.922917 0.044531 0.070833
0 0.581250 0.959375 0.050000 0.066667
0 0.625391 0.931771 0.050781 0.071875
0 0.746094 0.789062 0.050000 0.076042
0 0.751953 0.690104 0.058594 0.071875
0 0.751563 0.608854 0.051562 0.076042
0 0.841016 0.619271 0.049219 0.063542
0 0.917578 0.622917 0.046094 0.066667
0 0.883203 0.504167 0.046094 0.070833
0 0.622656 0.602083 0.050000 0.070833
0 0.432031 0.672396 0.050000 0.057292
0 0.379297 0.646875 0.046094 0.068750
0 0.707812 0.158854 0.051562 0.067708
0 0.819141 0.047396 0.050781 0.073958
0 0.670703 0.039062 0.046094 0.065625
0 0.727344 0.046354 0.056250 0.059375
0 0.334375 0.038542 0.056250 0.058333
0 0.316016 0.098958 0.061719 0.052083
0 0.153906 0.075521 0.062500 0.067708
0 0.064844 0.062500 0.056250 0.066667
0 0.046875 0.299479 0.064062 0.069792
0 0.028125 0.566146 0.050000 0.071875
0 0.580078 0.663542 0.053906 0.066667
0 0.696875 0.625000 0.054688 0.062500
0 0.823828 0.498437 0.053906 0.071875
0 0.737891 0.529687 0.050781 0.076042
0 0.458203 0.732292 0.047656 0.062500
0 0.680078 0.962500 0.053906 0.066667
0 0.970313 0.250521 0.048438 0.076042
0 0.919922 0.267708 0.028906 0.068750
0 0.883203 0.292708 0.041406 0.047917
0 0.960938 0.181250 0.051562 0.066667
0 0.714844 0.112500 0.062500 0.062500
0 0.620703 0.035937 0.058594 0.061458
0 0.488672 0.114583 0.053906 0.070833
0 0.485547 0.194792 0.053906 0.054167
0 0.471875 0.288542 0.062500 0.052083
0 0.506250 0.355208 0.045312 0.066667
0 0.646484 0.427083 0.055469 0.066667
0 0.696484 0.470833 0.050781 0.062500
0 0.671484 0.554167 0.049219 0.066667
0 0.477734 0.790104 0.055469 0.063542
0 0.518359 0.907813 0.057031 0.073958
0 0.354297 0.447917 0.053906 0.070833
0 0.310156 0.292708 0.053125 0.072917
0 0.379688 0.056250 0.059375 0.079167
0 0.265234 0.045833 0.019531 0.033333
0 0.782813 0.922396 0.048438 0.067708
0 0.028516 0.034896 0.057031 0.069792
0 0.198437 0.156250 0.067187 0.089583
0 0.213281 0.242708 0.065625 0.089583
0 0.161719 0.292708 0.079687 0.089583
0 0.120313 0.336458 0.062500 0.085417
0 0.028125 0.366146 0.056250 0.092708
0 0.075000 0.368229 0.067187 0.082292
0 0.198047 0.414583 0.060156 0.087500
0 0.153516 0.444271 0.063281 0.080208
0 0.295312 0.453125 0.067187 0.091667
0 0.237500 0.458333 0.060937 0.079167
0 0.101953 0.495833 0.061719 0.083333
0 0.221094 0.538021 0.060937 0.078125
0 0.257422 0.600521 0.064844 0.082292
0 0.207031 0.614583 0.059375 0.120833
0 0.332813 0.611979 0.059375 0.078125
0 0.298047 0.695312 0.064844 0.080208
0 0.139844 0.740104 0.062500 0.073958
0 0.177734 0.789062 0.064844 0.086458
0 0.228906 0.792708 0.062500 0.081250
0 0.332813 0.803646 0.060937 0.078125
0 0.185938 0.890104 0.062500 0.084375
0 0.094141 0.922917 0.067969 0.066667
0 0.169531 0.940625 0.051562 0.077083
0 0.129297 0.945312 0.055469 0.096875
2 0.607031 0.479167 0.067187 0.083333
1 0.233203 0.921354 0.060156 0.105208
