0 0.179688 0.433854 0.084375 0.088542
0 0.214062 0.389583 0.082812 0.079167
0 0.258203 0.441146 0.074219 0.067708
0 0.199219 0.613542 0.081250 0.100000
0 0.256641 0.567708 0.055469 0.095833
0 0.156250 0.552083 0.067187 0.077083
0 0.148828 0.489583 0.071094 0.100000
0 0.112891 0.621875 0.078906 0.095833
0 0.073828 0.584896 0.072656 0.082292
0 0.221094 0.701042 0.059375 0.093750
0 0.164453 0.748437 0.066406 0.069792
0 0.600781 0.649479 0.085938 0.076042
0 0.720313 0.566667 0.071875 0.060417
0 0.731641 0.511979 0.080469 0.073958
0 0.710156 0.435937 0.070312 0.105208
0 0.678906 0.405208 0.071875 0.083333
0 0.670312 0.487500 0.070312 0.075000
0 0.617188 0.469792 0.056250 0.091667
0 0.651172 0.549479 0.071094 0.094792
0 0.533203 0.421875 0.066406 0.091667
0 0.360547 0.114583 0.072656 0.095833
0 0.451953 0.133854 0.063281 0.096875
0 0.400391 0.146354 0.064844 0.098958
0 0.383984 0.220833 0.083594 0.095833
0 0.348438 0.248958 0.065625 0.077083
0 0.471094 0.256771 0.082812 0.098958
0 0.282422 0.269792 0.064844 0.093750
0 0.572656 0.289062 0.071875 0.073958
0 0.241797 0.307812 0.075781 0.080208
0 0.397266 0.339062 0.058594 0.086458
0 0.578516 0.356771 0.085156 0.094792
0 0.457813 0.353646 0.071875 0.076042
0 0.310547 0.361979 0.077344 0.132292
0 0.620703 0.380729 0.074219 0.094792
0 0.424219 0.431250 0.065625 0.102083
0 0.775391 0.456771 0.052344 0.098958
0 0.488672 0.489063 0.075781 0.080208
0 0.557031 0.468229 0.060937 0.067708
0 0.429688 0.523958 0.064062 0.114583
0 0.097266 0.514062 0.078906 0.117708
0 0.369531 0.557292 0.062500 0.102083
0 0.541406 0.557292 0.082812 0.108333
0 0.622266 0.567708 0.077344 0.100000
0 0.480469 0.571875 0.062500 0.104167
0 0.041797 0.652083 0.072656 0.087500
0 0.520312 0.654687 0.065625 0.098958
0 0.493359 0.701042 0.083594 0.087500
0 0.479297 0.781250 0.067969 0.104167
0 0.488281 0.867188 0.082812 0.084375
0 0.473438 0.918750 0.075000 0.089583
3 0.345313 0.398438 0.073438 0.098958
