0 0.435937 0.663021 0.054688 0.071875
0 0.189453 0.166146 0.064844 0.082292
0 0.330078 0.040625 0.064844 0.079167
0 0.439844 0.459375 0.068750 0.089583
0 0.199609 0.032292 0.075781 0.064583
0 0.109375 0.045833 0.056250 0.091667
0 0.162891 0.057813 0.060156 0.090625
0 0.063281 0.082812 0.073438 0.092708
0 0.940234 0.100521 0.097656 0.130208
0 0.873437 0.111458 0.060937 0.097917
0 0.292187 0.112500 0.062500 0.083333
0 0.101953 0.136979 0.072656 0.084375
0 0.053906 0.167187 0.065625 0.084375
0 0.268750 0.199479 0.057813 0.086458
0 0.959375 0.192708 0.089063 0.097917
0 0.893359 0.199479 0.066406 0.098958
0 0.366797 0.208854 0.061719 0.094792
0 0.318359 0.227083 0.061719 0.104167
0 0.227344 0.246875 0.064062 0.093750
0 0.857031 0.244271 0.056250 0.080208
0 0.164844 0.248438 0.070312 0.090625
0 0.048438 0.249479 0.076563 0.092708
0 0.099219 0.281771 0.079687 0.092708
0 0.911719 0.272917 0.057813 0.085417
0 0.355078 0.294271 0.061719 0.090625
0 0.403125 0.303125 0.081250 0.095833
0 0.862500 0.316667 0.070312 0.089583
0 0.321484 0.324479 0.074219 0.107292
0 0.971875 0.333333 0.064062 0.093750
0 0.042188 0.335417 0.075000 0.097917
0 0.284766 0.355729 0.074219 0.090625
0 0.895312 0.357812 0.062500 0.084375
0 0.387109 0.365625 0.069531 0.089583
0 0.439063 0.381771 0.059375 0.086458
0 0.206641 0.387500 0.063281 0.081250
0 0.351172 0.401042 0.071094 0.093750
0 0.940234 0.401562 0.067969 0.084375
0 0.844531 0.403646 0.065625 0.088542
0 0.267969 0.420312 0.059375 0.078125
0 0.780859 0.427604 0.063281 0.084375
0 0.721875 0.436979 0.057813 0.076042
0 0.326953 0.472917 0.057031 0.091667
0 0.912500 0.466146 0.073438 0.078125
0 0.636328 0.467187 0.072656 0.107292
0 0.687891 0.483854 0.055469 0.082292
0 0.285156 0.483333 0.068750 0.100000
0 0.502734 0.500000 0.060156 0.077083
0 0.625391 0.507812 0.078906 0.080208
0 0.373047 0.521354 0.066406 0.082292
0 0.557813 0.530729 0.062500 0.082292
0 0.825391 0.535417 0.074219 0.081250
0 0.706250 0.536979 0.065625 0.090625
0 0.910937 0.537500 0.070312 0.085417
0 0.466797 0.552083 0.057031 0.083333
0 0.260937 0.560937 0.064062 0.084375
0 0.522266 0.583854 0.064844 0.078125
0 0.414062 0.585417 0.064062 0.083333
0 0.935547 0.593750 0.069531 0.097917
0 0.734375 0.606771 0.073438 0.088542
0 0.844141 0.605729 0.063281 0.082292
0 0.228125 0.621354 0.062500 0.084375
0 0.277344 0.632812 0.065625 0.094792
0 0.118359 0.643229 0.063281 0.076042
0 0.875781 0.652083 0.076563 0.081250
0 0.726172 0.667188 0.060156 0.065625
0 0.175391 0.672917 0.077344 0.102083
0 0.814063 0.682292 0.067187 0.097917
0 0.928906 0.677604 0.064062 0.088542
0 0.666406 0.684375 0.079687 0.068750
0 0.493359 0.686979 0.067969 0.096875
0 0.043359 0.691146 0.072656 0.084375
0 0.114453 0.716146 0.066406 0.082292
0 0.205469 0.722396 0.067187 0.084375
0 0.853906 0.722396 0.075000 0.094792
0 0.766797 0.723958 0.066406 0.087500
0 0.702344 0.736458 0.070312 0.089583
0 0.533984 0.742188 0.060156 0.080208
0 0.632812 0.742188 0.068750 0.076042
0 0.030078 0.754687 0.060156 0.082292
0 0.076953 0.764583 0.058594 0.077083
0 0.914844 0.764583 0.084375 0.089583
0 0.153516 0.773438 0.072656 0.090625
0 0.479297 0.775521 0.069531 0.084375
0 0.564063 0.793750 0.068750 0.083333
0 0.210547 0.800521 0.071094 0.086458
0 0.839844 0.805729 0.073438 0.090625
0 0.321875 0.813021 0.057813 0.063542
0 0.431250 0.813542 0.073438 0.091667
0 0.730469 0.811458 0.062500 0.077083
0 0.043750 0.819271 0.067187 0.076042
0 0.895703 0.833333 0.072656 0.083333
0 0.521484 0.843229 0.071094 0.078125
0 0.101562 0.851562 0.065625 0.088542
0 0.167187 0.854688 0.073438 0.088542
0 0.244531 0.858333 0.070312 0.089583
0 0.791406 0.868229 0.068750 0.092708
0 0.462109 0.868750 0.060156 0.079167
0 0.335547 0.869792 0.069531 0.072917
0 0.641797 0.872917 0.064844 0.077083
0 0.405078 0.880208 0.064844 0.077083
0 0.056641 0.890625 0.066406 0.085417
0 0.578906 0.894792 0.064062 0.081250
0 0.732422 0.898438 0.067969 0.073958
0 0.286328 0.912500 0.066406 0.081250
0 0.103516 0.920312 0.071094 0.071875
0 0.523828 0.941667 0.069531 0.127083
0 0.676953 0.939583 0.064844 0.081250
0 0.812109 0.940625 0.063281 0.087500
0 0.335938 0.942187 0.062500 0.078125
0 0.402344 0.960417 0.065625 0.089583
0 0.250000 0.953125 0.065625 0.091667
0 0.463672 0.952604 0.082031 0.105208
0 0.054688 0.967708 0.060937 0.075000
0 0.582031 0.968229 0.065625 0.073958
1 0.586328 0.627604 0.075781 0.082292
