0 0.025781 0.381250 0.051562 0.089583
0 0.830469 0.400000 0.076563 0.072917
0 0.929688 0.469792 0.068750 0.104167
0 0.865234 0.708333 0.088281 0.079167
0 0.802344 0.635938 0.062500 0.082292
0 0.862109 0.641146 0.066406 0.078125
0 0.817969 0.531771 0.062500 0.105208
0 0.860547 0.455729 0.061719 0.109375
0 0.666016 0.457292 0.074219 0.097917
0 0.753516 0.669792 0.058594 0.085417
0 0.828516 0.789583 0.071094 0.081250
0 0.951172 0.801042 0.072656 0.093750
0 0.539844 0.844792 0.073438 0.089583
0 0.515625 0.258333 0.076563 0.081250
0 0.580469 0.256771 0.064062 0.076042
0 0.672266 0.357292 0.071094 0.097917
0 0.722656 0.415625 0.089063 0.100000
0 0.755859 0.461979 0.067969 0.086458
0 0.606641 0.473438 0.067969 0.090625
0 0.753516 0.522396 0.080469 0.080208
0 0.591016 0.540625 0.083594 0.085417
0 0.956641 0.546875 0.080469 0.072917
0 0.883203 0.550000 0.080469 0.110417
0 0.080469 0.569271 0.079687 0.088542
0 0.709766 0.587500 0.061719 0.100000
0 0.552344 0.604167 0.070312 0.104167
0 0.480469 0.618750 0.073438 0.091667
0 0.126953 0.611979 0.069531 0.096875
0 0.294922 0.623958 0.066406 0.093750
0 0.417578 0.646875 0.064844 0.097917
0 0.223828 0.666146 0.053906 0.084375
0 0.655469 0.658854 0.067187 0.071875
0 0.177734 0.686979 0.063281 0.082292
0 0.316797 0.705729 0.069531 0.090625
0 0.660156 0.730208 0.096875 0.110417
0 0.466016 0.723437 0.080469 0.111458
0 0.219141 0.734896 0.077344 0.086458
0 0.420312 0.748958 0.062500 0.095833
0 0.146094 0.752083 0.068750 0.095833
0 0.360156 0.757292 0.067187 0.081250
0 0.346094 0.771354 0.065625 0.073958
0 0.519141 0.765625 0.078906 0.085417
0 0.277344 0.775000 0.073438 0.091667
0 0.185156 0.801562 0.075000 0.094792
0 0.721094 0.805729 0.092188 0.073958
0 0.369922 0.829688 0.086719 0.086458
0 0.278125 0.839583 0.056250 0.091667
0 0.237891 0.838021 0.050781 0.105208
0 0.100000 0.833333 0.062500 0.104167
0 0.877344 0.848437 0.073438 0.071875
0 0.753906 0.849479 0.092188 0.092708
0 0.151562 0.860417 0.078125 0.089583
0 0.332031 0.872917 0.060937 0.104167
0 0.847266 0.885417 0.096094 0.093750
0 0.745703 0.908854 0.078906 0.090625
0 0.271094 0.903646 0.059375 0.073958
0 0.678516 0.915104 0.069531 0.078125
0 0.477344 0.908854 0.067187 0.084375
0 0.152734 0.928125 0.075781 0.079167
0 0.392188 0.928646 0.082812 0.090625
0 0.330078 0.950521 0.077344 0.088542
0 0.527734 0.953125 0.082031 0.104167
3 0.659375 0.561979 0.076563 0.103125
