0 0.676562 0.083854 0.078125 0.090625
0 0.870703 0.960417 0.064844 0.070833
0 0.757422 0.785937 0.069531 0.084375
0 0.083594 0.052604 0.054688 0.105208
0 0.035937 0.062500 0.071875 0.125000
0 0.626953 0.042188 0.061719 0.084375
0 0.331250 0.042188 0.064062 0.084375
0 0.146484 0.040104 0.049219 0.078125
0 0.250781 0.052604 0.101562 0.105208
0 0.468750 0.048438 0.071875 0.096875
0 0.801562 0.060417 0.067187 0.085417
0 0.852344 0.073958 0.060937 0.112500
0 0.951172 0.063021 0.053906 0.063542
0 0.558203 0.076563 0.067969 0.084375
0 0.407031 0.077083 0.062500 0.085417
0 0.905469 0.069792 0.060937 0.097917
0 0.298438 0.097917 0.059375 0.081250
0 0.117188 0.103646 0.068750 0.092708
0 0.240625 0.104167 0.059375 0.087500
0 0.501563 0.104167 0.065625 0.091667
0 0.181250 0.112500 0.065625 0.100000
0 0.354687 0.121875 0.067187 0.087500
0 0.459766 0.125521 0.067969 0.105208
0 0.819141 0.136979 0.075781 0.088542
0 0.623047 0.145833 0.061719 0.093750
0 0.417969 0.151042 0.065625 0.089583
0 0.561719 0.151042 0.060937 0.085417
0 0.681250 0.170313 0.070312 0.084375
0 0.143750 0.166667 0.068750 0.087500
0 0.786328 0.182812 0.066406 0.073958
0 0.093359 0.196875 0.066406 0.093750
0 0.513672 0.187500 0.071094 0.095833
0 0.035937 0.166667 0.071875 0.125000
0 0.458594 0.205729 0.067187 0.084375
0 0.721094 0.210938 0.071875 0.086458
0 0.053906 0.242708 0.062500 0.089583
0 0.630859 0.246875 0.069531 0.085417
0 0.545703 0.255208 0.060156 0.081250
0 0.784375 0.258333 0.065625 0.083333
0 0.490234 0.258333 0.063281 0.077083
0 0.725781 0.280729 0.068750 0.092708
0 0.586719 0.309896 0.053125 0.107292
0 0.639062 0.325000 0.064062 0.079167
0 0.759375 0.329167 0.065625 0.081250
0 0.537891 0.333333 0.066406 0.102083
0 0.486328 0.333854 0.061719 0.090625
0 0.686719 0.378646 0.054688 0.094792
0 0.526953 0.403646 0.052344 0.078125
0 0.642578 0.405208 0.057031 0.087500
0 0.483594 0.417708 0.060937 0.097917
0 0.589453 0.416146 0.060156 0.105208
0 0.708203 0.456771 0.069531 0.073958
0 0.640625 0.480208 0.067187 0.081250
0 0.480859 0.501042 0.055469 0.077083
0 0.694141 0.513021 0.077344 0.069792
0 0.749219 0.513021 0.062500 0.101042
0 0.517188 0.549479 0.064062 0.113542
0 0.617969 0.571354 0.065625 0.101042
0 0.559375 0.570312 0.053125 0.098958
0 0.436719 0.604688 0.053125 0.092708
0 0.736719 0.642188 0.064062 0.088542
0 0.540234 0.743750 0.063281 0.116667
0 0.578906 0.776563 0.070312 0.105208
0 0.259766 0.858854 0.078906 0.084375
0 0.781641 0.864062 0.067969 0.092708
0 0.471094 0.870833 0.068750 0.079167
0 0.121484 0.898958 0.058594 0.087500
0 0.185547 0.894792 0.100781 0.131250
0 0.820703 0.916667 0.071094 0.083333
0 0.157422 0.950000 0.077344 0.110417
0 0.221484 0.942187 0.075781 0.126042
0 0.278125 0.946354 0.062500 0.105208
0 0.417578 0.956250 0.067969 0.087500
0 0.095703 0.945312 0.072656 0.063542
2 0.530859 0.655208 0.083594 0.110417
