0 0.823047 0.742188 0.061719 0.088542
0 0.149609 0.938542 0.053906 0.081250
0 0.038281 0.259896 0.053125 0.084375
0 0.028125 0.077083 0.056250 0.081250
0 0.921875 0.906771 0.060937 0.090625
0 0.584375 0.521354 0.056250 0.063542
0 0.491016 0.064062 0.061719 0.076042
0 0.574609 0.043750 0.055469 0.058333
0 0.546094 0.081771 0.053125 0.065625
0 0.596094 0.113542 0.048438 0.058333
0 0.557031 0.184375 0.050000 0.070833
0 0.508984 0.195312 0.064844 0.069792
0 0.523828 0.133854 0.061719 0.053125
0 0.190234 0.037500 0.067969 0.075000
0 0.684766 0.039062 0.074219 0.078125
0 0.562109 0.045833 0.082031 0.091667
0 0.289844 0.047396 0.064062 0.086458
0 0.417969 0.052604 0.070312 0.090625
0 0.761719 0.065104 0.062500 0.082292
0 0.149219 0.091667 0.062500 0.089583
0 0.811719 0.104688 0.067187 0.090625
0 0.385547 0.107292 0.078906 0.093750
0 0.970703 0.113542 0.060156 0.079167
0 0.814063 0.175521 0.054688 0.084375
0 0.328516 0.175000 0.066406 0.093750
0 0.609375 0.176563 0.059375 0.082292
0 0.673047 0.178125 0.063281 0.083333
0 0.723437 0.197396 0.065625 0.084375
0 0.077344 0.219792 0.067187 0.081250
0 0.129688 0.219792 0.060937 0.070833
0 0.256250 0.233333 0.068750 0.091667
0 0.928516 0.233333 0.063281 0.087500
0 0.574609 0.252083 0.064844 0.085417
0 0.305859 0.254167 0.063281 0.095833
0 0.757422 0.254688 0.064844 0.084375
0 0.175000 0.258854 0.065625 0.084375
0 0.501172 0.269792 0.063281 0.093750
0 0.457813 0.290104 0.060937 0.080208
0 0.963672 0.292708 0.066406 0.087500
0 0.221484 0.305208 0.069531 0.091667
0 0.275781 0.312500 0.064062 0.083333
0 0.642578 0.318750 0.067969 0.081250
0 0.810156 0.319792 0.059375 0.075000
0 0.079687 0.326042 0.054688 0.075000
0 0.124609 0.326042 0.058594 0.097917
0 0.535156 0.330729 0.068750 0.086458
0 0.353906 0.334896 0.062500 0.080208
0 0.691406 0.342708 0.060937 0.085417
0 0.173828 0.346354 0.064844 0.084375
0 0.406250 0.377083 0.067187 0.087500
0 0.731641 0.381250 0.063281 0.083333
0 0.089453 0.406250 0.072656 0.083333
0 0.303906 0.411979 0.057813 0.080208
0 0.489063 0.416667 0.062500 0.083333
0 0.557422 0.415625 0.066406 0.085417
0 0.832422 0.426563 0.061719 0.082292
0 0.617578 0.452604 0.083594 0.090625
0 0.449609 0.459896 0.067969 0.086458
0 0.907422 0.462500 0.064844 0.083333
0 0.252344 0.468750 0.070312 0.083333
0 0.787109 0.470833 0.060156 0.083333
0 0.130859 0.473958 0.066406 0.089583
0 0.033594 0.480208 0.067187 0.085417
0 0.861328 0.506771 0.060156 0.078125
0 0.498828 0.519792 0.066406 0.083333
0 0.211328 0.525000 0.063281 0.085417
0 0.779687 0.527604 0.054688 0.069792
0 0.912500 0.539583 0.062500 0.085417
0 0.700000 0.540104 0.070312 0.076042
0 0.259375 0.558854 0.067187 0.082292
0 0.316016 0.560937 0.069531 0.084375
0 0.767969 0.587500 0.059375 0.083333
0 0.185156 0.590625 0.062500 0.081250
0 0.667969 0.596875 0.060937 0.077083
0 0.131250 0.605208 0.068750 0.093750
0 0.868359 0.608333 0.058594 0.081250
0 0.535547 0.622396 0.071094 0.086458
0 0.592578 0.621875 0.067969 0.087500
0 0.243750 0.626563 0.070312 0.088542
0 0.026953 0.615625 0.053906 0.125000
0 0.296484 0.653646 0.063281 0.088542
0 0.714844 0.661979 0.065625 0.084375
0 0.630859 0.673438 0.060156 0.080208
0 0.765625 0.673958 0.064062 0.089583
0 0.354297 0.680208 0.061719 0.079167
0 0.086719 0.692187 0.067187 0.084375
0 0.259375 0.708854 0.062500 0.076042
0 0.962500 0.719271 0.062500 0.090625
0 0.611328 0.736979 0.055469 0.078125
0 0.035547 0.731250 0.071094 0.116667
0 0.167969 0.753125 0.078125 0.091667
0 0.428125 0.758854 0.059375 0.078125
0 0.752344 0.759896 0.065625 0.086458
0 0.477734 0.766146 0.063281 0.080208
0 0.337891 0.770312 0.066406 0.090625
0 0.285938 0.777604 0.062500 0.082292
0 0.385156 0.781250 0.056250 0.070833
0 0.963672 0.804688 0.061719 0.090625
0 0.566406 0.813021 0.064062 0.088542
0 0.242578 0.819271 0.064844 0.088542
0 0.189453 0.821354 0.066406 0.086458
0 0.689063 0.840625 0.065625 0.085417
0 0.421875 0.853125 0.059375 0.091667
0 0.821484 0.856250 0.063281 0.087500
0 0.183594 0.890625 0.073438 0.089583
0 0.307812 0.911979 0.068750 0.080208
0 0.772266 0.911458 0.053906 0.093750
0 0.049609 0.916146 0.049219 0.069792
0 0.446094 0.921875 0.064062 0.085417
0 0.525781 0.923438 0.060937 0.094792
0 0.094922 0.921354 0.067969 0.086458
0 0.657031 0.924479 0.064062 0.082292
0 0.257422 0.932292 0.060156 0.075000
0 0.836719 0.936979 0.065625 0.084375
0 0.403906 0.943229 0.060937 0.088542
0 0.374219 0.960417 0.068750 0.089583
2 0.580859 0.901042 0.075781 0.102083
