0 0.184766 0.459375 0.055469 0.070833
0 0.210547 0.531250 0.063281 0.083333
0 0.178906 0.743229 0.062500 0.076042
0 0.170703 0.817708 0.057031 0.085417
0 0.227344 0.839583 0.062500 0.077083
0 0.228125 0.767188 0.075000 0.073958
0 0.583594 0.559896 0.062500 0.076042
0 0.512500 0.518229 0.060937 0.086458
0 0.645312 0.420312 0.064062 0.086458
0 0.917188 0.523438 0.060937 0.076042
0 0.681250 0.855729 0.065625 0.078125
0 0.623437 0.908854 0.071875 0.063542
0 0.612109 0.843229 0.060156 0.067708
0 0.219531 0.386979 0.076563 0.078125
0 0.639453 0.790625 0.064844 0.095833
0 0.507031 0.741146 0.053125 0.065625
0 0.652344 0.633854 0.064062 0.076042
0 0.594922 0.636458 0.055469 0.085417
0 0.640234 0.560417 0.066406 0.081250
0 0.486328 0.076042 0.055469 0.093750
0 0.695703 0.936979 0.069531 0.090625
0 0.914844 0.045833 0.090625 0.091667
0 0.733594 0.046354 0.067187 0.092708
0 0.309375 0.049479 0.070312 0.086458
0 0.671484 0.061979 0.066406 0.096875
0 0.957031 0.086979 0.056250 0.094792
0 0.619531 0.091667 0.057813 0.100000
0 0.550781 0.077604 0.070312 0.109375
0 0.774219 0.090104 0.062500 0.084375
0 0.577344 0.104167 0.062500 0.114583
0 0.880859 0.111979 0.075781 0.086458
0 0.519141 0.116667 0.066406 0.089583
0 0.208984 0.119792 0.072656 0.091667
0 0.150781 0.156771 0.065625 0.084375
0 0.690625 0.162500 0.071875 0.079167
0 0.922266 0.164062 0.066406 0.084375
0 0.315625 0.168750 0.065625 0.091667
0 0.030859 0.175521 0.061719 0.096875
0 0.550000 0.183333 0.064062 0.081250
0 0.762891 0.188021 0.064844 0.088542
0 0.101953 0.192708 0.061719 0.079167
0 0.873828 0.194792 0.063281 0.093750
0 0.454297 0.196354 0.067969 0.088542
0 0.359375 0.216146 0.075000 0.086458
0 0.677344 0.226042 0.062500 0.097917
0 0.933984 0.235937 0.063281 0.080208
0 0.039453 0.237500 0.067969 0.081250
0 0.148438 0.238021 0.070312 0.094792
0 0.631641 0.253125 0.072656 0.091667
0 0.482812 0.265625 0.053125 0.085417
0 0.715234 0.283333 0.075781 0.083333
0 0.855078 0.275000 0.096094 0.118750
0 0.078516 0.282813 0.074219 0.090625
0 0.442188 0.295312 0.057813 0.119792
0 0.839844 0.322396 0.057813 0.094792
0 0.106641 0.323437 0.075781 0.096875
0 0.408594 0.325000 0.062500 0.093750
0 0.295703 0.342187 0.063281 0.086458
0 0.940625 0.344792 0.067187 0.093750
0 0.167969 0.352083 0.059375 0.085417
0 0.035547 0.360938 0.071094 0.092708
0 0.484375 0.362500 0.065625 0.100000
0 0.530859 0.373437 0.050781 0.105208
0 0.887109 0.370833 0.067969 0.085417
0 0.575391 0.372917 0.058594 0.077083
0 0.735547 0.417708 0.060156 0.081250
0 0.365234 0.424479 0.080469 0.082292
0 0.778125 0.478646 0.068750 0.092708
0 0.420312 0.485938 0.067187 0.086458
0 0.861719 0.490625 0.060937 0.079167
0 0.670703 0.497396 0.080469 0.094792
0 0.102344 0.514062 0.064062 0.086458
0 0.267969 0.567187 0.076563 0.080208
0 0.795312 0.563542 0.070312 0.091667
0 0.738672 0.585938 0.063281 0.080208
0 0.918359 0.603125 0.061719 0.081250
0 0.530859 0.626042 0.064844 0.093750
0 0.055078 0.635417 0.064844 0.085417
0 0.972266 0.639062 0.063281 0.088542
0 0.805469 0.646875 0.071875 0.091667
0 0.655078 0.693229 0.072656 0.080208
0 0.049219 0.715104 0.060937 0.094792
0 0.265625 0.721354 0.059375 0.092708
0 0.320703 0.716667 0.074219 0.079167
0 0.391016 0.739062 0.064844 0.092708
0 0.942187 0.739062 0.062500 0.082292
0 0.882812 0.746875 0.065625 0.091667
0 0.768359 0.770833 0.066406 0.091667
0 0.698438 0.791146 0.075000 0.086458
0 0.433203 0.791667 0.069531 0.089583
0 0.830078 0.790625 0.066406 0.089583
0 0.548438 0.793750 0.065625 0.087500
0 0.028125 0.781771 0.056250 0.105208
0 0.384375 0.828646 0.065625 0.088542
0 0.113281 0.836979 0.070312 0.090625
0 0.341016 0.869792 0.072656 0.091667
0 0.813672 0.873958 0.067969 0.089583
0 0.076172 0.877604 0.071094 0.090625
0 0.537891 0.875521 0.074219 0.090625
0 0.453906 0.877604 0.076563 0.080208
0 0.860547 0.888021 0.049219 0.088542
0 0.280469 0.902604 0.070312 0.084375
0 0.185156 0.915625 0.075000 0.102083
0 0.427344 0.934896 0.067187 0.098958
0 0.495312 0.940625 0.070312 0.097917
0 0.123047 0.945833 0.067969 0.091667
0 0.565625 0.946354 0.075000 0.086458
0 0.265625 0.967187 0.064062 0.076042
3 0.274609 0.481771 0.085156 0.107292
1 0.325781 0.783854 0.090625 0.092708
