0 0.067969 0.936979 0.064062 0.090625
0 0.226172 0.714063 0.061719 0.086458
0 0.705859 0.307292 0.064844 0.075000
0 0.762500 0.290104 0.039062 0.071875
0 0.897266 0.040104 0.097656 0.080208
0 0.777344 0.043229 0.096875 0.086458
0 0.704297 0.048438 0.066406 0.096875
0 0.347656 0.054167 0.062500 0.108333
0 0.254688 0.057813 0.062500 0.094792
0 0.310547 0.069271 0.060156 0.084375
0 0.392969 0.076563 0.053125 0.101042
0 0.482812 0.076563 0.070312 0.076042
0 0.216797 0.099479 0.066406 0.092708
0 0.851562 0.103125 0.071875 0.091667
0 0.604297 0.106771 0.089844 0.094792
0 0.677734 0.133333 0.074219 0.104167
0 0.439453 0.109375 0.067969 0.062500
0 0.506250 0.130729 0.065625 0.069792
0 0.774609 0.136458 0.064844 0.087500
0 0.319531 0.152604 0.073438 0.098958
0 0.724609 0.159896 0.063281 0.101042
0 0.076172 0.172396 0.064844 0.073958
0 0.413281 0.175000 0.065625 0.087500
0 0.502344 0.187500 0.071875 0.077083
0 0.574609 0.179167 0.072656 0.085417
0 0.196094 0.184375 0.064062 0.095833
0 0.893359 0.203646 0.082031 0.111458
0 0.639453 0.209896 0.064844 0.094792
0 0.151172 0.222396 0.061719 0.082292
0 0.354687 0.227604 0.062500 0.086458
0 0.081250 0.233854 0.062500 0.092708
0 0.545312 0.244792 0.068750 0.079167
0 0.837500 0.246354 0.065625 0.105208
0 0.194531 0.267708 0.067187 0.079167
0 0.878125 0.293750 0.059375 0.102083
0 0.802734 0.302604 0.061719 0.073958
0 0.250781 0.294792 0.062500 0.075000
0 0.505859 0.310417 0.055469 0.091667
0 0.300000 0.315104 0.060937 0.082292
0 0.113281 0.319271 0.064062 0.092708
0 0.167969 0.322396 0.068750 0.094792
0 0.448828 0.327604 0.071094 0.080208
0 0.039844 0.333854 0.070312 0.096875
0 0.854688 0.350521 0.056250 0.103125
0 0.635938 0.339583 0.075000 0.089583
0 0.729688 0.385937 0.090625 0.103125
0 0.369531 0.375000 0.065625 0.087500
0 0.267578 0.382812 0.063281 0.098958
0 0.815625 0.386979 0.067187 0.080208
0 0.658594 0.404687 0.070312 0.096875
0 0.537500 0.402604 0.068750 0.084375
0 0.123828 0.404687 0.067969 0.090625
0 0.035937 0.410938 0.068750 0.088542
0 0.901172 0.441667 0.086719 0.106250
0 0.386719 0.459896 0.064062 0.086458
0 0.452344 0.475521 0.064062 0.082292
0 0.750391 0.477604 0.064844 0.084375
0 0.503125 0.478646 0.060937 0.076042
0 0.205078 0.486979 0.066406 0.086458
0 0.264453 0.486979 0.064844 0.086458
0 0.706641 0.501042 0.060156 0.081250
0 0.554688 0.502604 0.075000 0.084375
0 0.812500 0.507292 0.067187 0.085417
0 0.940234 0.497396 0.066406 0.063542
0 0.350781 0.514583 0.070312 0.095833
0 0.096875 0.522396 0.070312 0.080208
0 0.937500 0.544792 0.060937 0.070833
0 0.891406 0.542708 0.054688 0.089583
0 0.528906 0.565104 0.062500 0.092708
0 0.034375 0.572396 0.068750 0.092708
0 0.607812 0.573438 0.060937 0.084375
0 0.200000 0.578125 0.062500 0.091667
0 0.655078 0.584896 0.058594 0.090625
0 0.115234 0.585417 0.053906 0.079167
0 0.371484 0.596875 0.069531 0.085417
0 0.276562 0.623437 0.067187 0.092708
0 0.146094 0.645312 0.070312 0.082292
0 0.838672 0.644271 0.060156 0.082292
0 0.490625 0.640625 0.067187 0.102083
0 0.412109 0.667708 0.061719 0.085417
0 0.316406 0.672396 0.060937 0.082292
0 0.048438 0.680208 0.067187 0.091667
0 0.742188 0.721875 0.060937 0.095833
0 0.509766 0.717708 0.063281 0.066667
0 0.835156 0.723437 0.064062 0.090625
0 0.694922 0.730208 0.058594 0.083333
0 0.121484 0.721354 0.089844 0.107292
0 0.648828 0.734896 0.058594 0.078125
0 0.891797 0.744792 0.064844 0.100000
0 0.267578 0.761458 0.069531 0.097917
0 0.038672 0.772917 0.077344 0.097917
0 0.517578 0.776042 0.066406 0.081250
0 0.950781 0.771875 0.067187 0.089583
0 0.466016 0.778646 0.061719 0.094792
0 0.572266 0.787500 0.061719 0.097917
0 0.210938 0.783333 0.057813 0.083333
0 0.775000 0.790625 0.075000 0.081250
0 0.150781 0.795312 0.096875 0.115625
0 0.319922 0.811979 0.061719 0.082292
0 0.428906 0.820833 0.062500 0.089583
0 0.622266 0.838542 0.075781 0.116667
0 0.788672 0.841667 0.061719 0.072917
0 0.292187 0.841146 0.067187 0.096875
0 0.399219 0.839583 0.060937 0.083333
0 0.716797 0.840104 0.064844 0.080208
0 0.499219 0.855729 0.067187 0.086458
0 0.130469 0.866146 0.067187 0.082292
0 0.572656 0.861979 0.046875 0.073958
0 0.830859 0.883854 0.067969 0.082292
0 0.029687 0.893750 0.059375 0.083333
0 0.627344 0.908333 0.070312 0.087500
0 0.213672 0.940104 0.063281 0.130208
0 0.785937 0.917188 0.068750 0.071875
0 0.411719 0.932292 0.073438 0.077083
0 0.546094 0.941667 0.064062 0.089583
0 0.328906 0.946875 0.071875 0.091667
0 0.123438 0.956250 0.062500 0.097917
0 0.609766 0.964063 0.063281 0.082292
0 0.783984 0.969792 0.066406 0.066667
0 0.504687 0.958854 0.048438 0.080208
0 0.710938 0.963542 0.065625 0.083333
3 0.585547 0.660937 0.074219 0.103125
