0 0.866016 0.868229 0.063281 0.067708
0 0.595703 0.771875 0.060156 0.068750
0 0.117969 0.406771 0.064062 0.107292
0 0.234375 0.122917 0.067187 0.087500
0 0.785937 0.369792 0.068750 0.070833
0 0.548047 0.953125 0.072656 0.075000
0 0.536719 0.037500 0.053125 0.075000
0 0.487891 0.039583 0.060156 0.079167
0 0.411328 0.045833 0.067969 0.091667
0 0.690234 0.041146 0.067969 0.082292
0 0.078906 0.043229 0.068750 0.086458
0 0.026953 0.060937 0.053906 0.086458
0 0.808203 0.064062 0.052344 0.076042
0 0.864453 0.079167 0.063281 0.097917
0 0.347656 0.091146 0.067187 0.086458
0 0.560937 0.093750 0.060937 0.083333
0 0.932031 0.095833 0.054688 0.068750
0 0.429688 0.103125 0.060937 0.079167
0 0.770703 0.108333 0.060156 0.077083
0 0.089063 0.114062 0.067187 0.080208
0 0.685547 0.114062 0.066406 0.088542
0 0.614844 0.122917 0.065625 0.085417
0 0.362500 0.158854 0.071875 0.082292
0 0.857031 0.161458 0.067187 0.075000
0 0.054688 0.164062 0.062500 0.084375
0 0.569922 0.167187 0.055469 0.073958
0 0.933594 0.169792 0.075000 0.083333
0 0.484375 0.172917 0.059375 0.075000
0 0.128516 0.184375 0.067969 0.083333
0 0.417969 0.192708 0.062500 0.085417
0 0.621484 0.201042 0.064844 0.083333
0 0.832422 0.219271 0.060156 0.078125
0 0.367188 0.231250 0.060937 0.079167
0 0.514453 0.235937 0.067969 0.086458
0 0.242578 0.234375 0.069531 0.091667
0 0.760156 0.240104 0.071875 0.090625
0 0.964063 0.241667 0.071875 0.075000
0 0.112109 0.271354 0.055469 0.088542
0 0.168359 0.280208 0.061719 0.079167
0 0.883594 0.281250 0.056250 0.083333
0 0.052734 0.285417 0.067969 0.087500
0 0.483203 0.283854 0.060156 0.082292
0 0.333594 0.301563 0.071875 0.094792
0 0.804297 0.292187 0.089844 0.113542
0 0.726562 0.305729 0.065625 0.088542
0 0.948828 0.309375 0.063281 0.075000
0 0.432422 0.313021 0.063281 0.084375
0 0.240625 0.321354 0.071875 0.086458
0 0.524609 0.331250 0.071094 0.089583
0 0.165234 0.377604 0.066406 0.115625
0 0.548828 0.379167 0.049219 0.070833
0 0.633203 0.397917 0.064844 0.075000
0 0.930859 0.399479 0.067969 0.082292
0 0.215234 0.400521 0.058594 0.080208
0 0.701172 0.413021 0.074219 0.080208
0 0.471094 0.428125 0.060937 0.081250
0 0.971875 0.428646 0.059375 0.078125
0 0.765625 0.415104 0.073438 0.107292
0 0.031641 0.433333 0.060156 0.087500
0 0.553125 0.443229 0.056250 0.071875
0 0.293750 0.446875 0.059375 0.085417
0 0.409375 0.445312 0.065625 0.092708
0 0.085547 0.448437 0.060156 0.086458
0 0.638672 0.471875 0.066406 0.083333
0 0.222656 0.472396 0.076563 0.086458
0 0.936328 0.480208 0.064844 0.087500
0 0.349609 0.480729 0.066406 0.088542
0 0.748047 0.495833 0.072656 0.072917
0 0.835547 0.503125 0.066406 0.093750
0 0.258203 0.511458 0.061719 0.083333
0 0.884766 0.511979 0.060156 0.092708
0 0.540234 0.515625 0.066406 0.083333
0 0.683984 0.558333 0.058594 0.091667
0 0.635156 0.579688 0.056250 0.098958
0 0.291797 0.558333 0.071094 0.095833
0 0.416406 0.572917 0.064062 0.081250
0 0.726172 0.572917 0.064844 0.091667
0 0.969531 0.577604 0.068750 0.071875
0 0.892969 0.591146 0.075000 0.080208
0 0.581641 0.598958 0.071094 0.085417
0 0.509766 0.613542 0.066406 0.083333
0 0.830078 0.623958 0.061719 0.081250
0 0.351953 0.636458 0.072656 0.091667
0 0.698828 0.641146 0.064844 0.084375
0 0.443359 0.640625 0.066406 0.087500
0 0.917969 0.641667 0.056250 0.085417
0 0.282031 0.650000 0.059375 0.079167
0 0.648828 0.668229 0.067969 0.078125
0 0.757812 0.669792 0.057813 0.072917
0 0.498047 0.686979 0.074219 0.078125
0 0.392969 0.691146 0.059375 0.071875
0 0.571875 0.698438 0.060937 0.078125
0 0.335547 0.715625 0.060156 0.077083
0 0.858984 0.720313 0.069531 0.076042
0 0.930469 0.725521 0.073438 0.090625
0 0.625781 0.723958 0.060937 0.064583
0 0.287891 0.731250 0.064844 0.087500
0 0.687891 0.734896 0.064844 0.084375
0 0.470313 0.747917 0.057813 0.066667
0 0.376563 0.763542 0.073438 0.083333
0 0.732031 0.793229 0.056250 0.105208
0 0.847266 0.795312 0.064844 0.078125
0 0.687891 0.811458 0.055469 0.081250
0 0.486719 0.806771 0.078125 0.084375
0 0.781641 0.813021 0.071094 0.078125
0 0.930469 0.832292 0.057813 0.081250
0 0.366406 0.836458 0.054688 0.072917
0 0.144531 0.837500 0.062500 0.079167
0 0.659375 0.861979 0.075000 0.084375
0 0.234766 0.873437 0.060156 0.080208
0 0.516016 0.879687 0.061719 0.076042
0 0.787500 0.884375 0.085938 0.072917
0 0.032031 0.891667 0.064062 0.087500
0 0.574219 0.892188 0.067187 0.080208
0 0.301953 0.905729 0.060156 0.082292
0 0.967578 0.909375 0.063281 0.083333
0 0.675781 0.916667 0.071875 0.066667
0 0.822266 0.936979 0.080469 0.086458
0 0.754297 0.941146 0.066406 0.086458
0 0.255469 0.943750 0.053125 0.070833
0 0.648438 0.969792 0.060937 0.070833
0 0.383594 0.970313 0.054688 0.069792
2 0.435937 0.852604 0.090625 0.082292
