0 0.200391 0.332292 0.063281 0.079167
0 0.246094 0.296354 0.067187 0.084375
0 0.325391 0.425000 0.058594 0.070833
0 0.360547 0.348958 0.074219 0.075000
0 0.644922 0.296875 0.064844 0.072917
0 0.625781 0.254167 0.054688 0.091667
0 0.547656 0.287500 0.059375 0.077083
0 0.537500 0.401042 0.059375 0.085417
0 0.428125 0.362500 0.075000 0.072917
0 0.234766 0.164583 0.063281 0.085417
0 0.035156 0.713542 0.057813 0.085417
0 0.282813 0.924479 0.070312 0.086458
0 0.657813 0.364583 0.059375 0.093750
0 0.694141 0.378125 0.057031 0.091667
0 0.610547 0.411458 0.069531 0.100000
0 0.742188 0.078125 0.062500 0.070833
0 0.717578 0.128125 0.088281 0.072917
0 0.148828 0.431250 0.075781 0.070833
0 0.171484 0.398438 0.061719 0.082292
0 0.101172 0.383333 0.055469 0.089583
0 0.064453 0.321875 0.058594 0.070833
0 0.302734 0.310417 0.064844 0.089583
0 0.269922 0.429688 0.069531 0.113542
0 0.515625 0.556250 0.056250 0.081250
0 0.658203 0.710938 0.052344 0.071875
0 0.680469 0.692187 0.054688 0.069792
0 0.199219 0.115104 0.064062 0.078125
0 0.405469 0.818750 0.075000 0.079167
0 0.587109 0.723958 0.066406 0.081250
0 0.765234 0.718750 0.053906 0.079167
0 0.050781 0.554688 0.057813 0.098958
0 0.228516 0.447917 0.058594 0.081250
0 0.121875 0.069792 0.056250 0.085417
0 0.682031 0.035937 0.064062 0.071875
0 0.725781 0.456250 0.062500 0.095833
0 0.679297 0.453125 0.060156 0.066667
0 0.051562 0.038021 0.075000 0.076042
0 0.307422 0.054688 0.096094 0.109375
0 0.591406 0.057813 0.051562 0.090625
0 0.032422 0.076042 0.064844 0.075000
0 0.906250 0.094271 0.079687 0.111458
0 0.568750 0.083854 0.062500 0.069792
0 0.848437 0.094271 0.070312 0.086458
0 0.512891 0.123438 0.057031 0.082292
0 0.563281 0.133333 0.068750 0.097917
0 0.828125 0.133854 0.067187 0.078125
0 0.091016 0.134896 0.055469 0.086458
0 0.042578 0.136458 0.066406 0.079167
0 0.728516 0.182812 0.096094 0.086458
0 0.946484 0.185938 0.049219 0.080208
0 0.903516 0.182292 0.066406 0.077083
0 0.182422 0.218750 0.075781 0.070833
0 0.059375 0.209896 0.073438 0.084375
0 0.907422 0.240625 0.064844 0.072917
0 0.407031 0.232813 0.060937 0.086458
0 0.116406 0.233333 0.071875 0.093750
0 0.760938 0.261979 0.068750 0.096875
0 0.356641 0.255208 0.082031 0.097917
0 0.860547 0.281250 0.067969 0.095833
0 0.901172 0.351042 0.061719 0.081250
0 0.800391 0.380208 0.067969 0.083333
0 0.428516 0.428646 0.067969 0.076042
0 0.061719 0.430729 0.067187 0.084375
0 0.789844 0.451042 0.073438 0.091667
0 0.892578 0.453646 0.055469 0.096875
0 0.857422 0.466146 0.057031 0.098958
0 0.974609 0.480729 0.058594 0.096875
0 0.628125 0.494271 0.062500 0.071875
0 0.164453 0.526042 0.061719 0.093750
0 0.593359 0.524479 0.063281 0.078125
0 0.339453 0.539583 0.069531 0.100000
0 0.302344 0.567187 0.060937 0.088542
0 0.407813 0.575521 0.062500 0.109375
0 0.969141 0.579167 0.069531 0.091667
0 0.883594 0.564583 0.076563 0.120833
0 0.105859 0.584375 0.055469 0.091667
0 0.457031 0.573438 0.059375 0.073958
0 0.145313 0.595833 0.057813 0.106250
0 0.073438 0.596354 0.046875 0.080208
0 0.633594 0.598437 0.065625 0.082292
0 0.481641 0.608333 0.063281 0.093750
0 0.191797 0.633854 0.074219 0.094792
0 0.412500 0.664062 0.090625 0.101042
0 0.561719 0.658854 0.064062 0.084375
0 0.108984 0.681250 0.067969 0.106250
0 0.378125 0.706250 0.064062 0.075000
0 0.858984 0.711979 0.063281 0.096875
0 0.455078 0.727604 0.058594 0.094792
0 0.925000 0.729167 0.059375 0.104167
0 0.898828 0.763542 0.060156 0.087500
0 0.367969 0.769792 0.067187 0.085417
0 0.098437 0.766667 0.067187 0.095833
0 0.801562 0.795833 0.096875 0.095833
0 0.614844 0.792708 0.075000 0.097917
0 0.575781 0.829167 0.071875 0.072917
0 0.060937 0.840104 0.060937 0.088542
0 0.241016 0.836979 0.060156 0.078125
0 0.953906 0.848958 0.073438 0.085417
0 0.686328 0.845833 0.075781 0.087500
0 0.448047 0.862500 0.077344 0.093750
0 0.575391 0.881250 0.078906 0.083333
0 0.760156 0.870833 0.064062 0.083333
0 0.227344 0.884375 0.065625 0.087500
0 0.737891 0.934375 0.057031 0.093750
0 0.369531 0.931771 0.068750 0.084375
0 0.695703 0.934896 0.050781 0.086458
0 0.905469 0.940104 0.081250 0.130208
0 0.432031 0.934375 0.071875 0.085417
0 0.025391 0.941146 0.050781 0.088542
0 0.067578 0.930729 0.072656 0.103125
0 0.496875 0.950521 0.082812 0.109375
0 0.789062 0.953646 0.060937 0.078125
0 0.632422 0.958333 0.069531 0.093750
1 0.540234 0.560937 0.063281 0.088542
1 0.462109 0.391146 0.063281 0.069792
