0 0.153125 0.246875 0.057813 0.089583
0 0.764844 0.394271 0.070312 0.098958
0 0.571875 0.391146 0.034375 0.040625
0 0.516406 0.215625 0.057813 0.093750
0 0.317578 0.741146 0.067969 0.113542
0 0.091016 0.586458 0.063281 0.075000
0 0.122656 0.515104 0.057813 0.067708
0 0.044531 0.508333 0.057813 0.072917
0 0.112109 0.382812 0.052344 0.082292
0 0.092578 0.322917 0.060156 0.072917
0 0.036328 0.333333 0.055469 0.079167
0 0.034766 0.218750 0.052344 0.077083
0 0.312891 0.127604 0.060156 0.071875
0 0.440234 0.145833 0.053906 0.079167
0 0.550781 0.113542 0.057813 0.072917
0 0.720313 0.163021 0.060937 0.069792
0 0.851953 0.214062 0.063281 0.071875
0 0.677344 0.327604 0.054688 0.092708
0 0.580469 0.550521 0.064062 0.084375
0 0.735938 0.723958 0.064062 0.085417
0 0.969922 0.770312 0.053906 0.069792
0 0.912500 0.766146 0.057813 0.063542
0 0.907422 0.700000 0.063281 0.070833
0 0.937500 0.621875 0.068750 0.081250
0 0.938281 0.442708 0.056250 0.077083
0 0.866797 0.502083 0.061719 0.064583
0 0.908203 0.349479 0.053906 0.076042
0 0.199219 0.198958 0.062500 0.070833
0 0.163281 0.118229 0.070312 0.078125
0 0.110156 0.681771 0.056250 0.078125
0 0.138672 0.871354 0.061719 0.069792
0 0.206250 0.735938 0.062500 0.073958
0 0.213672 0.585417 0.066406 0.081250
0 0.313281 0.566146 0.059375 0.067708
0 0.384375 0.497396 0.043750 0.069792
0 0.417578 0.392708 0.049219 0.081250
0 0.338281 0.350521 0.070312 0.069792
0 0.230469 0.310937 0.071875 0.067708
0 0.183984 0.366146 0.053906 0.067708
0 0.647266 0.195312 0.060156 0.078125
0 0.455859 0.825521 0.055469 0.065625
0 0.428516 0.479687 0.066406 0.071875
0 0.245312 0.403125 0.065625 0.079167
0 0.914844 0.835938 0.070312 0.071875
0 0.681250 0.529687 0.056250 0.071875
0 0.386328 0.122917 0.061719 0.072917
0 0.472656 0.036979 0.054688 0.069792
0 0.828906 0.473438 0.060937 0.065625
0 0.973437 0.510938 0.053125 0.071875
0 0.300391 0.637500 0.060156 0.075000
0 0.967969 0.057813 0.054688 0.071875
0 0.328125 0.494792 0.057813 0.075000
0 0.030469 0.425000 0.060937 0.116667
0 0.507422 0.402604 0.058594 0.069792
0 0.592969 0.193750 0.062500 0.075000
0 0.752344 0.072396 0.057813 0.067708
0 0.659766 0.101562 0.060156 0.065625
0 0.766406 0.262500 0.057813 0.062500
0 0.606250 0.664583 0.056250 0.070833
0 0.331641 0.880208 0.053906 0.085417
0 0.256641 0.824479 0.089844 0.101042
0 0.170703 0.034896 0.074219 0.069792
0 0.276172 0.031771 0.086719 0.063542
0 0.035937 0.073958 0.071875 0.131250
0 0.204297 0.048438 0.069531 0.065625
0 0.074609 0.104688 0.072656 0.084375
0 0.867578 0.097917 0.063281 0.135417
0 0.813672 0.095833 0.069531 0.127083
0 0.909766 0.123958 0.064844 0.089583
0 0.962891 0.150521 0.082031 0.084375
0 0.033984 0.153125 0.067969 0.083333
0 0.033594 0.759375 0.067187 0.066667
0 0.087500 0.798958 0.062500 0.077083
0 0.778906 0.860938 0.085938 0.105208
0 0.851953 0.855729 0.066406 0.096875
0 0.927344 0.911458 0.060937 0.062500
