0 0.058594 0.652604 0.068750 0.071875
0 0.032813 0.328125 0.056250 0.058333
0 0.117578 0.765104 0.063281 0.088542
0 0.471875 0.506250 0.062500 0.089583
0 0.525000 0.579688 0.070312 0.094792
0 0.882812 0.042708 0.073438 0.085417
0 0.671094 0.039583 0.050000 0.079167
0 0.957422 0.041146 0.092969 0.082292
0 0.709766 0.039583 0.050781 0.079167
0 0.567578 0.060937 0.092969 0.121875
0 0.422266 0.054167 0.064844 0.081250
0 0.615234 0.071354 0.067969 0.121875
0 0.118359 0.064583 0.100781 0.129167
0 0.931641 0.090104 0.069531 0.090625
0 0.225000 0.130729 0.085938 0.115625
0 0.903516 0.136979 0.064844 0.078125
0 0.416797 0.141667 0.083594 0.125000
0 0.177734 0.144792 0.060156 0.102083
0 0.581250 0.148438 0.089063 0.088542
0 0.694531 0.147917 0.060937 0.091667
0 0.755078 0.179688 0.099219 0.096875
0 0.037109 0.188021 0.074219 0.117708
0 0.304297 0.201042 0.063281 0.095833
0 0.577344 0.215104 0.071875 0.090625
0 0.255469 0.203125 0.057813 0.093750
0 0.519922 0.195833 0.067969 0.095833
0 0.214844 0.243750 0.076563 0.091667
0 0.525391 0.262500 0.086719 0.085417
0 0.417187 0.250521 0.087500 0.126042
0 0.093359 0.303646 0.060156 0.094792
0 0.637891 0.299479 0.074219 0.107292
0 0.355469 0.313021 0.057813 0.092708
0 0.398047 0.320833 0.050781 0.085417
0 0.539844 0.325000 0.062500 0.072917
0 0.474609 0.314583 0.074219 0.135417
0 0.586328 0.343750 0.069531 0.104167
0 0.319531 0.345833 0.084375 0.091667
0 0.933594 0.347396 0.060937 0.098958
0 0.955469 0.373958 0.064062 0.087500
0 0.129297 0.391667 0.058594 0.077083
0 0.406641 0.397917 0.072656 0.102083
0 0.175000 0.406250 0.081250 0.095833
0 0.784766 0.435937 0.063281 0.088542
0 0.935156 0.444271 0.053125 0.090625
0 0.283594 0.448437 0.060937 0.086458
0 0.231250 0.448437 0.068750 0.084375
0 0.897656 0.443750 0.053125 0.068750
0 0.662500 0.458333 0.056250 0.062500
0 0.762109 0.467187 0.071094 0.092708
0 0.332031 0.459896 0.090625 0.096875
0 0.904297 0.492188 0.053906 0.073958
0 0.392578 0.481250 0.057031 0.108333
0 0.860938 0.491146 0.057813 0.090625
0 0.236328 0.518229 0.050781 0.088542
0 0.175781 0.518229 0.053125 0.090625
0 0.317578 0.527083 0.072656 0.070833
0 0.926562 0.522917 0.070312 0.089583
0 0.648047 0.526042 0.099219 0.106250
0 0.979297 0.553125 0.049219 0.085417
0 0.360938 0.582292 0.076563 0.087500
0 0.785937 0.580729 0.075000 0.094792
0 0.847266 0.602604 0.063281 0.086458
0 0.239453 0.602604 0.067969 0.098958
0 0.191406 0.612500 0.053125 0.087500
0 0.324609 0.617188 0.082031 0.092708
0 0.665234 0.631771 0.057031 0.086458
0 0.503125 0.664583 0.084375 0.089583
0 0.566406 0.657292 0.067187 0.100000
0 0.292969 0.671875 0.054688 0.070833
0 0.703516 0.682813 0.064844 0.094792
0 0.566406 0.722917 0.067187 0.070833
0 0.970703 0.715625 0.063281 0.070833
0 0.285547 0.733854 0.060156 0.088542
0 0.330469 0.739062 0.060937 0.082292
0 0.973437 0.765104 0.060937 0.065625
0 0.594141 0.753125 0.077344 0.089583
0 0.469531 0.749479 0.092188 0.121875
0 0.794531 0.758854 0.062500 0.092708
0 0.843750 0.764583 0.059375 0.122917
0 0.671875 0.756250 0.075000 0.122917
0 0.374219 0.802083 0.093750 0.093750
0 0.774609 0.814063 0.063281 0.086458
0 0.522656 0.807813 0.079687 0.098958
0 0.731641 0.827083 0.061719 0.081250
0 0.975000 0.840104 0.057813 0.096875
0 0.627734 0.853125 0.063281 0.093750
0 0.237109 0.850000 0.060156 0.102083
0 0.325000 0.852083 0.062500 0.104167
0 0.444141 0.875000 0.055469 0.089583
0 0.528125 0.891667 0.075000 0.100000
0 0.866016 0.882812 0.066406 0.098958
0 0.376172 0.915625 0.069531 0.093750
0 0.406641 0.951562 0.067969 0.107292
0 0.207813 0.946875 0.070312 0.089583
2 0.574219 0.814063 0.093750 0.090625
2 0.843359 0.319271 0.055469 0.098958
