0 0.293359 0.516667 0.060156 0.087500
0 0.253125 0.558333 0.073438 0.091667
0 0.214453 0.608854 0.060156 0.076042
0 0.236719 0.685417 0.064062 0.079167
0 0.286328 0.678646 0.052344 0.098958
0 0.313281 0.608333 0.046875 0.066667
0 0.344922 0.565104 0.072656 0.080208
0 0.457422 0.406250 0.080469 0.093750
0 0.494141 0.346875 0.066406 0.085417
0 0.589844 0.417708 0.068750 0.089583
0 0.547656 0.473958 0.057813 0.114583
0 0.582422 0.493229 0.057031 0.086458
0 0.463672 0.486979 0.058594 0.078125
0 0.138281 0.287500 0.065625 0.083333
0 0.180859 0.157812 0.067969 0.084375
0 0.142187 0.085938 0.060937 0.076042
0 0.089453 0.075521 0.063281 0.080208
0 0.043359 0.152604 0.058594 0.096875
0 0.119531 0.168750 0.060937 0.077083
0 0.153125 0.213542 0.093750 0.075000
0 0.922266 0.238021 0.063281 0.092708
0 0.963281 0.457292 0.060937 0.095833
0 0.884766 0.463542 0.061719 0.075000
0 0.855469 0.351562 0.060937 0.078125
0 0.856641 0.418750 0.071094 0.083333
0 0.698047 0.931771 0.071094 0.088542
0 0.275000 0.918229 0.067187 0.096875
0 0.157422 0.751042 0.069531 0.095833
0 0.101953 0.778646 0.077344 0.090625
0 0.072656 0.701042 0.059375 0.091667
0 0.038672 0.767188 0.047656 0.082292
0 0.098437 0.623958 0.057813 0.085417
0 0.175391 0.826042 0.078906 0.077083
0 0.147656 0.856250 0.068750 0.091667
0 0.080859 0.858854 0.044531 0.071875
0 0.498437 0.454167 0.051562 0.116667
0 0.241797 0.225000 0.074219 0.085417
0 0.354297 0.041146 0.091406 0.082292
0 0.467187 0.047917 0.054688 0.072917
0 0.841406 0.068229 0.065625 0.109375
0 0.788672 0.069792 0.063281 0.091667
0 0.536719 0.064062 0.079687 0.084375
0 0.589063 0.077604 0.064062 0.096875
0 0.965625 0.103646 0.065625 0.090625
0 0.639453 0.116146 0.061719 0.078125
0 0.900391 0.122396 0.066406 0.088542
0 0.267188 0.126042 0.076563 0.102083
0 0.534375 0.127604 0.060937 0.082292
0 0.796875 0.134896 0.062500 0.088542
0 0.462109 0.150000 0.066406 0.083333
0 0.364063 0.159375 0.062500 0.085417
0 0.761719 0.192188 0.064062 0.078125
0 0.870703 0.193750 0.047656 0.106250
0 0.302734 0.179688 0.075781 0.094792
0 0.562891 0.196875 0.094531 0.079167
0 0.828516 0.194271 0.060156 0.067708
0 0.072656 0.217708 0.064062 0.079167
0 0.436719 0.225000 0.078125 0.087500
0 0.620313 0.234896 0.071875 0.088542
0 0.308984 0.252083 0.082031 0.083333
0 0.550781 0.251042 0.048438 0.070833
0 0.739062 0.289062 0.064062 0.098958
0 0.335547 0.314063 0.071094 0.076042
0 0.701953 0.327604 0.060156 0.107292
0 0.774609 0.332292 0.072656 0.097917
0 0.257812 0.341146 0.071875 0.088542
0 0.960938 0.360938 0.071875 0.101042
0 0.135937 0.371354 0.059375 0.080208
0 0.179688 0.384375 0.064062 0.091667
0 0.660156 0.395833 0.059375 0.087500
0 0.069531 0.408854 0.059375 0.080208
0 0.782031 0.423958 0.070312 0.091667
0 0.742578 0.478646 0.071094 0.092708
0 0.130469 0.489063 0.070312 0.088542
0 0.837500 0.503125 0.067187 0.089583
0 0.917188 0.500521 0.068750 0.096875
0 0.093750 0.545833 0.056250 0.075000
0 0.719531 0.558854 0.059375 0.096875
0 0.668359 0.571875 0.072656 0.085417
0 0.796094 0.578125 0.079687 0.093750
0 0.559375 0.587500 0.065625 0.093750
0 0.140625 0.594792 0.046875 0.079167
0 0.416016 0.601042 0.063281 0.089583
0 0.475000 0.610417 0.068750 0.095833
0 0.756250 0.624479 0.078125 0.090625
0 0.519922 0.642188 0.066406 0.098958
0 0.346875 0.650521 0.073438 0.092708
0 0.157031 0.676042 0.076563 0.081250
0 0.605859 0.687500 0.064844 0.110417
0 0.880859 0.695833 0.063281 0.087500
0 0.651172 0.708333 0.067969 0.097917
0 0.417969 0.708854 0.064062 0.107292
0 0.567969 0.717708 0.067187 0.091667
0 0.488281 0.721875 0.071875 0.097917
0 0.373437 0.729167 0.068750 0.097917
0 0.594531 0.779167 0.067187 0.091667
0 0.441406 0.783854 0.079687 0.078125
0 0.818750 0.793229 0.067187 0.098958
0 0.239844 0.801562 0.067187 0.109375
0 0.483984 0.819792 0.067969 0.085417
0 0.294141 0.821875 0.072656 0.093750
0 0.546875 0.846354 0.070312 0.096875
0 0.788672 0.848958 0.067969 0.097917
0 0.406641 0.863542 0.060156 0.102083
0 0.639062 0.867708 0.071875 0.102083
0 0.699609 0.865625 0.072656 0.089583
0 0.965625 0.879167 0.071875 0.093750
0 0.845703 0.879687 0.069531 0.092708
0 0.462109 0.886979 0.074219 0.090625
0 0.362109 0.923438 0.069531 0.101042
0 0.133984 0.926042 0.053906 0.075000
0 0.190234 0.921875 0.071094 0.106250
0 0.807031 0.939063 0.064062 0.088542
0 0.896875 0.947396 0.076563 0.115625
0 0.400391 0.966667 0.069531 0.077083
1 0.556250 0.370312 0.068750 0.084375
