0 0.467969 0.157812 0.073438 0.090625
0 0.257422 0.196875 0.057031 0.081250
0 0.262891 0.035937 0.072656 0.061458
0 0.271875 0.938542 0.053125 0.097917
0 0.214062 0.931250 0.059375 0.072917
0 0.482812 0.290104 0.059375 0.080208
0 0.162109 0.213021 0.053906 0.086458
0 0.330469 0.113542 0.045312 0.087500
0 0.281641 0.102083 0.057031 0.095833
0 0.500781 0.220312 0.079687 0.063542
0 0.655078 0.050521 0.071094 0.080208
0 0.543359 0.261458 0.067969 0.077083
0 0.196094 0.042188 0.051562 0.084375
0 0.751953 0.035937 0.071094 0.065625
0 0.581250 0.044792 0.079687 0.089583
0 0.324609 0.035417 0.071094 0.068750
0 0.134766 0.068229 0.064844 0.090625
0 0.535547 0.072396 0.071094 0.092708
0 0.731250 0.095833 0.064062 0.083333
0 0.594922 0.114062 0.071094 0.082292
0 0.667188 0.138021 0.078125 0.107292
0 0.370703 0.169792 0.049219 0.085417
0 0.700000 0.180729 0.078125 0.098958
0 0.419531 0.183854 0.067187 0.082292
0 0.611719 0.193229 0.064062 0.088542
0 0.953125 0.202083 0.056250 0.079167
0 0.741406 0.183854 0.059375 0.063542
0 0.364063 0.227604 0.064062 0.078125
0 0.423047 0.255208 0.057031 0.091667
0 0.215625 0.270313 0.073438 0.096875
0 0.627734 0.278125 0.063281 0.104167
0 0.171484 0.293750 0.064844 0.085417
0 0.551562 0.347396 0.057813 0.107292
0 0.514453 0.360417 0.066406 0.104167
0 0.560547 0.428646 0.057031 0.092708
0 0.446094 0.636458 0.067187 0.095833
0 0.319141 0.808854 0.055469 0.094792
0 0.223047 0.850000 0.058594 0.097917
0 0.185156 0.869792 0.081250 0.087500
0 0.132031 0.967708 0.059375 0.075000
2 0.528125 0.153646 0.065625 0.084375
1 0.591016 0.317708 0.071094 0.116667
