0 0.883203 0.755729 0.057031 0.080208
0 0.591406 0.803646 0.073438 0.092708
0 0.157812 0.925000 0.056250 0.077083
0 0.032031 0.843750 0.060937 0.091667
0 0.553516 0.457813 0.066406 0.090625
0 0.854688 0.057813 0.068750 0.076042
0 0.958203 0.201563 0.063281 0.103125
0 0.572266 0.051042 0.066406 0.102083
0 0.354297 0.059896 0.083594 0.092708
0 0.624609 0.082812 0.074219 0.115625
0 0.531250 0.107292 0.073438 0.100000
0 0.451953 0.119271 0.078906 0.084375
0 0.126953 0.126562 0.075781 0.092708
0 0.690625 0.142187 0.081250 0.105208
0 0.842187 0.153646 0.071875 0.105208
0 0.229687 0.157812 0.075000 0.094792
0 0.176563 0.175521 0.056250 0.101042
0 0.491797 0.179167 0.075781 0.091667
0 0.580469 0.191667 0.071875 0.108333
0 0.896094 0.223438 0.076563 0.109375
0 0.433203 0.229687 0.075781 0.088542
0 0.787500 0.244271 0.068750 0.105208
0 0.081250 0.256771 0.078125 0.094792
0 0.321875 0.270313 0.079687 0.103125
0 0.390625 0.278646 0.075000 0.092708
0 0.208984 0.283333 0.071094 0.095833
0 0.514844 0.286979 0.073438 0.101042
0 0.880078 0.315104 0.066406 0.105208
0 0.439844 0.329167 0.067187 0.093750
0 0.974609 0.329167 0.058594 0.095833
0 0.194531 0.357292 0.064062 0.089583
0 0.761719 0.363542 0.078125 0.093750
0 0.488281 0.379688 0.067187 0.103125
0 0.602344 0.386979 0.079687 0.105208
0 0.706641 0.404167 0.067969 0.106250
0 0.353516 0.410417 0.069531 0.093750
0 0.106250 0.420312 0.079687 0.094792
0 0.760547 0.440104 0.074219 0.090625
0 0.941016 0.441667 0.069531 0.093750
0 0.293750 0.448437 0.060937 0.088542
0 0.490234 0.496875 0.072656 0.116667
0 0.904687 0.500521 0.062500 0.092708
0 0.066797 0.520833 0.075781 0.093750
0 0.447266 0.533333 0.066406 0.102083
0 0.642578 0.530729 0.067969 0.094792
0 0.197266 0.535417 0.069531 0.095833
0 0.138281 0.546354 0.073438 0.088542
0 0.825391 0.563021 0.072656 0.096875
0 0.526172 0.569271 0.077344 0.090625
0 0.271875 0.575521 0.071875 0.107292
0 0.958203 0.616667 0.072656 0.095833
0 0.558203 0.622917 0.071094 0.093750
0 0.073828 0.623958 0.063281 0.093750
0 0.342969 0.633333 0.067187 0.085417
0 0.621875 0.637500 0.079687 0.091667
0 0.787891 0.649479 0.063281 0.109375
0 0.155859 0.648438 0.082031 0.088542
0 0.421484 0.658333 0.072656 0.102083
0 0.162500 0.703125 0.067187 0.075000
0 0.211328 0.708854 0.055469 0.094792
0 0.152344 0.730729 0.078125 0.084375
0 0.318750 0.727604 0.071875 0.098958
0 0.812109 0.753125 0.067969 0.089583
0 0.478906 0.755729 0.073438 0.111458
0 0.258984 0.759375 0.078906 0.095833
0 0.428906 0.782292 0.079687 0.102083
0 0.767578 0.789583 0.069531 0.100000
0 0.345703 0.793750 0.072656 0.095833
0 0.517578 0.796875 0.071094 0.093750
0 0.147656 0.805208 0.081250 0.097917
0 0.715625 0.828125 0.073438 0.077083
0 0.232813 0.849479 0.068750 0.101042
0 0.828906 0.864583 0.065625 0.085417
0 0.692578 0.873958 0.086719 0.085417
0 0.307812 0.875000 0.079687 0.091667
0 0.112500 0.870833 0.073438 0.116667
0 0.439063 0.882292 0.071875 0.093750
0 0.590625 0.906771 0.068750 0.103125
0 0.497266 0.919271 0.080469 0.101042
0 0.798438 0.917708 0.057813 0.100000
0 0.339453 0.945833 0.096094 0.118750
0 0.665234 0.942708 0.074219 0.085417
0 0.414844 0.957292 0.079687 0.095833
3 0.516406 0.679688 0.079687 0.107292
