0 0.544141 0.613542 0.058594 0.064583
0 0.143359 0.445312 0.055469 0.094792
0 0.912109 0.710938 0.063281 0.080208
0 0.953125 0.668750 0.057813 0.070833
0 0.783203 0.263542 0.077344 0.075000
0 0.228125 0.036979 0.071875 0.073958
0 0.345313 0.042188 0.065625 0.084375
0 0.591406 0.039583 0.062500 0.079167
0 0.085156 0.041146 0.059375 0.082292
0 0.766406 0.041146 0.065625 0.082292
0 0.144141 0.051562 0.063281 0.088542
0 0.904687 0.064583 0.068750 0.077083
0 0.401562 0.067187 0.062500 0.082292
0 0.508594 0.082292 0.071875 0.075000
0 0.649219 0.089583 0.057813 0.079167
0 0.244141 0.094271 0.067969 0.071875
0 0.851953 0.099479 0.064844 0.076042
0 0.758203 0.117188 0.072656 0.071875
0 0.167187 0.135417 0.064062 0.089583
0 0.320703 0.135417 0.058594 0.083333
0 0.475781 0.142708 0.059375 0.083333
0 0.605859 0.153646 0.067969 0.078125
0 0.537500 0.155729 0.067187 0.086458
0 0.118359 0.164062 0.061719 0.086458
0 0.976172 0.165625 0.055469 0.081250
0 0.370703 0.163542 0.061719 0.087500
0 0.768359 0.185938 0.067969 0.078125
0 0.430469 0.190104 0.070312 0.090625
0 0.699609 0.194271 0.060156 0.076042
0 0.828516 0.207813 0.060156 0.088542
0 0.205859 0.202604 0.061719 0.084375
0 0.029297 0.207813 0.058594 0.080208
0 0.282813 0.210938 0.060937 0.084375
0 0.594922 0.231250 0.066406 0.085417
0 0.875000 0.238542 0.065625 0.085417
0 0.951953 0.239583 0.058594 0.083333
0 0.121094 0.246875 0.064062 0.081250
0 0.469141 0.264583 0.066406 0.091667
0 0.669141 0.287500 0.066406 0.087500
0 0.258594 0.287500 0.067187 0.091667
0 0.908203 0.294792 0.072656 0.077083
0 0.032031 0.301042 0.064062 0.087500
0 0.556641 0.314063 0.063281 0.084375
0 0.088281 0.318229 0.062500 0.088542
0 0.796875 0.337500 0.067187 0.075000
0 0.439844 0.350000 0.053125 0.093750
0 0.705859 0.352604 0.067969 0.082292
0 0.394531 0.363021 0.059375 0.090625
0 0.613672 0.353646 0.057031 0.076042
0 0.246094 0.373437 0.062500 0.092708
0 0.919141 0.374479 0.075781 0.090625
0 0.051953 0.385417 0.066406 0.089583
0 0.758594 0.393750 0.062500 0.083333
0 0.299219 0.400521 0.060937 0.086458
0 0.481641 0.396875 0.063281 0.097917
0 0.571094 0.406771 0.056250 0.086458
0 0.976562 0.409375 0.054688 0.089583
0 0.820312 0.410938 0.067187 0.082292
0 0.681641 0.414583 0.078906 0.070833
0 0.360547 0.413021 0.064844 0.090625
0 0.527344 0.422396 0.054688 0.071875
0 0.616797 0.451562 0.061719 0.082292
0 0.933594 0.453646 0.060937 0.076042
0 0.771875 0.459375 0.076563 0.066667
0 0.033594 0.460938 0.067187 0.092708
0 0.201953 0.467708 0.067969 0.093750
0 0.098047 0.473438 0.067969 0.090625
0 0.319531 0.483854 0.051562 0.080208
0 0.683594 0.479167 0.062500 0.075000
0 0.877734 0.472917 0.066406 0.104167
0 0.433203 0.481771 0.061719 0.084375
0 0.505078 0.486979 0.066406 0.084375
0 0.370312 0.508854 0.073438 0.092708
0 0.267578 0.508333 0.069531 0.097917
0 0.771094 0.526563 0.064062 0.073958
0 0.595313 0.526042 0.067187 0.087500
0 0.122266 0.543229 0.060156 0.082292
0 0.539062 0.547396 0.068750 0.076042
0 0.717578 0.560417 0.063281 0.081250
0 0.323828 0.565104 0.058594 0.076042
0 0.830859 0.576042 0.057031 0.089583
0 0.886328 0.571354 0.058594 0.078125
0 0.233594 0.576562 0.067187 0.086458
0 0.394531 0.579688 0.059375 0.078125
0 0.160156 0.594271 0.062500 0.088542
0 0.473047 0.600000 0.064844 0.083333
0 0.779297 0.601562 0.063281 0.080208
0 0.636719 0.602083 0.057813 0.072917
0 0.967578 0.608854 0.049219 0.069792
0 0.919141 0.608333 0.063281 0.095833
0 0.350781 0.629687 0.059375 0.078125
0 0.726953 0.645833 0.063281 0.081250
0 0.216797 0.668229 0.063281 0.090625
0 0.447266 0.671875 0.063281 0.083333
0 0.550391 0.679167 0.063281 0.077083
0 0.275781 0.691667 0.065625 0.085417
0 0.838672 0.691146 0.061719 0.082292
0 0.628125 0.729688 0.057813 0.103125
0 0.175781 0.730729 0.057813 0.086458
0 0.789062 0.727083 0.054688 0.075000
0 0.322656 0.738542 0.051562 0.089583
0 0.679688 0.734375 0.057813 0.097917
0 0.498437 0.733333 0.067187 0.083333
0 0.377734 0.750000 0.061719 0.085417
0 0.117188 0.750000 0.067187 0.085417
0 0.735938 0.750521 0.064062 0.086458
0 0.055078 0.758333 0.060156 0.079167
0 0.879297 0.761979 0.071094 0.092708
0 0.280859 0.776563 0.072656 0.090625
0 0.951953 0.773438 0.067969 0.076042
0 0.216016 0.777083 0.060156 0.083333
0 0.030859 0.796875 0.061719 0.077083
0 0.540234 0.792188 0.078906 0.086458
0 0.657031 0.808854 0.062500 0.082292
0 0.414844 0.816667 0.051562 0.089583
0 0.092969 0.820312 0.065625 0.080208
0 0.832812 0.821354 0.068750 0.082292
0 0.156641 0.826042 0.063281 0.083333
0 0.528906 0.845833 0.060937 0.070833
0 0.937891 0.839063 0.069531 0.078125
0 0.257031 0.840625 0.065625 0.083333
0 0.584375 0.844271 0.054688 0.073958
0 0.709375 0.847396 0.065625 0.086458
0 0.781250 0.862500 0.064062 0.087500
0 0.373828 0.872396 0.064844 0.084375
0 0.663281 0.894792 0.068750 0.085417
0 0.087500 0.893750 0.060937 0.079167
0 0.317188 0.895312 0.057813 0.076042
0 0.030469 0.908854 0.060937 0.076042
0 0.411328 0.908333 0.066406 0.085417
0 0.950000 0.913021 0.071875 0.065625
0 0.739062 0.913021 0.064062 0.082292
0 0.117188 0.956771 0.060937 0.078125
0 0.664453 0.968750 0.069531 0.072917
1 0.579297 0.752083 0.063281 0.093750
