0 0.155469 0.426563 0.070312 0.082292
0 0.454688 0.607292 0.065625 0.102083
0 0.218750 0.793750 0.067187 0.079167
0 0.061719 0.595313 0.062500 0.086458
0 0.094922 0.677083 0.061719 0.081250
0 0.052344 0.818750 0.056250 0.062500
0 0.435156 0.379688 0.060937 0.088542
0 0.295703 0.947917 0.064844 0.075000
0 0.472656 0.457292 0.073438 0.087500
0 0.410156 0.558854 0.057813 0.069792
0 0.563281 0.693229 0.051562 0.080208
0 0.161719 0.036458 0.067187 0.072917
0 0.685547 0.038542 0.075781 0.077083
0 0.628906 0.049479 0.067187 0.086458
0 0.100000 0.056250 0.073438 0.089583
0 0.550391 0.058333 0.066406 0.091667
0 0.613672 0.224479 0.069531 0.092708
0 0.457031 0.230208 0.068750 0.083333
0 0.903906 0.241667 0.067187 0.087500
0 0.557422 0.257812 0.072656 0.103125
0 0.101953 0.263021 0.077344 0.098958
0 0.343750 0.282813 0.068750 0.090625
0 0.129688 0.316146 0.070312 0.092708
0 0.483203 0.317708 0.071094 0.095833
0 0.555469 0.351042 0.071875 0.093750
0 0.033594 0.321875 0.067187 0.108333
0 0.033594 0.401562 0.067187 0.109375
0 0.353125 0.358854 0.076563 0.073958
0 0.085156 0.372917 0.065625 0.093750
0 0.608203 0.378646 0.069531 0.084375
0 0.227344 0.383854 0.067187 0.084375
0 0.348438 0.432812 0.081250 0.121875
0 0.532422 0.463021 0.055469 0.090625
0 0.580469 0.466667 0.064062 0.104167
0 0.032422 0.474479 0.064844 0.094792
0 0.085938 0.500521 0.059375 0.094792
0 0.348047 0.520312 0.077344 0.088542
0 0.173047 0.519271 0.069531 0.111458
0 0.310547 0.567187 0.052344 0.094792
0 0.118359 0.610938 0.069531 0.098958
0 0.044531 0.682813 0.089063 0.113542
0 0.450781 0.696875 0.065625 0.100000
0 0.598828 0.748437 0.066406 0.088542
0 0.117969 0.772396 0.076563 0.086458
0 0.458594 0.778646 0.064062 0.073958
0 0.516797 0.817708 0.061719 0.085417
0 0.106250 0.837500 0.071875 0.077083
0 0.467969 0.858854 0.070312 0.092708
0 0.307031 0.864062 0.071875 0.086458
0 0.536719 0.896354 0.067187 0.090625
0 0.239844 0.910417 0.062500 0.085417
0 0.482812 0.923438 0.053125 0.078125
0 0.357422 0.948438 0.058594 0.101042
0 0.447266 0.959375 0.086719 0.091667
2 0.500000 0.540625 0.085938 0.110417
