0 0.393750 0.449479 0.067187 0.071875
0 0.535547 0.209375 0.057031 0.091667
0 0.339453 0.074479 0.049219 0.071875
0 0.366797 0.095833 0.055469 0.068750
0 0.928516 0.148958 0.069531 0.081250
0 0.978516 0.243229 0.042969 0.082292
0 0.471875 0.928125 0.062500 0.077083
0 0.060547 0.798958 0.064844 0.079167
0 0.055469 0.953646 0.053125 0.065625
0 0.089063 0.863542 0.056250 0.068750
0 0.619922 0.391667 0.055469 0.079167
0 0.615625 0.314063 0.057813 0.076042
0 0.807031 0.443229 0.045312 0.069792
0 0.849609 0.470313 0.047656 0.065625
0 0.190625 0.041667 0.087500 0.083333
0 0.480859 0.042188 0.064844 0.084375
0 0.575781 0.043229 0.060937 0.078125
0 0.783984 0.048438 0.080469 0.096875
0 0.901563 0.048958 0.059375 0.083333
0 0.641797 0.056771 0.064844 0.082292
0 0.852344 0.058333 0.070312 0.116667
0 0.719922 0.072396 0.071094 0.086458
0 0.109375 0.073958 0.062500 0.075000
0 0.951172 0.063021 0.067969 0.073958
0 0.057813 0.079687 0.064062 0.084375
0 0.598437 0.091146 0.065625 0.082292
0 0.415625 0.093229 0.057813 0.082292
0 0.771875 0.106771 0.062500 0.073958
0 0.545312 0.108333 0.068750 0.077083
0 0.302344 0.110937 0.068750 0.080208
0 0.444531 0.142708 0.064062 0.081250
0 0.496484 0.159375 0.064844 0.083333
0 0.187891 0.160938 0.064844 0.082292
0 0.626953 0.160938 0.055469 0.076042
0 0.239453 0.166146 0.063281 0.080208
0 0.395703 0.167187 0.069531 0.080208
0 0.307031 0.175000 0.062500 0.081250
0 0.730859 0.189062 0.063281 0.086458
0 0.131641 0.197917 0.064844 0.085417
0 0.904687 0.206250 0.067187 0.089583
0 0.771484 0.211458 0.066406 0.085417
0 0.379688 0.214062 0.071875 0.080208
0 0.648047 0.223958 0.064844 0.083333
0 0.856250 0.242708 0.062500 0.083333
0 0.794141 0.245833 0.058594 0.081250
0 0.487109 0.248958 0.055469 0.083333
0 0.697266 0.257292 0.063281 0.083333
0 0.603125 0.259896 0.056250 0.092708
0 0.120703 0.261979 0.055469 0.073958
0 0.444141 0.252604 0.053906 0.065625
0 0.379688 0.278125 0.062500 0.079167
0 0.251172 0.295833 0.060156 0.081250
0 0.180469 0.300000 0.053125 0.091667
0 0.967969 0.329167 0.054688 0.081250
0 0.144922 0.348438 0.060156 0.084375
0 0.668750 0.348438 0.062500 0.086458
0 0.862500 0.353646 0.060937 0.076042
0 0.570312 0.355729 0.051562 0.073958
0 0.719922 0.367708 0.063281 0.085417
0 0.449609 0.375000 0.063281 0.081250
0 0.814453 0.367708 0.060156 0.081250
0 0.367969 0.382812 0.065625 0.080208
0 0.765625 0.378646 0.060937 0.094792
0 0.944922 0.384375 0.064844 0.085417
0 0.267969 0.394792 0.065625 0.085417
0 0.215234 0.395313 0.063281 0.086458
0 0.320312 0.407813 0.062500 0.069792
0 0.892188 0.425521 0.051562 0.092708
0 0.711328 0.439583 0.050781 0.091667
0 0.667969 0.446354 0.059375 0.073958
0 0.558203 0.451562 0.061719 0.082292
0 0.225391 0.489583 0.058594 0.077083
0 0.758203 0.520312 0.052344 0.080208
0 0.715625 0.517188 0.056250 0.094792
0 0.055078 0.531250 0.058594 0.079167
0 0.375391 0.540625 0.060156 0.087500
0 0.462109 0.545312 0.066406 0.084375
0 0.672656 0.546354 0.057813 0.080208
0 0.574609 0.561458 0.060156 0.089583
0 0.244531 0.567708 0.059375 0.083333
0 0.785156 0.569271 0.060937 0.082292
0 0.915234 0.577604 0.067969 0.080208
0 0.179297 0.589583 0.058594 0.079167
0 0.310937 0.590625 0.068750 0.083333
0 0.861719 0.591667 0.064062 0.079167
0 0.525000 0.600000 0.065625 0.089583
0 0.466406 0.610938 0.057813 0.080208
0 0.261719 0.619792 0.070312 0.079167
0 0.412109 0.622396 0.060156 0.078125
0 0.752344 0.625521 0.059375 0.076042
0 0.969141 0.634896 0.069531 0.096875
0 0.209766 0.646875 0.064844 0.081250
0 0.895312 0.648958 0.064062 0.087500
0 0.085547 0.665104 0.060156 0.082292
0 0.838281 0.668229 0.062500 0.080208
0 0.030469 0.678125 0.057813 0.077083
0 0.411328 0.683854 0.060156 0.076042
0 0.680469 0.685417 0.062500 0.075000
0 0.316797 0.695833 0.055469 0.091667
0 0.862500 0.698958 0.056250 0.081250
0 0.274219 0.695312 0.054688 0.094792
0 0.178906 0.706771 0.062500 0.084375
0 0.778516 0.711979 0.061719 0.082292
0 0.953516 0.712500 0.055469 0.079167
0 0.730078 0.732292 0.058594 0.083333
0 0.523438 0.748958 0.065625 0.087500
0 0.616797 0.760417 0.058594 0.077083
0 0.203516 0.760938 0.066406 0.088542
0 0.344531 0.763542 0.059375 0.077083
0 0.888281 0.778646 0.062500 0.082292
0 0.666406 0.782813 0.067187 0.086458
0 0.408984 0.798438 0.064844 0.082292
0 0.803516 0.798958 0.057031 0.081250
0 0.307031 0.807292 0.062500 0.077083
0 0.946094 0.820833 0.068750 0.085417
0 0.716016 0.823438 0.063281 0.078125
0 0.351172 0.836458 0.058594 0.083333
0 0.445312 0.846875 0.059375 0.070833
0 0.865234 0.857812 0.061719 0.084375
0 0.172266 0.900521 0.063281 0.088542
0 0.678125 0.900000 0.062500 0.081250
0 0.747266 0.919792 0.061719 0.079167
0 0.844141 0.941667 0.063281 0.083333
0 0.625391 0.956771 0.066406 0.096875
0 0.163672 0.967187 0.063281 0.076042
1 0.505859 0.398438 0.058594 0.092708
1 0.116016 0.485417 0.061719 0.087500
1 0.569141 0.268229 0.053906 0.078125
