0 0.039453 0.534896 0.061719 0.078125
0 0.899609 0.045833 0.053906 0.072917
0 0.662500 0.747396 0.082812 0.053125
0 0.827344 0.541146 0.060937 0.073958
0 0.083594 0.047396 0.079687 0.094792
0 0.954297 0.042188 0.064844 0.084375
0 0.782031 0.059896 0.065625 0.094792
0 0.580469 0.067187 0.062500 0.094792
0 0.046484 0.067187 0.066406 0.090625
0 0.463672 0.071875 0.064844 0.077083
0 0.339062 0.080208 0.070312 0.091667
0 0.637500 0.084896 0.068750 0.086458
0 0.728516 0.091667 0.071094 0.091667
0 0.150391 0.094271 0.069531 0.092708
0 0.220703 0.116146 0.067969 0.086458
0 0.951562 0.122396 0.068750 0.094792
0 0.284375 0.125000 0.064062 0.085417
0 0.531250 0.123438 0.068750 0.086458
0 0.677344 0.139583 0.065625 0.106250
0 0.781250 0.150521 0.057813 0.088542
0 0.617188 0.152604 0.067187 0.086458
0 0.341016 0.164583 0.066406 0.091667
0 0.728906 0.172396 0.064062 0.080208
0 0.918750 0.167708 0.070312 0.093750
0 0.498047 0.179167 0.067969 0.079167
0 0.250391 0.184375 0.064844 0.087500
0 0.570703 0.180208 0.069531 0.093750
0 0.106250 0.211458 0.067187 0.085417
0 0.686719 0.219792 0.064062 0.087500
0 0.164062 0.226042 0.054688 0.075000
0 0.623828 0.227604 0.066406 0.082292
0 0.205469 0.230729 0.056250 0.111458
0 0.746875 0.235417 0.060937 0.081250
0 0.046094 0.251563 0.068750 0.086458
0 0.916406 0.251042 0.076563 0.085417
0 0.323047 0.257292 0.063281 0.089583
0 0.576562 0.263021 0.065625 0.080208
0 0.798047 0.271875 0.069531 0.095833
0 0.110547 0.280729 0.088281 0.080208
0 0.842578 0.302604 0.067969 0.119792
0 0.621484 0.306250 0.060156 0.079167
0 0.297266 0.316667 0.064844 0.089583
0 0.915234 0.317708 0.088281 0.072917
0 0.150781 0.338021 0.059375 0.119792
0 0.568359 0.334375 0.060156 0.077083
0 0.197656 0.351562 0.060937 0.096875
0 0.100391 0.359375 0.066406 0.087500
0 0.870313 0.366146 0.060937 0.088542
0 0.917578 0.373958 0.057031 0.070833
0 0.968359 0.385417 0.067969 0.100000
0 0.283984 0.393229 0.066406 0.084375
0 0.566406 0.412500 0.065625 0.083333
0 0.501563 0.420833 0.071875 0.102083
0 0.131641 0.420312 0.063281 0.080208
0 0.439453 0.413542 0.069531 0.077083
0 0.077734 0.446354 0.063281 0.094792
0 0.375000 0.460938 0.068750 0.086458
0 0.830078 0.460938 0.066406 0.078125
0 0.621484 0.468229 0.061719 0.080208
0 0.517188 0.478646 0.050000 0.069792
0 0.567969 0.493750 0.064062 0.087500
0 0.146875 0.492708 0.068750 0.089583
0 0.239453 0.494792 0.069531 0.089583
0 0.779297 0.507812 0.057031 0.076042
0 0.700000 0.507292 0.068750 0.085417
0 0.476172 0.526042 0.071094 0.097917
0 0.108203 0.539062 0.077344 0.080208
0 0.394141 0.532292 0.067969 0.085417
0 0.184375 0.540625 0.062500 0.081250
0 0.528516 0.550000 0.071094 0.089583
0 0.738281 0.545833 0.067187 0.081250
0 0.058203 0.598437 0.058594 0.092708
0 0.690625 0.606250 0.062500 0.093750
0 0.300391 0.609896 0.066406 0.086458
0 0.109375 0.606250 0.057813 0.085417
0 0.542578 0.608333 0.074219 0.070833
0 0.832031 0.624479 0.059375 0.096875
0 0.744922 0.621875 0.060156 0.089583
0 0.225781 0.616146 0.060937 0.076042
0 0.614453 0.626042 0.064844 0.087500
0 0.784766 0.652083 0.060156 0.083333
0 0.530469 0.669792 0.065625 0.077083
0 0.049219 0.675521 0.075000 0.082292
0 0.278516 0.681771 0.064844 0.090625
0 0.705469 0.693750 0.059375 0.083333
0 0.866406 0.700521 0.064062 0.082292
0 0.072266 0.707812 0.085156 0.071875
0 0.907813 0.731250 0.065625 0.095833
0 0.551953 0.734375 0.074219 0.089583
0 0.964063 0.741146 0.060937 0.088542
0 0.227344 0.761979 0.057813 0.082292
0 0.280859 0.769792 0.060156 0.085417
0 0.780859 0.767708 0.063281 0.081250
0 0.123047 0.772396 0.061719 0.090625
0 0.062109 0.771354 0.064844 0.078125
0 0.182422 0.793229 0.063281 0.092708
0 0.505078 0.790625 0.061719 0.079167
0 0.935547 0.792188 0.060156 0.082292
0 0.669531 0.809896 0.062500 0.084375
0 0.560547 0.809896 0.061719 0.080208
0 0.881641 0.820833 0.069531 0.089583
0 0.614844 0.825000 0.059375 0.087500
0 0.305859 0.831250 0.063281 0.085417
0 0.087891 0.835938 0.064844 0.084375
0 0.240625 0.839583 0.070312 0.091667
0 0.778516 0.846875 0.066406 0.081250
0 0.148438 0.846354 0.065625 0.088542
0 0.824609 0.845313 0.058594 0.107292
0 0.359766 0.866146 0.067969 0.086458
0 0.491797 0.863542 0.069531 0.081250
0 0.425000 0.888542 0.071875 0.097917
0 0.685156 0.881771 0.071875 0.082292
0 0.194141 0.886979 0.072656 0.105208
0 0.878906 0.901042 0.068750 0.083333
0 0.099219 0.915104 0.076563 0.090625
0 0.251953 0.917188 0.066406 0.073958
0 0.785156 0.917708 0.057813 0.079167
0 0.829297 0.929167 0.061719 0.083333
0 0.326953 0.939063 0.060156 0.086458
0 0.383594 0.934896 0.062500 0.082292
0 0.464844 0.940104 0.067187 0.086458
0 0.650391 0.962500 0.064844 0.085417
2 0.436328 0.487500 0.075781 0.091667
