0 0.454297 0.411458 0.063281 0.077083
0 0.142969 0.431771 0.053125 0.073958
0 0.095312 0.453646 0.054688 0.067708
0 0.065625 0.501042 0.053125 0.066667
0 0.119531 0.521354 0.059375 0.071875
0 0.170313 0.514062 0.064062 0.076042
0 0.187891 0.468750 0.060156 0.064583
0 0.314453 0.468229 0.058594 0.080208
0 0.346094 0.476562 0.057813 0.080208
0 0.119141 0.828646 0.049219 0.094792
0 0.196484 0.668750 0.044531 0.083333
0 0.735156 0.081250 0.067187 0.083333
0 0.746094 0.160417 0.065625 0.087500
0 0.772266 0.281771 0.058594 0.084375
0 0.823438 0.250521 0.054688 0.071875
0 0.825000 0.186979 0.064062 0.069792
0 0.786719 0.108333 0.056250 0.077083
0 0.813672 0.144792 0.063281 0.072917
0 0.942969 0.186458 0.067187 0.081250
0 0.757812 0.245833 0.059375 0.066667
0 0.707422 0.250521 0.047656 0.061458
0 0.909766 0.102604 0.060156 0.069792
0 0.892578 0.056250 0.057031 0.072917
0 0.693750 0.743750 0.050000 0.072917
0 0.270703 0.966667 0.055469 0.064583
0 0.031250 0.032813 0.059375 0.065625
0 0.530859 0.259896 0.046094 0.088542
0 0.450781 0.035417 0.065625 0.070833
0 0.082422 0.039062 0.061719 0.078125
0 0.645312 0.039062 0.060937 0.078125
0 0.320312 0.051042 0.059375 0.075000
0 0.828906 0.050521 0.054688 0.071875
0 0.445703 0.069792 0.050781 0.085417
0 0.217969 0.061458 0.059375 0.075000
0 0.462500 0.091146 0.059375 0.076042
0 0.098828 0.093750 0.060156 0.085417
0 0.855078 0.102083 0.061719 0.087500
0 0.350000 0.106250 0.062500 0.079167
0 0.685547 0.110937 0.060156 0.076042
0 0.221875 0.120833 0.062500 0.075000
0 0.305078 0.124479 0.055469 0.080208
0 0.169531 0.126042 0.067187 0.085417
0 0.115625 0.142187 0.065625 0.082292
0 0.589063 0.142187 0.065625 0.086458
0 0.477734 0.143229 0.067969 0.088542
0 0.390234 0.156771 0.064844 0.090625
0 0.639453 0.175000 0.063281 0.091667
0 0.292578 0.188542 0.064844 0.081250
0 0.688281 0.189583 0.057813 0.089583
0 0.178906 0.197396 0.059375 0.090625
0 0.481641 0.211458 0.061719 0.081250
0 0.579297 0.212500 0.057031 0.087500
0 0.069922 0.217188 0.061719 0.086458
0 0.226562 0.239063 0.065625 0.086458
0 0.650781 0.245312 0.053125 0.082292
0 0.138281 0.248958 0.060937 0.085417
0 0.907422 0.248438 0.060156 0.086458
0 0.271094 0.273438 0.064062 0.088542
0 0.349609 0.280729 0.066406 0.086458
0 0.414062 0.283854 0.060937 0.088542
0 0.087891 0.280729 0.063281 0.084375
0 0.187891 0.288542 0.057031 0.079167
0 0.028906 0.292708 0.057813 0.087500
0 0.861328 0.299479 0.066406 0.092708
0 0.299609 0.301042 0.060156 0.085417
0 0.585938 0.302083 0.065625 0.077083
0 0.723047 0.318229 0.061719 0.067708
0 0.116406 0.338542 0.064062 0.087500
0 0.669141 0.342187 0.064844 0.082292
0 0.501172 0.345833 0.063281 0.097917
0 0.169922 0.352604 0.067969 0.086458
0 0.802344 0.355729 0.067187 0.094792
0 0.273828 0.360417 0.057031 0.089583
0 0.749219 0.361979 0.062500 0.080208
0 0.691016 0.382292 0.063281 0.083333
0 0.582812 0.382292 0.064062 0.089583
0 0.905859 0.407813 0.061719 0.086458
0 0.227734 0.417708 0.061719 0.083333
0 0.825000 0.447917 0.065625 0.081250
0 0.730469 0.478125 0.060937 0.083333
0 0.845703 0.490104 0.074219 0.071875
0 0.587109 0.492708 0.069531 0.095833
0 0.680859 0.527083 0.057031 0.081250
0 0.316797 0.536979 0.064844 0.078125
0 0.642188 0.536458 0.046875 0.072917
0 0.269531 0.540625 0.054688 0.081250
0 0.754297 0.541146 0.063281 0.078125
0 0.848828 0.560417 0.061719 0.079167
0 0.072656 0.566667 0.064062 0.085417
0 0.976172 0.564583 0.055469 0.079167
0 0.249609 0.581771 0.061719 0.086458
0 0.897266 0.585938 0.061719 0.073958
0 0.489844 0.590104 0.067187 0.080208
0 0.400391 0.593750 0.064844 0.087500
0 0.596875 0.612500 0.065625 0.087500
0 0.762109 0.615625 0.055469 0.089583
0 0.283203 0.647917 0.060156 0.079167
0 0.972266 0.651042 0.063281 0.093750
0 0.391406 0.662500 0.067187 0.085417
0 0.802344 0.665625 0.060937 0.077083
0 0.919922 0.672396 0.061719 0.084375
0 0.733984 0.676562 0.058594 0.078125
0 0.140234 0.679688 0.063281 0.082292
0 0.878516 0.696354 0.061719 0.092708
0 0.085547 0.709375 0.057031 0.077083
0 0.622656 0.716146 0.062500 0.080208
0 0.029297 0.720313 0.058594 0.080208
0 0.963281 0.721875 0.060937 0.081250
0 0.805078 0.727604 0.066406 0.080208
0 0.526172 0.741667 0.069531 0.083333
0 0.471875 0.752604 0.064062 0.082292
0 0.851562 0.761458 0.059375 0.085417
0 0.194141 0.765625 0.069531 0.083333
0 0.251172 0.766667 0.067969 0.085417
0 0.334766 0.772396 0.052344 0.073958
0 0.125391 0.765104 0.067969 0.073958
0 0.586328 0.769271 0.066406 0.084375
0 0.637500 0.786979 0.060937 0.084375
0 0.944141 0.805729 0.058594 0.082292
0 0.731641 0.823438 0.060156 0.080208
0 0.427734 0.836458 0.060156 0.085417
0 0.293359 0.841146 0.058594 0.082292
0 0.653516 0.859375 0.061719 0.072917
0 0.071094 0.863542 0.059375 0.083333
0 0.522266 0.863021 0.063281 0.067708
0 0.969922 0.864583 0.067969 0.122917
0 0.773047 0.891667 0.058594 0.079167
0 0.844531 0.892708 0.054688 0.072917
0 0.607422 0.906771 0.066406 0.078125
0 0.423438 0.910937 0.067187 0.096875
0 0.691016 0.915625 0.063281 0.081250
0 0.224219 0.924479 0.057813 0.082292
0 0.553125 0.922396 0.065625 0.084375
0 0.499219 0.930729 0.067187 0.080208
0 0.910547 0.960417 0.075781 0.089583
0 0.752344 0.964063 0.064062 0.082292
1 0.525000 0.557813 0.067187 0.088542
2 0.352734 0.888542 0.061719 0.079167
2 0.356641 0.789583 0.072656 0.075000
