0 0.491406 0.948958 0.064062 0.068750
0 0.177344 0.085417 0.067187 0.075000
0 0.649609 0.570833 0.057031 0.083333
0 0.658203 0.650521 0.067969 0.090625
0 0.714063 0.626042 0.067187 0.091667
0 0.956250 0.335938 0.054688 0.067708
0 0.880859 0.932292 0.058594 0.081250
0 0.962500 0.036458 0.060937 0.072917
0 0.080078 0.038542 0.064844 0.077083
0 0.379297 0.042708 0.064844 0.085417
0 0.911328 0.043750 0.066406 0.087500
0 0.483203 0.044271 0.063281 0.088542
0 0.580078 0.059375 0.082031 0.118750
0 0.423438 0.081250 0.057813 0.079167
0 0.849219 0.089063 0.062500 0.082292
0 0.339062 0.095312 0.060937 0.082292
0 0.514844 0.098437 0.064062 0.086458
0 0.119531 0.102604 0.056250 0.078125
0 0.066016 0.100521 0.074219 0.090625
0 0.250391 0.109896 0.050781 0.069792
0 0.975781 0.123958 0.056250 0.089583
0 0.608984 0.128125 0.069531 0.085417
0 0.387109 0.140104 0.060156 0.084375
0 0.479297 0.157812 0.063281 0.073958
0 0.927734 0.164062 0.063281 0.092708
0 0.306641 0.164062 0.060156 0.080208
0 0.044141 0.165104 0.063281 0.080208
0 0.663672 0.169271 0.058594 0.078125
0 0.878125 0.182292 0.059375 0.081250
0 0.425000 0.191667 0.060937 0.079167
0 0.201563 0.193750 0.062500 0.081250
0 0.602344 0.197917 0.064062 0.087500
0 0.111719 0.213021 0.062500 0.080208
0 0.700781 0.217188 0.056250 0.086458
0 0.931250 0.222917 0.065625 0.081250
0 0.751172 0.227604 0.069531 0.090625
0 0.459375 0.240625 0.064062 0.079167
0 0.231641 0.251042 0.061719 0.083333
0 0.657031 0.253646 0.064062 0.084375
0 0.042578 0.263542 0.064844 0.089583
0 0.537891 0.264062 0.063281 0.084375
0 0.146484 0.268750 0.057031 0.077083
0 0.894531 0.276562 0.064062 0.088542
0 0.449219 0.304167 0.067187 0.081250
0 0.760156 0.298958 0.059375 0.085417
0 0.841016 0.306250 0.066406 0.089583
0 0.233203 0.316146 0.064844 0.078125
0 0.618750 0.341667 0.064062 0.079167
0 0.719531 0.346354 0.067187 0.084375
0 0.176563 0.348438 0.062500 0.086458
0 0.421094 0.355208 0.062500 0.081250
0 0.054297 0.355208 0.067969 0.085417
0 0.308594 0.363021 0.062500 0.086458
0 0.773828 0.383333 0.066406 0.087500
0 0.115625 0.390104 0.064062 0.084375
0 0.576953 0.400521 0.064844 0.090625
0 0.640625 0.400521 0.064062 0.078125
0 0.689063 0.419792 0.060937 0.081250
0 0.167578 0.423438 0.064844 0.084375
0 0.333984 0.433333 0.063281 0.091667
0 0.437891 0.442708 0.060156 0.075000
0 0.280078 0.446875 0.069531 0.083333
0 0.384375 0.451562 0.060937 0.084375
0 0.613672 0.457813 0.067969 0.084375
0 0.222656 0.458854 0.070312 0.086458
0 0.717969 0.478125 0.068750 0.093750
0 0.905469 0.478646 0.062500 0.082292
0 0.458984 0.479687 0.063281 0.080208
0 0.570312 0.502083 0.067187 0.079167
0 0.343359 0.509896 0.067969 0.092708
0 0.783203 0.515625 0.061719 0.081250
0 0.077344 0.518229 0.071875 0.076042
0 0.181641 0.516667 0.064844 0.087500
0 0.527344 0.539583 0.059375 0.085417
0 0.279687 0.550521 0.065625 0.090625
0 0.703516 0.548438 0.066406 0.080208
0 0.425000 0.579167 0.060937 0.083333
0 0.757422 0.585938 0.061719 0.082292
0 0.510547 0.590625 0.071094 0.085417
0 0.866016 0.594271 0.063281 0.076042
0 0.355469 0.598958 0.067187 0.097917
0 0.589063 0.605729 0.071875 0.084375
0 0.043359 0.612500 0.063281 0.083333
0 0.816406 0.621875 0.060937 0.081250
0 0.153125 0.632292 0.078125 0.077083
0 0.498047 0.655208 0.071094 0.089583
0 0.393359 0.655729 0.077344 0.088542
0 0.713281 0.703646 0.068750 0.092708
0 0.351562 0.700521 0.079687 0.105208
0 0.621875 0.708854 0.067187 0.084375
0 0.808203 0.711458 0.064844 0.081250
0 0.294922 0.724479 0.063281 0.092708
0 0.109766 0.731250 0.067969 0.089583
0 0.760547 0.739583 0.064844 0.087500
0 0.056641 0.746354 0.066406 0.080208
0 0.470313 0.747396 0.065625 0.088542
0 0.222656 0.757812 0.067187 0.090625
0 0.520703 0.763542 0.072656 0.097917
0 0.366406 0.769792 0.084375 0.095833
0 0.418359 0.794792 0.072656 0.089583
0 0.578906 0.801042 0.068750 0.089583
0 0.887500 0.809375 0.070312 0.085417
0 0.948438 0.813542 0.062500 0.081250
0 0.146875 0.820312 0.068750 0.092708
0 0.801172 0.829167 0.067969 0.083333
0 0.048438 0.830208 0.064062 0.087500
0 0.252734 0.834375 0.074219 0.106250
0 0.101953 0.852083 0.071094 0.093750
0 0.715234 0.862500 0.071094 0.095833
0 0.969141 0.880208 0.066406 0.085417
0 0.296094 0.861458 0.068750 0.068750
0 0.041797 0.888542 0.083594 0.120833
0 0.624219 0.909375 0.068750 0.089583
0 0.825000 0.914062 0.065625 0.090625
0 0.428125 0.917188 0.084375 0.090625
0 0.745313 0.918229 0.065625 0.084375
0 0.569141 0.925521 0.067969 0.096875
0 0.165234 0.947396 0.080469 0.092708
0 0.688281 0.958854 0.081250 0.092708
0 0.305078 0.960938 0.077344 0.088542
2 0.555078 0.715104 0.077344 0.092708
