0 0.275781 0.500521 0.068750 0.096875
0 0.331250 0.507812 0.065625 0.071875
0 0.237500 0.568750 0.075000 0.072917
0 0.294531 0.620833 0.053125 0.100000
0 0.247266 0.637500 0.064844 0.089583
0 0.389453 0.477083 0.066406 0.083333
0 0.603125 0.415625 0.067187 0.093750
0 0.571484 0.460938 0.060156 0.117708
0 0.611328 0.489583 0.067969 0.087500
0 0.667969 0.395833 0.056250 0.106250
0 0.712500 0.394271 0.053125 0.103125
0 0.714844 0.474479 0.056250 0.109375
0 0.666406 0.493229 0.054688 0.098958
0 0.522656 0.679688 0.068750 0.096875
0 0.773047 0.082812 0.074219 0.088542
0 0.129297 0.176042 0.067969 0.089583
0 0.953906 0.670312 0.070312 0.090625
0 0.476562 0.376042 0.060937 0.102083
0 0.334375 0.370833 0.065625 0.095833
0 0.044531 0.545833 0.068750 0.085417
0 0.234375 0.070833 0.076563 0.068750
0 0.074219 0.078646 0.082812 0.105208
0 0.373828 0.178125 0.074219 0.085417
0 0.956641 0.152083 0.080469 0.087500
0 0.850391 0.039583 0.063281 0.079167
0 0.127734 0.036458 0.083594 0.072917
0 0.181250 0.042188 0.046875 0.071875
0 0.908203 0.048958 0.060156 0.077083
0 0.558984 0.073438 0.063281 0.086458
0 0.310547 0.072917 0.080469 0.081250
0 0.140625 0.087500 0.067187 0.081250
0 0.405469 0.110417 0.053125 0.106250
0 0.656250 0.099479 0.062500 0.092708
0 0.038281 0.142708 0.076563 0.114583
0 0.320703 0.141146 0.083594 0.086458
0 0.453516 0.144792 0.066406 0.087500
0 0.545312 0.152604 0.065625 0.092708
0 0.782813 0.153646 0.087500 0.084375
0 0.271484 0.169792 0.061719 0.089583
0 0.494922 0.155729 0.069531 0.115625
0 0.061328 0.199479 0.066406 0.088542
0 0.639062 0.203646 0.064062 0.088542
0 0.723437 0.208854 0.059375 0.098958
0 0.775391 0.233854 0.069531 0.109375
0 0.291406 0.250521 0.064062 0.092708
0 0.155469 0.256771 0.075000 0.078125
0 0.840625 0.263021 0.085938 0.096875
0 0.228906 0.264062 0.065625 0.088542
0 0.950781 0.248438 0.056250 0.111458
0 0.553516 0.262500 0.074219 0.095833
0 0.903125 0.263542 0.064062 0.104167
0 0.031250 0.272396 0.062500 0.107292
0 0.491016 0.265104 0.086719 0.098958
0 0.353516 0.275521 0.061719 0.080208
0 0.974219 0.291146 0.059375 0.101042
0 0.446484 0.309375 0.066406 0.097917
0 0.078906 0.311979 0.065625 0.101042
0 0.137500 0.308854 0.075000 0.092708
0 0.291016 0.327604 0.061719 0.076042
0 0.643750 0.327083 0.075000 0.087500
0 0.147656 0.372396 0.089063 0.082292
0 0.400781 0.386979 0.071875 0.088542
0 0.522656 0.385417 0.065625 0.100000
0 0.812891 0.425521 0.066406 0.088542
0 0.758984 0.428125 0.064844 0.097917
0 0.121875 0.439063 0.071875 0.101042
0 0.331641 0.445833 0.067969 0.068750
0 0.799219 0.499479 0.073438 0.092708
0 0.471875 0.512500 0.070312 0.089583
0 0.928516 0.534375 0.063281 0.100000
0 0.124219 0.535937 0.065625 0.101042
0 0.621094 0.560937 0.084375 0.076042
0 0.876172 0.552604 0.072656 0.092708
0 0.162500 0.577604 0.076563 0.094792
0 0.436328 0.578646 0.071094 0.094792
0 0.076953 0.578125 0.067969 0.095833
0 0.343359 0.583333 0.063281 0.085417
0 0.709375 0.593750 0.075000 0.095833
0 0.190234 0.625521 0.064844 0.090625
0 0.794531 0.651042 0.067187 0.093750
0 0.414453 0.679167 0.072656 0.091667
0 0.338672 0.679688 0.075781 0.092708
0 0.263281 0.704167 0.082812 0.072917
0 0.632812 0.709896 0.067187 0.107292
0 0.743750 0.738021 0.071875 0.069792
0 0.552344 0.749479 0.087500 0.076042
0 0.679688 0.739583 0.071875 0.114583
0 0.585547 0.758333 0.083594 0.083333
0 0.710547 0.774479 0.080469 0.126042
0 0.040625 0.772917 0.062500 0.087500
0 0.258594 0.775521 0.067187 0.082292
0 0.349609 0.784375 0.071094 0.091667
0 0.467969 0.789583 0.068750 0.091667
0 0.406641 0.779167 0.063281 0.120833
0 0.907813 0.806250 0.070312 0.104167
0 0.579297 0.818229 0.069531 0.069792
0 0.837109 0.806771 0.074219 0.088542
0 0.212500 0.829688 0.062500 0.086458
0 0.692187 0.868229 0.078125 0.101042
0 0.777344 0.866146 0.070312 0.094792
0 0.833594 0.874479 0.065625 0.080208
0 0.203906 0.909896 0.070312 0.094792
0 0.618359 0.919792 0.071094 0.079167
0 0.717969 0.925000 0.082812 0.108333
0 0.264844 0.929688 0.070312 0.088542
0 0.812109 0.948438 0.061719 0.105208
0 0.971484 0.953646 0.060156 0.080208
0 0.444922 0.955208 0.063281 0.081250
0 0.125781 0.956771 0.073438 0.092708
2 0.567578 0.608854 0.067969 0.092708
