0 0.432031 0.100000 0.065625 0.089583
0 0.910937 0.143229 0.084375 0.067708
0 0.942578 0.185938 0.063281 0.090625
0 0.890625 0.389583 0.068750 0.089583
0 0.807422 0.291146 0.050781 0.080208
0 0.341797 0.875521 0.060156 0.078125
0 0.332813 0.942187 0.073438 0.067708
0 0.461719 0.881250 0.068750 0.083333
0 0.801953 0.748437 0.061719 0.090625
0 0.047656 0.558854 0.060937 0.096875
0 0.326562 0.359896 0.045312 0.078125
0 0.308203 0.320833 0.064844 0.058333
0 0.390625 0.157292 0.062500 0.087500
0 0.346094 0.281771 0.065625 0.088542
0 0.486719 0.034896 0.059375 0.069792
0 0.535156 0.046354 0.062500 0.090625
0 0.238281 0.050521 0.060937 0.086458
0 0.108984 0.055729 0.061719 0.088542
0 0.760547 0.054688 0.063281 0.103125
0 0.912500 0.057292 0.067187 0.077083
0 0.719531 0.070312 0.054688 0.086458
0 0.855078 0.068229 0.060156 0.088542
0 0.164453 0.094792 0.064844 0.087500
0 0.296484 0.096875 0.063281 0.091667
0 0.357031 0.102604 0.062500 0.086458
0 0.827734 0.109896 0.064844 0.092708
0 0.247656 0.139063 0.059375 0.088542
0 0.503906 0.134375 0.060937 0.089583
0 0.733984 0.151042 0.063281 0.091667
0 0.031250 0.152083 0.062500 0.087500
0 0.644141 0.157812 0.060156 0.080208
0 0.567187 0.165625 0.064062 0.093750
0 0.280078 0.180729 0.061719 0.086458
0 0.115234 0.172917 0.086719 0.120833
0 0.182812 0.199479 0.079687 0.123958
0 0.696094 0.195833 0.065625 0.091667
0 0.886328 0.214062 0.063281 0.084375
0 0.370312 0.233333 0.067187 0.091667
0 0.465625 0.231771 0.071875 0.088542
0 0.823438 0.232292 0.067187 0.089583
0 0.290234 0.254688 0.058594 0.071875
0 0.731641 0.257292 0.071094 0.083333
0 0.964453 0.260417 0.067969 0.091667
0 0.164844 0.279167 0.062500 0.091667
0 0.921484 0.288542 0.064844 0.091667
0 0.120703 0.302604 0.066406 0.103125
0 0.620703 0.304167 0.058594 0.085417
0 0.476562 0.307812 0.070312 0.076042
0 0.070312 0.318750 0.060937 0.087500
0 0.278125 0.369792 0.056250 0.081250
0 0.501563 0.381250 0.075000 0.085417
0 0.713281 0.403646 0.067187 0.088542
0 0.092578 0.405208 0.064844 0.081250
0 0.662500 0.406771 0.060937 0.078125
0 0.375000 0.407292 0.092188 0.097917
0 0.035937 0.431250 0.071875 0.112500
0 0.542188 0.426563 0.065625 0.088542
0 0.794922 0.427604 0.055469 0.088542
0 0.835156 0.447917 0.053125 0.091667
0 0.142969 0.454167 0.064062 0.091667
0 0.382422 0.470313 0.058594 0.063542
0 0.441016 0.464062 0.064844 0.094792
0 0.208594 0.473958 0.057813 0.095833
0 0.503125 0.475521 0.070312 0.086458
0 0.619922 0.483854 0.049219 0.080208
0 0.672266 0.488542 0.067969 0.093750
0 0.330469 0.504687 0.064062 0.109375
0 0.580859 0.516146 0.061719 0.084375
0 0.973047 0.526563 0.061719 0.090625
0 0.280078 0.532813 0.058594 0.090625
0 0.370312 0.531771 0.062500 0.092708
0 0.526563 0.549479 0.081250 0.090625
0 0.887109 0.548958 0.064844 0.100000
0 0.159766 0.564063 0.069531 0.090625
0 0.210156 0.553125 0.056250 0.095833
0 0.493750 0.570833 0.068750 0.085417
0 0.403906 0.585417 0.070312 0.087500
0 0.733203 0.578646 0.060156 0.103125
0 0.265234 0.590104 0.061719 0.082292
0 0.585938 0.584896 0.054688 0.111458
0 0.626563 0.586979 0.050000 0.088542
0 0.780469 0.594271 0.059375 0.092708
0 0.855078 0.604688 0.069531 0.088542
0 0.373437 0.619792 0.079687 0.091667
0 0.951172 0.636458 0.064844 0.087500
0 0.895312 0.640104 0.070312 0.092708
0 0.137500 0.650000 0.059375 0.100000
0 0.065625 0.660417 0.059375 0.079167
0 0.619922 0.659896 0.058594 0.090625
0 0.692578 0.672396 0.078906 0.090625
0 0.535156 0.675000 0.051562 0.085417
0 0.489844 0.682813 0.062500 0.090625
0 0.365234 0.678125 0.078906 0.077083
0 0.567969 0.682292 0.073438 0.087500
0 0.183984 0.720313 0.066406 0.088542
0 0.359766 0.725521 0.064844 0.067708
0 0.890234 0.721875 0.069531 0.089583
0 0.446875 0.730208 0.060937 0.081250
0 0.962109 0.733333 0.069531 0.102083
0 0.561328 0.747396 0.071094 0.076042
0 0.745703 0.744792 0.066406 0.097917
0 0.210938 0.768229 0.075000 0.090625
0 0.357031 0.781771 0.065625 0.088542
0 0.408984 0.792188 0.061719 0.092708
0 0.042578 0.796354 0.080469 0.088542
0 0.659375 0.802083 0.062500 0.097917
0 0.702734 0.797396 0.050781 0.119792
0 0.174609 0.835417 0.063281 0.087500
0 0.745313 0.842187 0.051562 0.080208
0 0.785547 0.842708 0.053906 0.075000
0 0.063672 0.856771 0.066406 0.084375
0 0.234766 0.859896 0.060156 0.082292
0 0.526563 0.867708 0.070312 0.091667
0 0.398047 0.879167 0.064844 0.091667
0 0.284766 0.881771 0.053906 0.088542
0 0.142969 0.887500 0.090625 0.072917
0 0.600391 0.903125 0.064844 0.079167
0 0.713281 0.900000 0.059375 0.085417
0 0.096094 0.933854 0.062500 0.082292
0 0.725781 0.947917 0.085938 0.114583
0 0.175781 0.941667 0.073438 0.093750
0 0.789062 0.947917 0.064062 0.104167
2 0.709375 0.335938 0.079687 0.096875
1 0.835547 0.827083 0.055469 0.081250
