0 0.789453 0.845833 0.061719 0.066667
0 0.143750 0.632292 0.065625 0.075000
0 0.653516 0.942187 0.061719 0.061458
0 0.511719 0.571875 0.056250 0.064583
0 0.260937 0.039583 0.068750 0.079167
0 0.552344 0.037500 0.065625 0.075000
0 0.086328 0.037500 0.061719 0.075000
0 0.737891 0.036458 0.057031 0.072917
0 0.467578 0.050521 0.066406 0.078125
0 0.192188 0.054688 0.062500 0.073958
0 0.921875 0.062500 0.068750 0.085417
0 0.701562 0.083333 0.065625 0.064583
0 0.380078 0.095312 0.053906 0.082292
0 0.332813 0.093750 0.057813 0.072917
0 0.112500 0.094271 0.060937 0.078125
0 0.430859 0.095833 0.057031 0.079167
0 0.805078 0.098437 0.055469 0.080208
0 0.541016 0.111979 0.060156 0.080208
0 0.744141 0.122396 0.057031 0.073958
0 0.147266 0.140625 0.058594 0.072917
0 0.443750 0.167708 0.054688 0.072917
0 0.598828 0.181771 0.061719 0.078125
0 0.723047 0.184896 0.060156 0.073958
0 0.944141 0.186979 0.058594 0.082292
0 0.536719 0.197396 0.057813 0.069792
0 0.158594 0.208854 0.060937 0.076042
0 0.819531 0.222917 0.057813 0.077083
0 0.639844 0.234896 0.056250 0.080208
0 0.380078 0.234375 0.067969 0.072917
0 0.092188 0.243229 0.056250 0.073958
0 0.695703 0.246354 0.058594 0.078125
0 0.345703 0.280729 0.061719 0.078125
0 0.478516 0.289062 0.057031 0.084375
0 0.414062 0.296354 0.056250 0.071875
0 0.029297 0.301042 0.058594 0.077083
0 0.967187 0.319792 0.065625 0.077083
0 0.638281 0.323958 0.056250 0.077083
0 0.853516 0.326042 0.063281 0.072917
0 0.114062 0.346354 0.053125 0.067708
0 0.030078 0.370312 0.060156 0.069792
0 0.891016 0.384896 0.061719 0.082292
0 0.956641 0.390104 0.058594 0.076042
0 0.380078 0.419792 0.058594 0.079167
0 0.703516 0.423958 0.057031 0.079167
0 0.829688 0.422917 0.056250 0.075000
0 0.070312 0.452604 0.062500 0.073958
0 0.903125 0.458854 0.065625 0.067708
0 0.420312 0.470833 0.059375 0.077083
0 0.729688 0.486979 0.057813 0.073958
0 0.814063 0.493750 0.064062 0.083333
0 0.328125 0.499479 0.062500 0.073958
0 0.464062 0.520312 0.060937 0.080208
0 0.908203 0.524479 0.058594 0.073958
0 0.666797 0.544792 0.057031 0.077083
0 0.025000 0.555729 0.050000 0.071875
0 0.784375 0.575000 0.062500 0.083333
0 0.226953 0.578646 0.061719 0.080208
0 0.387109 0.584896 0.071094 0.082292
0 0.323047 0.617188 0.053906 0.073958
0 0.515625 0.641667 0.064062 0.081250
0 0.078125 0.645312 0.056250 0.067708
0 0.210547 0.650000 0.069531 0.087500
0 0.369531 0.652083 0.062500 0.079167
0 0.437891 0.673958 0.071094 0.075000
0 0.255469 0.680729 0.057813 0.071875
0 0.774219 0.680208 0.064062 0.077083
0 0.630469 0.692187 0.064062 0.084375
0 0.174219 0.698958 0.060937 0.075000
0 0.872266 0.709375 0.061719 0.072917
0 0.695703 0.708854 0.061719 0.078125
0 0.062109 0.716667 0.058594 0.077083
0 0.371484 0.730208 0.063281 0.083333
0 0.114844 0.749479 0.057813 0.071875
0 0.271094 0.748958 0.067187 0.087500
0 0.770703 0.760417 0.060156 0.091667
0 0.844141 0.763021 0.057031 0.073958
0 0.724219 0.766667 0.056250 0.081250
0 0.452344 0.768750 0.057813 0.081250
0 0.957422 0.767188 0.058594 0.082292
0 0.518359 0.774479 0.057031 0.080208
0 0.325000 0.781771 0.059375 0.082292
0 0.200781 0.796875 0.056250 0.072917
0 0.121875 0.808854 0.062500 0.071875
0 0.449219 0.840104 0.053125 0.078125
0 0.082031 0.841667 0.057813 0.075000
0 0.380469 0.848958 0.051562 0.070833
0 0.845703 0.851042 0.053906 0.075000
0 0.537891 0.853646 0.061719 0.078125
0 0.311328 0.855208 0.061719 0.077083
0 0.239063 0.862500 0.059375 0.075000
0 0.684766 0.883854 0.060156 0.080208
0 0.594141 0.896875 0.061719 0.079167
0 0.049219 0.905208 0.064062 0.079167
0 0.349609 0.905729 0.057031 0.076042
0 0.435937 0.907292 0.056250 0.077083
0 0.151953 0.917708 0.063281 0.077083
0 0.846875 0.924479 0.057813 0.076042
0 0.235937 0.937500 0.057813 0.075000
0 0.470703 0.959375 0.055469 0.070833
0 0.029297 0.966146 0.058594 0.078125
0 0.105469 0.971354 0.059375 0.067708
