0 0.357031 0.915104 0.051562 0.061458
0 0.676953 0.044271 0.050781 0.069792
0 0.196484 0.708854 0.052344 0.069792
0 0.735938 0.041146 0.064062 0.082292
0 0.109375 0.042708 0.095312 0.085417
0 0.576172 0.050000 0.066406 0.100000
0 0.268750 0.044792 0.062500 0.083333
0 0.798047 0.048958 0.061719 0.081250
0 0.192188 0.058333 0.093750 0.087500
0 0.953906 0.066667 0.100000 0.079167
0 0.053125 0.070312 0.059375 0.084375
0 0.451562 0.077083 0.056250 0.072917
0 0.767188 0.110417 0.068750 0.091667
0 0.665234 0.102604 0.057031 0.080208
0 0.247266 0.107292 0.057031 0.079167
0 0.091406 0.113021 0.062500 0.071875
0 0.028906 0.116667 0.057813 0.072917
0 0.588672 0.123438 0.055469 0.073958
0 0.635156 0.123438 0.060937 0.078125
0 0.192188 0.125521 0.051562 0.080208
0 0.712109 0.128646 0.064844 0.084375
0 0.310937 0.134896 0.057813 0.076042
0 0.265625 0.143750 0.057813 0.079167
0 0.365234 0.149479 0.060156 0.082292
0 0.530469 0.153646 0.062500 0.078125
0 0.834766 0.169271 0.064844 0.063542
0 0.208984 0.190625 0.057031 0.083333
0 0.039062 0.193750 0.059375 0.081250
0 0.254297 0.203646 0.058594 0.080208
0 0.299609 0.209375 0.055469 0.066667
0 0.851562 0.217188 0.057813 0.078125
0 0.972656 0.225521 0.062500 0.073958
0 0.908203 0.227083 0.061719 0.079167
0 0.749609 0.233333 0.053906 0.072917
0 0.365234 0.240104 0.057031 0.071875
0 0.580469 0.245833 0.067187 0.081250
0 0.171094 0.253125 0.075000 0.097917
0 0.528516 0.243750 0.060156 0.102083
0 0.789062 0.272917 0.053125 0.072917
0 0.251953 0.282292 0.064844 0.110417
0 0.314844 0.275521 0.057813 0.073958
0 0.727344 0.288021 0.054688 0.071875
0 0.382422 0.300521 0.060156 0.086458
0 0.598047 0.307292 0.055469 0.072917
0 0.955859 0.324479 0.096094 0.126042
0 0.448437 0.319792 0.062500 0.083333
0 0.188672 0.325521 0.058594 0.080208
0 0.827344 0.323437 0.067187 0.113542
0 0.290234 0.344792 0.055469 0.075000
0 0.364453 0.348958 0.057031 0.070833
0 0.876172 0.348958 0.069531 0.108333
0 0.739844 0.368229 0.060937 0.078125
0 0.092969 0.373958 0.057813 0.077083
0 0.154688 0.377604 0.089063 0.113542
0 0.513281 0.403646 0.064062 0.084375
0 0.573438 0.406250 0.053125 0.072917
0 0.452734 0.407813 0.063281 0.076042
0 0.626563 0.413021 0.065625 0.086458
0 0.121094 0.426563 0.054688 0.067708
0 0.304688 0.429167 0.057813 0.075000
0 0.791406 0.430208 0.057813 0.072917
0 0.475391 0.434375 0.066406 0.077083
0 0.683594 0.436458 0.057813 0.070833
0 0.403516 0.453646 0.067969 0.105208
0 0.232031 0.434375 0.079687 0.093750
0 0.834766 0.450000 0.057031 0.068750
0 0.960938 0.469792 0.054688 0.077083
0 0.049609 0.476562 0.053906 0.076042
0 0.169531 0.479167 0.051562 0.075000
0 0.091406 0.489063 0.054688 0.073958
0 0.514844 0.488021 0.062500 0.078125
0 0.718359 0.493750 0.064844 0.077083
0 0.846094 0.513542 0.053125 0.081250
0 0.453125 0.518750 0.064062 0.083333
0 0.886328 0.518750 0.050781 0.072917
0 0.316797 0.516667 0.055469 0.068750
0 0.026172 0.526042 0.052344 0.077083
0 0.672266 0.526563 0.052344 0.071875
0 0.628125 0.536979 0.059375 0.080208
0 0.558984 0.539062 0.049219 0.076042
0 0.810937 0.541667 0.059375 0.083333
0 0.519141 0.548438 0.055469 0.073958
0 0.926953 0.550521 0.058594 0.078125
0 0.191797 0.554167 0.052344 0.079167
0 0.326172 0.561979 0.061719 0.071875
0 0.385937 0.568750 0.060937 0.077083
0 0.063672 0.581250 0.086719 0.095833
0 0.141797 0.577083 0.057031 0.072917
0 0.274219 0.578125 0.059375 0.079167
0 0.945703 0.590625 0.057031 0.077083
0 0.691016 0.593229 0.055469 0.076042
0 0.430859 0.606250 0.063281 0.089583
0 0.857812 0.614062 0.053125 0.080208
0 0.292969 0.616146 0.054688 0.071875
0 0.800391 0.620833 0.067969 0.095833
0 0.649219 0.633854 0.060937 0.080208
0 0.216406 0.623958 0.073438 0.100000
0 0.080078 0.643750 0.052344 0.081250
0 0.386328 0.655208 0.058594 0.083333
0 0.262109 0.689063 0.067969 0.107292
0 0.313672 0.670833 0.058594 0.075000
0 0.685937 0.677083 0.064062 0.072917
0 0.905469 0.686979 0.054688 0.076042
0 0.439063 0.691667 0.056250 0.077083
0 0.580078 0.694792 0.061719 0.079167
0 0.367578 0.708854 0.060156 0.071875
0 0.316406 0.728125 0.057813 0.072917
0 0.763281 0.732292 0.059375 0.072917
0 0.869531 0.742188 0.060937 0.084375
0 0.945703 0.740625 0.061719 0.077083
0 0.162500 0.752604 0.064062 0.071875
0 0.814063 0.758333 0.056250 0.070833
0 0.511328 0.757812 0.055469 0.065625
0 0.444141 0.756771 0.058594 0.086458
0 0.028906 0.790104 0.057813 0.134375
0 0.119531 0.761979 0.056250 0.063542
0 0.555078 0.771875 0.058594 0.077083
0 0.209766 0.788021 0.060156 0.078125
0 0.726953 0.776042 0.072656 0.100000
0 0.357422 0.796875 0.050781 0.079167
0 0.315625 0.793750 0.056250 0.089583
0 0.468359 0.802083 0.058594 0.079167
0 0.600391 0.798958 0.061719 0.066667
0 0.111328 0.810937 0.063281 0.073958
0 0.584766 0.833854 0.057031 0.076042
0 0.079687 0.835938 0.059375 0.078125
0 0.423828 0.848437 0.057031 0.073958
0 0.970313 0.893229 0.067187 0.117708
0 0.491406 0.875521 0.057813 0.073958
0 0.673828 0.875000 0.053906 0.075000
0 0.296094 0.876042 0.068750 0.093750
0 0.724219 0.881771 0.057813 0.071875
0 0.427734 0.909375 0.063281 0.079167
0 0.104688 0.917708 0.056250 0.087500
0 0.602344 0.940625 0.060937 0.079167
0 0.651172 0.954167 0.061719 0.102083
0 0.903125 0.950000 0.051562 0.070833
0 0.405859 0.956250 0.049219 0.072917
0 0.815234 0.965625 0.052344 0.079167
0 0.346094 0.964063 0.095312 0.082292
1 0.676172 0.184896 0.061719 0.069792
2 0.882812 0.428125 0.062500 0.075000
2 0.411719 0.192708 0.065625 0.085417
