0 0.134375 0.192188 0.046875 0.053125
0 0.855469 0.105729 0.073438 0.065625
0 0.867969 0.045312 0.071875 0.069792
0 0.948828 0.477083 0.075781 0.089583
0 0.505469 0.930208 0.076563 0.072917
0 0.884766 0.964063 0.071094 0.059375
0 0.040625 0.903646 0.065625 0.090625
0 0.489453 0.485938 0.075781 0.063542
0 0.363281 0.043750 0.062500 0.087500
0 0.605078 0.042188 0.058594 0.084375
0 0.744922 0.041667 0.085156 0.083333
0 0.241016 0.044271 0.064844 0.088542
0 0.555469 0.043229 0.064062 0.084375
0 0.493750 0.049479 0.059375 0.086458
0 0.943750 0.047396 0.057813 0.076042
0 0.093750 0.055208 0.100000 0.110417
0 0.195312 0.057292 0.057813 0.079167
0 0.644531 0.080208 0.068750 0.081250
0 0.722266 0.094271 0.072656 0.086458
0 0.406641 0.108854 0.063281 0.096875
0 0.917188 0.120313 0.062500 0.080208
0 0.580859 0.131771 0.063281 0.086458
0 0.810937 0.167187 0.065625 0.065625
0 0.085547 0.161458 0.064844 0.081250
0 0.540234 0.169792 0.047656 0.085417
0 0.442969 0.171875 0.067187 0.077083
0 0.701562 0.178125 0.068750 0.083333
0 0.854297 0.202604 0.063281 0.086458
0 0.511328 0.204167 0.067969 0.083333
0 0.321094 0.215625 0.062500 0.081250
0 0.660547 0.221354 0.064844 0.076042
0 0.589844 0.224479 0.067187 0.086458
0 0.027734 0.225521 0.055469 0.082292
0 0.888672 0.252083 0.064844 0.081250
0 0.190625 0.251042 0.067187 0.085417
0 0.724219 0.254167 0.057813 0.083333
0 0.523047 0.270313 0.063281 0.080208
0 0.369531 0.276042 0.065625 0.077083
0 0.963672 0.298958 0.080469 0.120833
0 0.657813 0.284375 0.067187 0.081250
0 0.031250 0.292187 0.062500 0.082292
0 0.778125 0.300521 0.059375 0.086458
0 0.856641 0.307812 0.058594 0.082292
0 0.907813 0.321354 0.068750 0.090625
0 0.071484 0.338021 0.055469 0.071875
0 0.486719 0.339583 0.067187 0.089583
0 0.032813 0.361979 0.065625 0.088542
0 0.778906 0.368750 0.065625 0.083333
0 0.462109 0.427604 0.060156 0.088542
0 0.078516 0.436458 0.060156 0.079167
0 0.032422 0.450000 0.057031 0.081250
0 0.866406 0.453125 0.059375 0.081250
0 0.719531 0.457813 0.062500 0.086458
0 0.564063 0.477604 0.062500 0.071875
0 0.615234 0.480729 0.063281 0.084375
0 0.328906 0.506771 0.062500 0.078125
0 0.754297 0.508333 0.069531 0.077083
0 0.045703 0.514583 0.060156 0.079167
0 0.175781 0.515104 0.065625 0.092708
0 0.814453 0.539583 0.061719 0.089583
0 0.561328 0.543750 0.066406 0.093750
0 0.664844 0.563542 0.059375 0.079167
0 0.930078 0.561458 0.055469 0.083333
0 0.375391 0.574479 0.063281 0.086458
0 0.722266 0.573958 0.055469 0.083333
0 0.766797 0.579688 0.058594 0.086458
0 0.976172 0.602604 0.055469 0.082292
0 0.823828 0.610938 0.063281 0.084375
0 0.423828 0.629167 0.061719 0.070833
0 0.543750 0.647917 0.064062 0.083333
0 0.757422 0.650000 0.069531 0.089583
0 0.936328 0.647396 0.057031 0.084375
0 0.701953 0.657813 0.055469 0.076042
0 0.458203 0.671875 0.064844 0.106250
0 0.858594 0.664583 0.059375 0.079167
0 0.308594 0.665625 0.062500 0.083333
0 0.064844 0.676562 0.062500 0.076042
0 0.663672 0.684375 0.058594 0.085417
0 0.730078 0.714063 0.066406 0.063542
0 0.495703 0.704688 0.052344 0.078125
0 0.270313 0.712500 0.060937 0.079167
0 0.442188 0.719271 0.065625 0.078125
0 0.205469 0.723437 0.064062 0.067708
0 0.648828 0.749479 0.058594 0.076042
0 0.048828 0.750000 0.061719 0.083333
0 0.882031 0.752083 0.056250 0.081250
0 0.597266 0.762500 0.058594 0.079167
0 0.169531 0.765625 0.064062 0.079167
0 0.712500 0.769271 0.060937 0.078125
0 0.832031 0.770833 0.068750 0.087500
0 0.533594 0.772917 0.059375 0.079167
0 0.314453 0.777604 0.066406 0.084375
0 0.461328 0.780729 0.063281 0.080208
0 0.246094 0.781771 0.054688 0.073958
0 0.925781 0.782813 0.064062 0.080208
0 0.797656 0.797917 0.056250 0.089583
0 0.118750 0.798958 0.059375 0.083333
0 0.373437 0.813542 0.057813 0.077083
0 0.759375 0.817187 0.057813 0.080208
0 0.492969 0.833854 0.073438 0.080208
0 0.069141 0.839063 0.067969 0.082292
0 0.640625 0.841146 0.064062 0.084375
0 0.583984 0.841667 0.066406 0.083333
0 0.903516 0.843750 0.057031 0.081250
0 0.319141 0.850521 0.058594 0.092708
0 0.271484 0.855208 0.060156 0.091667
0 0.442578 0.894271 0.058594 0.098958
0 0.159375 0.888021 0.064062 0.076042
0 0.557813 0.900000 0.065625 0.075000
0 0.860156 0.904687 0.054688 0.073958
0 0.955078 0.913542 0.097656 0.077083
0 0.394531 0.912500 0.062500 0.081250
0 0.611719 0.913542 0.059375 0.079167
0 0.207031 0.934896 0.090625 0.103125
0 0.110937 0.928646 0.062500 0.088542
0 0.278906 0.933333 0.060937 0.095833
0 0.701172 0.954167 0.071094 0.102083
0 0.573828 0.951042 0.061719 0.100000
0 0.644531 0.968750 0.064062 0.072917
2 0.614844 0.623958 0.075000 0.081250
