0 0.878906 0.072396 0.064062 0.088542
0 0.703125 0.860938 0.059375 0.082292
0 0.750781 0.888021 0.064062 0.080208
0 0.041016 0.283854 0.069531 0.088542
0 0.528125 0.043750 0.073438 0.087500
0 0.637891 0.041667 0.063281 0.083333
0 0.030859 0.046875 0.061719 0.085417
0 0.072266 0.057813 0.064844 0.094792
0 0.669922 0.076563 0.075781 0.080208
0 0.230859 0.085938 0.055469 0.078125
0 0.519922 0.100000 0.060156 0.079167
0 0.607812 0.107292 0.067187 0.097917
0 0.723047 0.103125 0.063281 0.087500
0 0.458594 0.109375 0.076563 0.068750
0 0.287109 0.111979 0.067969 0.096875
0 0.369531 0.114583 0.046875 0.081250
0 0.647656 0.147396 0.075000 0.094792
0 0.560156 0.148958 0.067187 0.087500
0 0.765625 0.157812 0.078125 0.086458
0 0.495703 0.146354 0.071094 0.119792
0 0.328125 0.166667 0.059375 0.081250
0 0.426563 0.166146 0.068750 0.076042
0 0.889844 0.175000 0.060937 0.085417
0 0.957031 0.176042 0.073438 0.077083
0 0.708594 0.189062 0.084375 0.088542
0 0.273438 0.200521 0.070312 0.084375
0 0.358203 0.218750 0.067969 0.083333
0 0.790234 0.225521 0.069531 0.088542
0 0.633984 0.230729 0.072656 0.090625
0 0.116406 0.237500 0.057813 0.064583
0 0.225000 0.237500 0.073438 0.091667
0 0.525000 0.236458 0.062500 0.077083
0 0.689844 0.258333 0.073438 0.083333
0 0.939453 0.251563 0.075781 0.111458
0 0.889062 0.267188 0.048438 0.086458
0 0.315234 0.268229 0.071094 0.078125
0 0.585547 0.292708 0.067969 0.091667
0 0.256250 0.294271 0.059375 0.078125
0 0.129688 0.294792 0.068750 0.072917
0 0.435937 0.297396 0.064062 0.078125
0 0.199219 0.305208 0.065625 0.077083
0 0.935547 0.321354 0.066406 0.078125
0 0.373047 0.318750 0.063281 0.081250
0 0.526172 0.322917 0.067969 0.075000
0 0.080859 0.337500 0.066406 0.081250
0 0.875391 0.338021 0.069531 0.092708
0 0.317578 0.346354 0.069531 0.088542
0 0.471094 0.364583 0.065625 0.081250
0 0.606250 0.365625 0.064062 0.087500
0 0.130469 0.366667 0.062500 0.077083
0 0.195312 0.379688 0.064062 0.080208
0 0.044531 0.378646 0.065625 0.092708
0 0.256250 0.369792 0.081250 0.091667
0 0.258594 0.419271 0.079687 0.086458
0 0.375781 0.396354 0.065625 0.082292
0 0.524609 0.398438 0.066406 0.086458
0 0.937500 0.403125 0.065625 0.089583
0 0.821094 0.401562 0.068750 0.071875
0 0.321094 0.413542 0.060937 0.081250
0 0.561328 0.423958 0.072656 0.085417
0 0.441016 0.431250 0.067969 0.075000
0 0.201953 0.445833 0.061719 0.085417
0 0.352344 0.466146 0.070312 0.084375
0 0.728516 0.461458 0.064844 0.083333
0 0.888672 0.457813 0.058594 0.121875
0 0.799219 0.468229 0.087500 0.096875
0 0.666797 0.467708 0.066406 0.077083
0 0.529297 0.484896 0.066406 0.084375
0 0.245312 0.491146 0.070312 0.086458
0 0.061719 0.497917 0.067187 0.085417
0 0.614453 0.493750 0.074219 0.070833
0 0.925781 0.508854 0.064062 0.101042
0 0.746875 0.516146 0.071875 0.084375
0 0.153516 0.517188 0.071094 0.084375
0 0.807422 0.527083 0.058594 0.062500
0 0.461328 0.526563 0.061719 0.088542
0 0.677734 0.536458 0.075781 0.091667
0 0.864844 0.546354 0.068750 0.078125
0 0.622266 0.574479 0.077344 0.121875
0 0.305859 0.577083 0.072656 0.081250
0 0.936328 0.589583 0.057031 0.079167
0 0.200000 0.595833 0.060937 0.077083
0 0.508594 0.604167 0.065625 0.087500
0 0.976172 0.609375 0.055469 0.091667
0 0.091406 0.614583 0.059375 0.075000
0 0.565234 0.627083 0.063281 0.070833
0 0.862891 0.631250 0.055469 0.079167
0 0.941406 0.670312 0.064062 0.092708
0 0.579297 0.679688 0.072656 0.078125
0 0.495703 0.685937 0.066406 0.082292
0 0.425781 0.686458 0.075000 0.087500
0 0.341406 0.694271 0.068750 0.090625
0 0.093359 0.694271 0.066406 0.080208
0 0.886719 0.705208 0.062500 0.077083
0 0.280469 0.718750 0.062500 0.077083
0 0.530859 0.730208 0.067969 0.072917
0 0.069922 0.737500 0.077344 0.083333
0 0.221875 0.753125 0.068750 0.081250
0 0.410938 0.760417 0.081250 0.087500
0 0.479297 0.761458 0.060156 0.083333
0 0.128906 0.778646 0.062500 0.080208
0 0.920312 0.786458 0.064062 0.079167
0 0.241016 0.799479 0.080469 0.090625
0 0.054688 0.817187 0.068750 0.082292
0 0.435156 0.824479 0.070312 0.082292
0 0.178906 0.827604 0.065625 0.082292
0 0.855078 0.830208 0.064844 0.083333
0 0.286328 0.833854 0.075781 0.088542
0 0.974219 0.857292 0.059375 0.089583
0 0.799219 0.856250 0.065625 0.091667
0 0.362891 0.866146 0.071094 0.084375
0 0.114453 0.867708 0.072656 0.072917
0 0.645312 0.873437 0.068750 0.090625
0 0.242188 0.879687 0.064062 0.090625
0 0.417578 0.895833 0.072656 0.083333
0 0.483984 0.911979 0.061719 0.082292
0 0.285938 0.911979 0.076563 0.082292
0 0.827734 0.915625 0.064844 0.087500
0 0.184766 0.927604 0.066406 0.126042
0 0.788281 0.954167 0.062500 0.093750
0 0.882031 0.947396 0.062500 0.082292
0 0.149609 0.957812 0.050781 0.094792
0 0.224609 0.959375 0.063281 0.091667
0 0.441406 0.960417 0.064062 0.081250
0 0.576953 0.968229 0.077344 0.073958
4 0.570703 0.555729 0.100781 0.092708
1 0.382422 0.051562 0.067969 0.084375
