0 0.428516 0.107292 0.052344 0.075000
0 0.120313 0.325521 0.054688 0.063542
0 0.120313 0.389583 0.057813 0.064583
0 0.208203 0.394792 0.052344 0.077083
0 0.299219 0.343229 0.071875 0.059375
0 0.676172 0.279687 0.061719 0.076042
0 0.591406 0.758854 0.056250 0.071875
0 0.961328 0.627604 0.052344 0.080208
0 0.177734 0.332813 0.064844 0.069792
0 0.161328 0.427604 0.057031 0.061458
0 0.213672 0.461458 0.067969 0.077083
0 0.616016 0.833333 0.064844 0.062500
0 0.549609 0.819271 0.055469 0.071875
0 0.614453 0.893229 0.063281 0.067708
0 0.519531 0.932292 0.056250 0.070833
0 0.886719 0.708854 0.050000 0.069792
0 0.854297 0.664583 0.052344 0.070833
0 0.800391 0.680729 0.055469 0.069792
0 0.714844 0.781771 0.165625 0.173958
0 0.963672 0.282292 0.067969 0.072917
0 0.959375 0.202604 0.071875 0.076042
0 0.159375 0.620833 0.051562 0.077083
0 0.035156 0.683333 0.064062 0.075000
0 0.092969 0.742708 0.060937 0.070833
0 0.052344 0.800000 0.067187 0.070833
0 0.208594 0.783854 0.156250 0.359375
0 0.975000 0.036458 0.057813 0.072917
0 0.814844 0.046354 0.079687 0.092708
0 0.612109 0.056771 0.083594 0.113542
0 0.913672 0.049479 0.055469 0.086458
0 0.155859 0.049479 0.069531 0.080208
0 0.554688 0.064583 0.070312 0.095833
0 0.790234 0.082812 0.074219 0.082292
0 0.182422 0.095312 0.066406 0.076042
0 0.117188 0.096354 0.060937 0.080208
0 0.371875 0.102083 0.068750 0.087500
0 0.245312 0.110417 0.064062 0.089583
0 0.653516 0.112500 0.069531 0.097917
0 0.894141 0.116667 0.066406 0.079167
0 0.301953 0.128125 0.061719 0.102083
0 0.825391 0.126042 0.067969 0.081250
0 0.200781 0.138021 0.070312 0.113542
0 0.346484 0.145313 0.072656 0.126042
0 0.893359 0.180208 0.066406 0.081250
0 0.839844 0.192708 0.065625 0.089583
0 0.217188 0.219792 0.060937 0.085417
0 0.769141 0.226562 0.066406 0.088542
0 0.346094 0.233854 0.070312 0.084375
0 0.498437 0.246354 0.067187 0.090625
0 0.314453 0.277604 0.072656 0.082292
0 0.229297 0.288021 0.064844 0.086458
0 0.408203 0.289583 0.067969 0.083333
0 0.826562 0.315104 0.070312 0.078125
0 0.486328 0.317708 0.071094 0.087500
0 0.961719 0.351562 0.073438 0.086458
0 0.842969 0.378125 0.070312 0.081250
0 0.684766 0.387500 0.066406 0.079167
0 0.896094 0.391667 0.059375 0.077083
0 0.958984 0.417187 0.089844 0.109375
0 0.046875 0.422396 0.093750 0.101042
0 0.374609 0.411979 0.067969 0.084375
0 0.794141 0.417187 0.058594 0.078125
0 0.266016 0.417708 0.058594 0.085417
0 0.617969 0.427604 0.065625 0.086458
0 0.435937 0.426042 0.062500 0.079167
0 0.514844 0.437500 0.059375 0.083333
0 0.774609 0.470833 0.064844 0.072917
0 0.405469 0.473438 0.060937 0.080208
0 0.130469 0.470313 0.078125 0.082292
0 0.565625 0.496875 0.065625 0.081250
0 0.626953 0.496354 0.067969 0.082292
0 0.458203 0.502604 0.074219 0.080208
0 0.323828 0.508333 0.058594 0.079167
0 0.511719 0.506250 0.070312 0.085417
0 0.246484 0.520833 0.069531 0.081250
0 0.778906 0.529687 0.064062 0.078125
0 0.681641 0.540104 0.063281 0.080208
0 0.602344 0.562500 0.065625 0.070833
0 0.521484 0.569792 0.080469 0.079167
0 0.042188 0.542708 0.084375 0.135417
0 0.725781 0.592187 0.057813 0.071875
0 0.646875 0.595313 0.062500 0.084375
0 0.842578 0.596875 0.061719 0.081250
0 0.429297 0.599479 0.075781 0.078125
0 0.785547 0.604167 0.069531 0.077083
0 0.277734 0.607812 0.060156 0.098958
0 0.889453 0.609375 0.057031 0.072917
0 0.503906 0.622917 0.079687 0.072917
0 0.583594 0.663542 0.062500 0.085417
0 0.678516 0.665104 0.064844 0.078125
0 0.098828 0.668229 0.067969 0.080208
0 0.394531 0.672917 0.068750 0.085417
0 0.748828 0.675521 0.083594 0.130208
0 0.496094 0.689063 0.059375 0.090625
0 0.330859 0.696875 0.058594 0.075000
0 0.449609 0.698438 0.057031 0.092708
0 0.262500 0.705729 0.065625 0.088542
0 0.415234 0.731250 0.060156 0.077083
0 0.529297 0.747396 0.069531 0.084375
0 0.680859 0.748958 0.063281 0.079167
0 0.743359 0.762500 0.069531 0.075000
0 0.120313 0.788021 0.065625 0.088542
0 0.953516 0.789062 0.063281 0.073958
0 0.271875 0.791667 0.065625 0.081250
0 0.450000 0.796354 0.064062 0.080208
0 0.383203 0.798438 0.063281 0.084375
0 0.785156 0.803125 0.071875 0.085417
0 0.669531 0.809896 0.060937 0.073958
0 0.224219 0.842708 0.075000 0.083333
0 0.925391 0.841667 0.067969 0.075000
0 0.053516 0.861458 0.074219 0.077083
0 0.440625 0.880208 0.051562 0.068750
0 0.863672 0.890104 0.060156 0.073958
0 0.342187 0.895312 0.070312 0.090625
0 0.702344 0.896354 0.059375 0.076042
0 0.205469 0.916667 0.060937 0.085417
0 0.293750 0.959375 0.062500 0.079167
0 0.634766 0.959896 0.058594 0.073958
1 0.398438 0.543229 0.057813 0.073958
1 0.287500 0.876042 0.062500 0.083333
