0 0.407031 0.954167 0.065625 0.087500
0 0.044141 0.403646 0.074219 0.098958
0 0.890234 0.384375 0.069531 0.087500
0 0.967969 0.595313 0.057813 0.080208
0 0.968359 0.760417 0.063281 0.075000
0 0.518750 0.065625 0.057813 0.077083
0 0.625781 0.152604 0.071875 0.078125
0 0.146875 0.040625 0.059375 0.081250
0 0.094531 0.048438 0.064062 0.096875
0 0.688672 0.062500 0.066406 0.083333
0 0.790234 0.061979 0.074219 0.078125
0 0.610156 0.069271 0.065625 0.082292
0 0.031641 0.082292 0.063281 0.097917
0 0.266406 0.084375 0.070312 0.081250
0 0.173437 0.089583 0.057813 0.087500
0 0.448828 0.090625 0.061719 0.087500
0 0.059766 0.111979 0.067969 0.094792
0 0.563281 0.117188 0.064062 0.101042
0 0.725781 0.131250 0.067187 0.085417
0 0.491406 0.150521 0.068750 0.088542
0 0.430078 0.162500 0.053906 0.085417
0 0.125391 0.172396 0.069531 0.096875
0 0.856641 0.163021 0.055469 0.101042
0 0.050781 0.188542 0.101562 0.110417
0 0.172656 0.195833 0.073438 0.091667
0 0.506641 0.210417 0.078906 0.085417
0 0.760156 0.229167 0.059375 0.091667
0 0.400000 0.243750 0.056250 0.104167
0 0.555469 0.254688 0.065625 0.096875
0 0.106641 0.255729 0.082031 0.086458
0 0.451953 0.259896 0.063281 0.101042
0 0.709766 0.263021 0.066406 0.086458
0 0.800781 0.279167 0.062500 0.104167
0 0.606641 0.299479 0.083594 0.123958
0 0.502344 0.288542 0.065625 0.100000
0 0.854297 0.294792 0.053906 0.110417
0 0.044531 0.307292 0.068750 0.093750
0 0.665625 0.319792 0.059375 0.097917
0 0.108984 0.324479 0.075781 0.078125
0 0.720703 0.340625 0.075781 0.083333
0 0.369141 0.373958 0.067969 0.097917
0 0.974219 0.359375 0.059375 0.125000
0 0.332813 0.402604 0.064062 0.119792
0 0.564063 0.393229 0.064062 0.096875
0 0.421484 0.402604 0.077344 0.103125
0 0.696875 0.407292 0.073438 0.085417
0 0.799609 0.439063 0.064844 0.090625
0 0.855859 0.444271 0.072656 0.103125
0 0.605859 0.461458 0.060156 0.079167
0 0.943750 0.502083 0.060937 0.091667
0 0.818359 0.511979 0.063281 0.084375
0 0.907422 0.558333 0.057031 0.079167
0 0.707812 0.567708 0.065625 0.104167
0 0.345313 0.572917 0.056250 0.106250
0 0.862109 0.586979 0.069531 0.090625
0 0.394531 0.615104 0.070312 0.073958
0 0.925391 0.647917 0.066406 0.100000
0 0.476953 0.655208 0.067969 0.100000
0 0.362500 0.675521 0.068750 0.111458
0 0.420312 0.678125 0.070312 0.093750
0 0.896484 0.686979 0.067969 0.094792
0 0.316406 0.693750 0.071875 0.097917
0 0.385156 0.752604 0.071875 0.082292
0 0.313281 0.770833 0.079687 0.087500
0 0.443750 0.782292 0.076563 0.083333
0 0.580078 0.800000 0.066406 0.087500
0 0.909375 0.791667 0.070312 0.106250
0 0.660937 0.814063 0.068750 0.086458
0 0.952344 0.825521 0.073438 0.090625
0 0.391016 0.829688 0.066406 0.086458
0 0.799219 0.842708 0.070312 0.089583
0 0.455469 0.854167 0.073438 0.091667
0 0.323828 0.865104 0.074219 0.078125
0 0.292969 0.925521 0.079687 0.076042
0 0.968359 0.930208 0.071094 0.091667
0 0.492969 0.933854 0.064062 0.088542
0 0.891406 0.941146 0.070312 0.094792
0 0.816016 0.959375 0.072656 0.091667
0 0.676953 0.961979 0.064844 0.086458
2 0.508594 0.438021 0.071875 0.111458
