0 0.637109 0.646875 0.052344 0.097917
0 0.690234 0.664062 0.060156 0.092708
0 0.503516 0.704688 0.058594 0.067708
0 0.645703 0.559896 0.061719 0.098958
0 0.709375 0.510938 0.068750 0.071875
0 0.213281 0.881250 0.060937 0.081250
0 0.060937 0.841667 0.060937 0.068750
0 0.065625 0.320312 0.051562 0.096875
0 0.514453 0.164062 0.074219 0.065625
0 0.503125 0.224479 0.082812 0.071875
0 0.859766 0.068750 0.058594 0.081250
0 0.729297 0.688542 0.053906 0.089583
0 0.967969 0.242708 0.064062 0.081250
0 0.474609 0.044271 0.069531 0.088542
0 0.529297 0.045833 0.064844 0.091667
0 0.315625 0.047396 0.076563 0.094792
0 0.378516 0.054688 0.074219 0.109375
0 0.103125 0.055729 0.065625 0.092708
0 0.575781 0.069792 0.071875 0.079167
0 0.948047 0.101562 0.060156 0.078125
0 0.294141 0.110937 0.071094 0.086458
0 0.459766 0.120833 0.057031 0.095833
0 0.572656 0.133854 0.070312 0.080208
0 0.408594 0.130208 0.070312 0.081250
0 0.237109 0.131771 0.071094 0.090625
0 0.166406 0.141146 0.067187 0.096875
0 0.714844 0.169271 0.070312 0.092708
0 0.074219 0.170313 0.071875 0.107292
0 0.942187 0.177604 0.064062 0.092708
0 0.769922 0.175521 0.064844 0.084375
0 0.217578 0.189583 0.069531 0.083333
0 0.297656 0.201563 0.064062 0.086458
0 0.437109 0.215104 0.064844 0.092708
0 0.062500 0.238542 0.046875 0.066667
0 0.762891 0.244271 0.061719 0.086458
0 0.895703 0.244271 0.061719 0.096875
0 0.819141 0.287500 0.064844 0.085417
0 0.491016 0.293750 0.067969 0.095833
0 0.115234 0.304167 0.052344 0.091667
0 0.312109 0.306771 0.058594 0.084375
0 0.919531 0.306250 0.060937 0.083333
0 0.744531 0.335417 0.068750 0.087500
0 0.972656 0.346875 0.062500 0.085417
0 0.883594 0.358854 0.050000 0.086458
0 0.606641 0.367708 0.057031 0.079167
0 0.848828 0.368750 0.053906 0.095833
0 0.506250 0.383333 0.068750 0.083333
0 0.648828 0.418750 0.069531 0.091667
0 0.697266 0.417708 0.052344 0.085417
0 0.947656 0.428646 0.071875 0.080208
0 0.173437 0.440625 0.065625 0.083333
0 0.501953 0.443750 0.074219 0.077083
0 0.038672 0.460938 0.077344 0.115625
0 0.783984 0.446875 0.063281 0.087500
0 0.715234 0.446875 0.072656 0.072917
0 0.564063 0.450000 0.059375 0.083333
0 0.893750 0.459375 0.051562 0.087500
0 0.218750 0.465104 0.057813 0.105208
0 0.442578 0.482812 0.077344 0.088542
0 0.973047 0.484375 0.061719 0.081250
0 0.282031 0.505729 0.057813 0.067708
0 0.926562 0.511458 0.056250 0.077083
0 0.162500 0.517708 0.060937 0.079167
0 0.610156 0.519271 0.068750 0.092708
0 0.087109 0.518229 0.063281 0.090625
0 0.338281 0.552083 0.071875 0.081250
0 0.233594 0.564583 0.070312 0.095833
0 0.953906 0.565104 0.064062 0.086458
0 0.049219 0.564583 0.051562 0.089583
0 0.387109 0.584375 0.072656 0.097917
0 0.917188 0.585938 0.064062 0.069792
0 0.278516 0.599479 0.064844 0.096875
0 0.475781 0.603646 0.064062 0.092708
0 0.201563 0.610417 0.060937 0.089583
0 0.085938 0.623437 0.067187 0.086458
0 0.915234 0.636979 0.060156 0.065625
0 0.527344 0.641667 0.071875 0.077083
0 0.971875 0.654687 0.064062 0.086458
0 0.353906 0.672396 0.062500 0.094792
0 0.300781 0.683333 0.068750 0.095833
0 0.144141 0.676042 0.057031 0.097917
0 0.189844 0.686979 0.057813 0.076042
0 0.057422 0.696875 0.064844 0.097917
0 0.864844 0.698438 0.057813 0.078125
0 0.392969 0.697917 0.054688 0.095833
0 0.241016 0.713542 0.072656 0.097917
0 0.574609 0.719271 0.066406 0.088542
0 0.432422 0.715625 0.074219 0.110417
0 0.821484 0.745833 0.064844 0.075000
0 0.685937 0.754167 0.068750 0.087500
0 0.894141 0.755729 0.064844 0.076042
0 0.099609 0.770312 0.074219 0.076042
0 0.190625 0.772396 0.065625 0.086458
0 0.260547 0.771875 0.069531 0.102083
0 0.635156 0.790625 0.054688 0.097917
0 0.521484 0.800521 0.053906 0.101042
0 0.892188 0.814063 0.059375 0.071875
0 0.476953 0.823958 0.060156 0.110417
0 0.342578 0.827604 0.064844 0.088542
0 0.293359 0.830208 0.057031 0.075000
0 0.583984 0.832812 0.060156 0.105208
0 0.810156 0.845833 0.060937 0.091667
0 0.932813 0.839583 0.070312 0.089583
0 0.418359 0.836458 0.074219 0.118750
0 0.540234 0.848437 0.053906 0.069792
0 0.258984 0.872396 0.063281 0.098958
0 0.622266 0.871354 0.066406 0.094792
0 0.858203 0.889062 0.069531 0.071875
0 0.394531 0.889583 0.070312 0.083333
0 0.680078 0.894271 0.061719 0.105208
0 0.044141 0.909896 0.088281 0.088542
0 0.482812 0.906250 0.062500 0.087500
0 0.555859 0.913542 0.071094 0.091667
0 0.806250 0.940625 0.068750 0.129167
0 0.140625 0.930729 0.068750 0.090625
0 0.623047 0.953646 0.069531 0.103125
0 0.718750 0.960417 0.100000 0.089583
0 0.288281 0.943229 0.070312 0.103125
0 0.364063 0.947396 0.062500 0.096875
0 0.533594 0.955729 0.079687 0.098958
0 0.223438 0.963542 0.059375 0.075000
0 0.925000 0.956250 0.064062 0.085417
3 0.751953 0.905729 0.083594 0.096875
1 0.557422 0.577083 0.063281 0.068750
