0 0.548438 0.535417 0.073438 0.102083
0 0.107031 0.367708 0.042188 0.064583
0 0.044922 0.635417 0.061719 0.079167
0 0.243359 0.606250 0.061719 0.093750
0 0.138281 0.875000 0.071875 0.091667
0 0.057422 0.123958 0.050781 0.093750
0 0.465625 0.331250 0.064062 0.081250
0 0.588281 0.110937 0.065625 0.094792
0 0.292187 0.709896 0.093750 0.084375
0 0.289844 0.036458 0.076563 0.072917
0 0.853125 0.044792 0.070312 0.089583
0 0.607422 0.041146 0.077344 0.073958
0 0.419531 0.045833 0.073438 0.087500
0 0.189453 0.053646 0.060156 0.086458
0 0.507031 0.058333 0.056250 0.089583
0 0.347266 0.062500 0.091406 0.125000
0 0.769531 0.074479 0.060937 0.094792
0 0.714453 0.092188 0.063281 0.090625
0 0.116016 0.131250 0.064844 0.104167
0 0.253125 0.140625 0.064062 0.095833
0 0.473438 0.153125 0.071875 0.091667
0 0.375000 0.170833 0.062500 0.077083
0 0.631641 0.170313 0.067969 0.086458
0 0.771484 0.180729 0.071094 0.092708
0 0.703125 0.186979 0.056250 0.078125
0 0.088281 0.200521 0.059375 0.084375
0 0.156250 0.209375 0.064062 0.083333
0 0.032422 0.215625 0.061719 0.083333
0 0.226562 0.216667 0.075000 0.089583
0 0.416016 0.222396 0.069531 0.084375
0 0.650781 0.238542 0.079687 0.089583
0 0.594922 0.251042 0.064844 0.083333
0 0.534375 0.259375 0.062500 0.089583
0 0.454297 0.269792 0.071094 0.081250
0 0.360156 0.278125 0.068750 0.077083
0 0.969922 0.276562 0.067969 0.090625
0 0.195312 0.285417 0.070312 0.095833
0 0.028516 0.319792 0.057031 0.091667
0 0.592187 0.327083 0.056250 0.075000
0 0.529687 0.339583 0.064062 0.089583
0 0.327734 0.338542 0.060156 0.085417
0 0.141797 0.345833 0.053906 0.089583
0 0.864844 0.344271 0.057813 0.078125
0 0.928906 0.344792 0.075000 0.089583
0 0.677734 0.344792 0.058594 0.085417
0 0.814453 0.390104 0.061719 0.080208
0 0.897656 0.402604 0.068750 0.076042
0 0.289844 0.419271 0.071875 0.094792
0 0.461719 0.422396 0.060937 0.092708
0 0.346484 0.444792 0.067969 0.087500
0 0.199609 0.447396 0.064844 0.084375
0 0.298828 0.497917 0.061719 0.087500
0 0.157031 0.510938 0.065625 0.094792
0 0.360156 0.513021 0.068750 0.084375
0 0.463281 0.513542 0.067187 0.093750
0 0.078516 0.518229 0.067969 0.088542
0 0.843750 0.536458 0.065625 0.091667
0 0.904297 0.535417 0.061719 0.083333
0 0.670312 0.536979 0.067187 0.090625
0 0.197656 0.561979 0.060937 0.101042
0 0.385937 0.583854 0.068750 0.090625
0 0.131250 0.593750 0.065625 0.087500
0 0.799609 0.600521 0.063281 0.094792
0 0.871484 0.608333 0.055469 0.075000
0 0.976562 0.617708 0.054688 0.079167
0 0.294922 0.634375 0.061719 0.081250
0 0.469141 0.640104 0.067969 0.090625
0 0.674609 0.644792 0.066406 0.085417
0 0.218359 0.655729 0.082031 0.082292
0 0.357422 0.664583 0.064844 0.095833
0 0.123438 0.676562 0.070312 0.092708
0 0.633594 0.701042 0.075000 0.093750
0 0.509375 0.705208 0.071875 0.089583
0 0.766406 0.724479 0.057813 0.098958
0 0.890234 0.715625 0.066406 0.087500
0 0.408984 0.718229 0.063281 0.086458
0 0.029297 0.731250 0.058594 0.091667
0 0.825781 0.745833 0.065625 0.100000
0 0.252344 0.749479 0.081250 0.078125
0 0.713281 0.750000 0.067187 0.106250
0 0.083594 0.752083 0.062500 0.087500
0 0.601953 0.767708 0.063281 0.085417
0 0.483594 0.782292 0.073438 0.102083
0 0.388281 0.796875 0.067187 0.091667
0 0.641406 0.815625 0.059375 0.087500
0 0.879687 0.813542 0.070312 0.085417
0 0.210156 0.820312 0.062500 0.090625
0 0.255469 0.828646 0.051562 0.090625
0 0.064844 0.841146 0.067187 0.078125
0 0.330469 0.847396 0.067187 0.092708
0 0.681250 0.857292 0.070312 0.093750
0 0.380078 0.879167 0.071094 0.089583
0 0.238281 0.897396 0.054688 0.082292
0 0.064062 0.902604 0.085938 0.078125
0 0.176563 0.904687 0.075000 0.096875
0 0.514062 0.906250 0.081250 0.100000
0 0.898438 0.914062 0.065625 0.084375
0 0.570312 0.925000 0.064062 0.093750
0 0.296484 0.928646 0.061719 0.078125
0 0.355078 0.939583 0.069531 0.081250
0 0.041406 0.948958 0.081250 0.081250
0 0.420312 0.948958 0.087500 0.079167
0 0.718359 0.956771 0.069531 0.092708
3 0.542578 0.636458 0.071094 0.087500
