0 0.249609 0.584896 0.063281 0.084375
0 0.300391 0.601042 0.057031 0.091667
0 0.283203 0.678646 0.071094 0.126042
0 0.634766 0.595313 0.063281 0.096875
0 0.537109 0.533854 0.066406 0.071875
0 0.484766 0.538542 0.057031 0.104167
0 0.605859 0.222396 0.053906 0.076042
0 0.708203 0.264062 0.067969 0.076042
0 0.756250 0.170313 0.085938 0.084375
0 0.731641 0.209896 0.075781 0.086458
0 0.710547 0.092188 0.058594 0.080208
0 0.883984 0.549479 0.066406 0.092708
0 0.792969 0.620833 0.051562 0.070833
0 0.058203 0.232813 0.052344 0.096875
0 0.232813 0.945833 0.068750 0.072917
0 0.557031 0.078125 0.067187 0.083333
0 0.721094 0.924479 0.054688 0.088542
0 0.386328 0.839063 0.064844 0.067708
0 0.731641 0.036979 0.061719 0.073958
0 0.073047 0.042708 0.063281 0.085417
0 0.172266 0.045833 0.052344 0.091667
0 0.028906 0.048438 0.057813 0.096875
0 0.123828 0.058333 0.063281 0.091667
0 0.848437 0.076563 0.056250 0.088542
0 0.790625 0.079167 0.065625 0.091667
0 0.653125 0.092708 0.062500 0.087500
0 0.940625 0.091667 0.060937 0.089583
0 0.065234 0.123438 0.060156 0.080208
0 0.887109 0.146875 0.060156 0.087500
0 0.130859 0.158854 0.060156 0.086458
0 0.636719 0.161458 0.073438 0.089583
0 0.289062 0.175521 0.059375 0.076042
0 0.806641 0.214583 0.063281 0.077083
0 0.251953 0.216146 0.061719 0.088542
0 0.851953 0.205208 0.055469 0.102083
0 0.103516 0.258333 0.066406 0.100000
0 0.922656 0.268750 0.057813 0.093750
0 0.342969 0.278125 0.060937 0.081250
0 0.581250 0.280729 0.075000 0.080208
0 0.876172 0.303125 0.061719 0.079167
0 0.822266 0.310937 0.055469 0.092708
0 0.124609 0.330208 0.067969 0.081250
0 0.197266 0.336458 0.063281 0.072917
0 0.565625 0.345313 0.071875 0.084375
0 0.048438 0.344792 0.059375 0.085417
0 0.755469 0.347917 0.060937 0.081250
0 0.395703 0.352604 0.064844 0.084375
0 0.333984 0.363542 0.064844 0.087500
0 0.618750 0.373437 0.067187 0.073958
0 0.944141 0.380208 0.063281 0.095833
0 0.862109 0.381250 0.063281 0.091667
0 0.159375 0.383333 0.059375 0.070833
0 0.445703 0.386458 0.063281 0.095833
0 0.094922 0.385417 0.063281 0.097917
0 0.535547 0.402083 0.083594 0.093750
0 0.393359 0.429688 0.064844 0.080208
0 0.058203 0.443750 0.075781 0.097917
0 0.296484 0.455208 0.064844 0.091667
0 0.515625 0.456771 0.062500 0.080208
0 0.887891 0.456771 0.067969 0.086458
0 0.454688 0.460417 0.067187 0.083333
0 0.194531 0.467187 0.071875 0.082292
0 0.589063 0.469271 0.065625 0.080208
0 0.807031 0.485417 0.073438 0.095833
0 0.364453 0.491667 0.063281 0.087500
0 0.320312 0.519792 0.059375 0.072917
0 0.434766 0.523438 0.060156 0.071875
0 0.141797 0.533854 0.074219 0.090625
0 0.780469 0.558333 0.064062 0.085417
0 0.068359 0.560937 0.074219 0.076042
0 0.523438 0.608333 0.078125 0.085417
0 0.721484 0.564063 0.075781 0.107292
0 0.073828 0.617708 0.077344 0.077083
0 0.727734 0.636458 0.060156 0.070833
0 0.347656 0.630729 0.060937 0.086458
0 0.908594 0.639583 0.065625 0.100000
0 0.549609 0.643750 0.066406 0.083333
0 0.219922 0.645833 0.057031 0.095833
0 0.481250 0.657813 0.075000 0.088542
0 0.399609 0.657813 0.088281 0.096875
0 0.667969 0.691146 0.060937 0.101042
0 0.187500 0.692708 0.062500 0.100000
0 0.435156 0.703646 0.060937 0.080208
0 0.323828 0.707292 0.058594 0.100000
0 0.375391 0.718229 0.067969 0.082292
0 0.611719 0.713542 0.078125 0.102083
0 0.698438 0.726562 0.054688 0.082292
0 0.235156 0.723958 0.068750 0.091667
0 0.166016 0.745313 0.066406 0.115625
0 0.353125 0.784896 0.065625 0.090625
0 0.691797 0.793750 0.071094 0.093750
0 0.217969 0.803646 0.071875 0.092708
0 0.311719 0.825521 0.065625 0.092708
0 0.655859 0.826042 0.061719 0.083333
0 0.362891 0.886458 0.066406 0.085417
0 0.205859 0.890625 0.069531 0.087500
0 0.280078 0.886458 0.066406 0.089583
0 0.121094 0.893750 0.057813 0.087500
0 0.425391 0.939583 0.071094 0.093750
0 0.348047 0.944271 0.060156 0.086458
0 0.163281 0.959375 0.064062 0.079167
4 0.403516 0.585417 0.072656 0.091667
