0 0.038672 0.486979 0.072656 0.090625
0 0.816406 0.826562 0.062500 0.071875
0 0.845703 0.800521 0.046094 0.082292
0 0.901172 0.808333 0.055469 0.087500
0 0.883203 0.865104 0.058594 0.076042
0 0.361719 0.522396 0.054688 0.069792
0 0.305469 0.770833 0.073438 0.050000
0 0.296094 0.821875 0.057813 0.077083
0 0.366016 0.805729 0.061719 0.094792
0 0.518359 0.831250 0.074219 0.081250
0 0.542578 0.770312 0.066406 0.080208
0 0.308984 0.260937 0.097656 0.082292
0 0.664844 0.535937 0.071875 0.098958
0 0.694531 0.040625 0.064062 0.081250
0 0.397656 0.038542 0.046875 0.077083
0 0.911328 0.055729 0.066406 0.080208
0 0.479687 0.069271 0.075000 0.071875
0 0.347266 0.118229 0.057031 0.096875
0 0.745703 0.102604 0.061719 0.098958
0 0.620313 0.102604 0.073438 0.067708
0 0.688672 0.111979 0.067969 0.082292
0 0.389453 0.118229 0.057031 0.086458
0 0.805469 0.113542 0.060937 0.087500
0 0.473438 0.137500 0.067187 0.095833
0 0.725391 0.165625 0.064844 0.089583
0 0.880469 0.170313 0.060937 0.080208
0 0.530469 0.172917 0.071875 0.085417
0 0.666016 0.177083 0.064844 0.093750
0 0.599609 0.184375 0.072656 0.089583
0 0.194141 0.209375 0.075781 0.095833
0 0.937891 0.209896 0.069531 0.080208
0 0.814844 0.215104 0.064062 0.080208
0 0.556250 0.250521 0.067187 0.084375
0 0.457031 0.264062 0.065625 0.073958
0 0.051172 0.249479 0.049219 0.094792
0 0.673828 0.271354 0.067969 0.088542
0 0.184766 0.281771 0.078906 0.092708
0 0.830859 0.277604 0.072656 0.082292
0 0.101172 0.296875 0.067969 0.091667
0 0.882422 0.298438 0.067969 0.090625
0 0.761328 0.306250 0.072656 0.093750
0 0.251563 0.317188 0.081250 0.105208
0 0.450781 0.328646 0.076563 0.088542
0 0.598437 0.303125 0.068750 0.062500
0 0.332422 0.328125 0.072656 0.085417
0 0.936719 0.338021 0.082812 0.086458
0 0.848437 0.352083 0.071875 0.081250
0 0.115625 0.359375 0.053125 0.070833
0 0.681641 0.368750 0.061719 0.093750
0 0.739062 0.369792 0.068750 0.079167
0 0.297266 0.397396 0.057031 0.094792
0 0.431641 0.397917 0.069531 0.081250
0 0.934375 0.402604 0.070312 0.094792
0 0.611719 0.412500 0.068750 0.091667
0 0.249609 0.414583 0.063281 0.087500
0 0.346094 0.419792 0.060937 0.085417
0 0.063281 0.413542 0.070312 0.102083
0 0.117578 0.423438 0.064844 0.076042
0 0.175000 0.428125 0.059375 0.083333
0 0.681250 0.453646 0.073438 0.082292
0 0.758984 0.463542 0.058594 0.083333
0 0.864062 0.468229 0.071875 0.103125
0 0.298047 0.471875 0.074219 0.093750
0 0.445703 0.478125 0.069531 0.089583
0 0.972266 0.488021 0.063281 0.086458
0 0.098828 0.494271 0.071094 0.090625
0 0.191016 0.501042 0.071094 0.083333
0 0.603516 0.510938 0.064844 0.096875
0 0.277734 0.533854 0.071094 0.090625
0 0.882422 0.540104 0.071094 0.105208
0 0.215234 0.557813 0.063281 0.073958
0 0.750000 0.565104 0.064062 0.086458
0 0.039844 0.568229 0.057813 0.082292
0 0.151953 0.566667 0.075781 0.075000
0 0.308594 0.567187 0.071875 0.078125
0 0.458984 0.578646 0.058594 0.084375
0 0.835938 0.555729 0.048438 0.069792
0 0.566016 0.575521 0.058594 0.080208
0 0.917969 0.586458 0.065625 0.095833
0 0.412891 0.595833 0.071094 0.079167
0 0.623828 0.607292 0.082031 0.102083
0 0.505859 0.611458 0.064844 0.077083
0 0.085938 0.622396 0.070312 0.084375
0 0.358203 0.622396 0.067969 0.086458
0 0.210938 0.628125 0.073438 0.091667
0 0.559766 0.635417 0.060156 0.070833
0 0.961328 0.638021 0.064844 0.086458
0 0.320703 0.639062 0.085156 0.073958
0 0.130469 0.647917 0.073438 0.106250
0 0.799219 0.681250 0.062500 0.075000
0 0.858594 0.673438 0.062500 0.090625
0 0.317578 0.691667 0.066406 0.066667
0 0.580859 0.700521 0.069531 0.090625
0 0.210938 0.704167 0.070312 0.091667
0 0.902344 0.715104 0.065625 0.094792
0 0.151562 0.712500 0.064062 0.100000
0 0.255078 0.718229 0.072656 0.094792
0 0.191797 0.727083 0.071094 0.066667
0 0.973828 0.748958 0.060156 0.089583
0 0.191406 0.790625 0.073438 0.093750
0 0.599609 0.777083 0.066406 0.102083
0 0.661328 0.807292 0.067969 0.081250
0 0.152734 0.803125 0.060156 0.100000
0 0.456250 0.827083 0.067187 0.095833
0 0.230859 0.829688 0.071094 0.101042
0 0.944141 0.850000 0.066406 0.068750
0 0.430859 0.861458 0.066406 0.100000
0 0.541016 0.871875 0.067969 0.079167
0 0.643750 0.872917 0.065625 0.077083
0 0.169141 0.883333 0.083594 0.093750
0 0.315625 0.890104 0.073438 0.086458
0 0.268359 0.900521 0.047656 0.067708
0 0.137500 0.914583 0.068750 0.112500
0 0.381250 0.890625 0.060937 0.125000
0 0.602734 0.921354 0.080469 0.086458
0 0.923438 0.928125 0.064062 0.095833
0 0.967187 0.941146 0.070312 0.082292
0 0.455078 0.954688 0.063281 0.082292
0 0.314844 0.958333 0.067187 0.081250
1 0.534375 0.340625 0.085938 0.097917
1 0.600000 0.325521 0.068750 0.096875
