0 0.287500 0.907292 0.073438 0.075000
0 0.313672 0.838542 0.064844 0.081250
0 0.303125 0.756771 0.054688 0.078125
0 0.423047 0.685417 0.060156 0.085417
0 0.946484 0.695312 0.061719 0.084375
0 0.783984 0.522396 0.064844 0.101042
0 0.730469 0.544271 0.051562 0.082292
0 0.373828 0.727083 0.058594 0.077083
0 0.359766 0.821354 0.055469 0.071875
0 0.546875 0.947917 0.060937 0.075000
0 0.038672 0.500000 0.052344 0.089583
0 0.819141 0.548438 0.058594 0.082292
0 0.954688 0.056250 0.098437 0.112500
0 0.364453 0.043229 0.058594 0.086458
0 0.687109 0.060417 0.060156 0.085417
0 0.557813 0.065625 0.062500 0.089583
0 0.457422 0.068229 0.064844 0.086458
0 0.135547 0.104167 0.078906 0.112500
0 0.612891 0.105208 0.064844 0.087500
0 0.745703 0.106771 0.063281 0.090625
0 0.876953 0.109375 0.069531 0.097917
0 0.045312 0.115625 0.057813 0.089583
0 0.806250 0.113542 0.062500 0.087500
0 0.405859 0.125000 0.057031 0.077083
0 0.267188 0.126042 0.059375 0.081250
0 0.696875 0.149479 0.059375 0.088542
0 0.952734 0.145313 0.060156 0.090625
0 0.085547 0.151042 0.061719 0.093750
0 0.356641 0.163542 0.063281 0.095833
0 0.474219 0.162500 0.062500 0.087500
0 0.909375 0.167187 0.062500 0.084375
0 0.837500 0.173437 0.065625 0.073958
0 0.147266 0.183333 0.071094 0.081250
0 0.728906 0.190625 0.062500 0.087500
0 0.563672 0.183333 0.086719 0.120833
0 0.631250 0.209896 0.079687 0.123958
0 0.303516 0.219792 0.067969 0.095833
0 0.211719 0.242708 0.065625 0.102083
0 0.914453 0.242188 0.071094 0.088542
0 0.819531 0.242708 0.067187 0.091667
0 0.738672 0.264583 0.058594 0.072917
0 0.415234 0.261979 0.083594 0.121875
0 0.171875 0.283333 0.062500 0.089583
0 0.614062 0.289583 0.062500 0.091667
0 0.261328 0.279687 0.055469 0.090625
0 0.788672 0.290104 0.069531 0.096875
0 0.061328 0.293229 0.063281 0.101042
0 0.314063 0.301042 0.073438 0.100000
0 0.569922 0.312500 0.066406 0.102083
0 0.925391 0.318750 0.071094 0.077083
0 0.519141 0.329167 0.060156 0.087500
0 0.760156 0.354167 0.079687 0.118750
0 0.288672 0.360417 0.069531 0.085417
0 0.415625 0.375521 0.075000 0.073958
0 0.085938 0.378125 0.068750 0.087500
0 0.142578 0.383333 0.058594 0.072917
0 0.958594 0.414583 0.090625 0.131250
0 0.364063 0.413021 0.051562 0.103125
0 0.541797 0.416146 0.064844 0.080208
0 0.823828 0.417187 0.091406 0.096875
0 0.479297 0.428125 0.066406 0.085417
0 0.310547 0.430729 0.069531 0.082292
0 0.087109 0.442188 0.074219 0.076042
0 0.436328 0.454688 0.067969 0.092708
0 0.591797 0.464583 0.063281 0.091667
0 0.831250 0.480208 0.057813 0.062500
0 0.203516 0.471354 0.053906 0.073958
0 0.890234 0.474479 0.064844 0.094792
0 0.657422 0.484375 0.057031 0.095833
0 0.952344 0.485417 0.070312 0.085417
0 0.314844 0.506771 0.100000 0.103125
0 0.147266 0.529167 0.064844 0.104167
0 0.450781 0.538542 0.068750 0.089583
0 0.089844 0.547396 0.076563 0.101042
0 0.969531 0.558333 0.068750 0.089583
0 0.659375 0.564063 0.056250 0.094792
0 0.496484 0.570833 0.064844 0.104167
0 0.608594 0.574479 0.070312 0.092708
0 0.207813 0.573958 0.070312 0.085417
0 0.852734 0.595313 0.069531 0.086458
0 0.714453 0.600000 0.061719 0.083333
0 0.033984 0.628125 0.067969 0.118750
0 0.822266 0.630208 0.078906 0.091667
0 0.206250 0.643750 0.068750 0.087500
0 0.586328 0.660417 0.058594 0.100000
0 0.250000 0.669271 0.062500 0.084375
0 0.514844 0.671354 0.059375 0.080208
0 0.087109 0.673438 0.067969 0.076042
0 0.319531 0.664062 0.089063 0.094792
0 0.814453 0.687500 0.078906 0.077083
0 0.632812 0.730729 0.065625 0.088542
0 0.808984 0.738542 0.064844 0.064583
0 0.450000 0.741667 0.053125 0.093750
0 0.255078 0.740104 0.061719 0.090625
0 0.896094 0.740625 0.060937 0.081250
0 0.032813 0.764062 0.065625 0.078125
0 0.092578 0.766146 0.067969 0.094792
0 0.660937 0.778646 0.075000 0.090625
0 0.806250 0.791667 0.065625 0.087500
0 0.164844 0.803125 0.062500 0.085417
0 0.217578 0.801562 0.066406 0.080208
0 0.857812 0.802083 0.062500 0.091667
0 0.491797 0.807292 0.080469 0.087500
0 0.129297 0.839063 0.064844 0.088542
0 0.623828 0.846875 0.063281 0.087500
0 0.219531 0.868229 0.073438 0.084375
0 0.512891 0.867188 0.066406 0.084375
0 0.062891 0.866667 0.060156 0.100000
0 0.683984 0.870313 0.058594 0.082292
0 0.433594 0.880208 0.062500 0.081250
0 0.846875 0.889583 0.064062 0.091667
0 0.732422 0.892188 0.049219 0.088542
0 0.028906 0.894792 0.057813 0.097917
0 0.573828 0.897396 0.053906 0.071875
0 0.613281 0.898958 0.050000 0.070833
0 0.166797 0.903646 0.055469 0.086458
0 0.377734 0.917188 0.064844 0.090625
0 0.625000 0.953125 0.073438 0.093750
0 0.121875 0.956771 0.067187 0.096875
0 0.066016 0.964063 0.080469 0.082292
0 0.963281 0.961979 0.081250 0.086458
3 0.347656 0.564063 0.076563 0.092708
