0 0.047266 0.539062 0.063281 0.096875
0 0.437500 0.193229 0.068750 0.084375
0 0.532422 0.719271 0.078906 0.105208
0 0.748437 0.942187 0.068750 0.096875
0 0.930859 0.177083 0.064844 0.104167
0 0.037109 0.133333 0.074219 0.091667
0 0.932422 0.040625 0.082031 0.081250
0 0.351953 0.045312 0.080469 0.078125
0 0.416016 0.045833 0.072656 0.091667
0 0.667578 0.051562 0.082031 0.103125
0 0.474219 0.052604 0.070312 0.105208
0 0.817187 0.077083 0.065625 0.087500
0 0.192969 0.084375 0.073438 0.097917
0 0.515625 0.086979 0.075000 0.090625
0 0.255078 0.103125 0.075781 0.108333
0 0.572656 0.107292 0.064062 0.100000
0 0.376172 0.122396 0.077344 0.109375
0 0.744141 0.139063 0.077344 0.101042
0 0.616016 0.155208 0.077344 0.106250
0 0.513281 0.161458 0.076563 0.093750
0 0.216797 0.160417 0.064844 0.083333
0 0.283594 0.170313 0.079687 0.121875
0 0.669531 0.191146 0.073438 0.096875
0 0.156641 0.206250 0.074219 0.100000
0 0.801172 0.206250 0.082031 0.118750
0 0.882031 0.218750 0.076563 0.100000
0 0.552734 0.220312 0.074219 0.088542
0 0.384375 0.266146 0.060937 0.115625
0 0.934375 0.273438 0.075000 0.096875
0 0.749219 0.273958 0.076563 0.091667
0 0.683203 0.275521 0.080469 0.096875
0 0.260547 0.300000 0.078906 0.104167
0 0.040625 0.302604 0.081250 0.107292
0 0.499609 0.303646 0.078906 0.109375
0 0.864453 0.305729 0.075781 0.101042
0 0.432422 0.329167 0.078906 0.095833
0 0.687891 0.352083 0.067969 0.087500
0 0.172266 0.359375 0.069531 0.102083
0 0.262891 0.376042 0.078906 0.095833
0 0.092188 0.375000 0.081250 0.095833
0 0.835547 0.385417 0.075781 0.100000
0 0.304297 0.394271 0.071094 0.094792
0 0.566406 0.410417 0.075000 0.085417
0 0.972656 0.432812 0.062500 0.096875
0 0.642578 0.436979 0.075781 0.105208
0 0.078125 0.442708 0.071875 0.085417
0 0.512109 0.463021 0.071094 0.098958
0 0.248438 0.473958 0.079687 0.108333
0 0.394922 0.475000 0.074219 0.091667
0 0.328516 0.478125 0.071094 0.091667
0 0.148047 0.494271 0.061719 0.121875
0 0.841016 0.516146 0.082031 0.096875
0 0.617188 0.518229 0.081250 0.111458
0 0.771094 0.528646 0.081250 0.098958
0 0.108203 0.556250 0.077344 0.085417
0 0.289844 0.562500 0.076563 0.087500
0 0.352344 0.560417 0.071875 0.100000
0 0.420703 0.563542 0.075781 0.106250
0 0.175391 0.597917 0.080469 0.102083
0 0.461719 0.603125 0.081250 0.110417
0 0.575000 0.632292 0.079687 0.104167
0 0.633203 0.612500 0.077344 0.108333
0 0.727734 0.638542 0.072656 0.097917
0 0.055469 0.638021 0.078125 0.080208
0 0.326953 0.650521 0.074219 0.094792
0 0.403906 0.653646 0.079687 0.088542
0 0.107031 0.669792 0.054688 0.085417
0 0.776953 0.664583 0.075781 0.125000
0 0.047656 0.695312 0.095312 0.094792
0 0.201953 0.697917 0.075781 0.100000
0 0.947656 0.722396 0.073438 0.092708
0 0.707422 0.727604 0.069531 0.088542
0 0.869922 0.745313 0.075781 0.103125
0 0.335547 0.751042 0.074219 0.102083
0 0.276172 0.758854 0.069531 0.096875
0 0.770312 0.763021 0.068750 0.105208
0 0.066406 0.768229 0.076563 0.094792
0 0.624609 0.796354 0.075781 0.096875
0 0.925781 0.795312 0.070312 0.088542
0 0.160938 0.804688 0.081250 0.090625
0 0.241797 0.809375 0.075781 0.091667
0 0.522266 0.792708 0.069531 0.118750
0 0.340625 0.823438 0.075000 0.086458
0 0.402344 0.833854 0.071875 0.088542
0 0.801172 0.840625 0.078906 0.108333
0 0.097266 0.843750 0.050781 0.093750
0 0.660547 0.846875 0.069531 0.091667
0 0.964453 0.845313 0.078906 0.067708
0 0.053516 0.855729 0.064844 0.111458
0 0.871484 0.892708 0.061719 0.087500
0 0.541016 0.890625 0.069531 0.089583
0 0.684766 0.918750 0.072656 0.097917
0 0.487109 0.925000 0.077344 0.102083
0 0.167187 0.938021 0.070312 0.096875
0 0.073438 0.944271 0.073438 0.098958
0 0.246094 0.958854 0.060937 0.088542
0 0.136719 0.960417 0.076563 0.089583
0 0.296484 0.964063 0.069531 0.082292
2 0.605469 0.729688 0.090625 0.142708
1 0.490625 0.661979 0.071875 0.092708
