0 0.466406 0.846354 0.059375 0.071875
0 0.327734 0.910937 0.071094 0.063542
0 0.823828 0.658333 0.071094 0.089583
0 0.088672 0.035937 0.060156 0.071875
0 0.351562 0.041146 0.060937 0.082292
0 0.914062 0.045312 0.065625 0.082292
0 0.293359 0.043750 0.064844 0.085417
0 0.779687 0.051042 0.060937 0.083333
0 0.488672 0.058333 0.061719 0.087500
0 0.400781 0.057813 0.064062 0.080208
0 0.592969 0.065104 0.059375 0.084375
0 0.239453 0.066146 0.057031 0.078125
0 0.817187 0.080729 0.064062 0.084375
0 0.540234 0.088021 0.066406 0.092708
0 0.641016 0.096354 0.064844 0.088542
0 0.151953 0.102604 0.058594 0.082292
0 0.103125 0.117188 0.054688 0.094792
0 0.442969 0.113542 0.059375 0.081250
0 0.754687 0.116667 0.064062 0.085417
0 0.925781 0.116667 0.062500 0.075000
0 0.299609 0.123438 0.071094 0.080208
0 0.217578 0.124479 0.050781 0.082292
0 0.385156 0.128125 0.062500 0.079167
0 0.583594 0.139063 0.062500 0.076042
0 0.056641 0.153646 0.066406 0.090625
0 0.516406 0.156771 0.071875 0.086458
0 0.810547 0.165625 0.061719 0.087500
0 0.650391 0.175521 0.066406 0.082292
0 0.167187 0.184375 0.070312 0.087500
0 0.918750 0.197396 0.064062 0.086458
0 0.401562 0.204167 0.064062 0.087500
0 0.857812 0.199479 0.057813 0.088542
0 0.251953 0.210417 0.058594 0.079167
0 0.777344 0.235937 0.060937 0.082292
0 0.950781 0.257812 0.067187 0.078125
0 0.120703 0.262500 0.060156 0.085417
0 0.733594 0.285938 0.067187 0.078125
0 0.400391 0.296875 0.063281 0.093750
0 0.285938 0.310417 0.062500 0.091667
0 0.662891 0.316146 0.072656 0.090625
0 0.457422 0.319271 0.063281 0.082292
0 0.344531 0.315104 0.057813 0.090625
0 0.782422 0.327083 0.060156 0.089583
0 0.090625 0.339583 0.060937 0.079167
0 0.814063 0.352604 0.056250 0.090625
0 0.731641 0.360938 0.061719 0.082292
0 0.504297 0.369792 0.064844 0.097917
0 0.258203 0.376563 0.063281 0.080208
0 0.386719 0.379167 0.062500 0.083333
0 0.680469 0.383333 0.064062 0.085417
0 0.449609 0.397917 0.066406 0.087500
0 0.100391 0.414583 0.064844 0.083333
0 0.620703 0.439063 0.058594 0.078125
0 0.801562 0.442188 0.062500 0.086458
0 0.714453 0.441146 0.064844 0.082292
0 0.280078 0.441146 0.063281 0.086458
0 0.226562 0.456771 0.056250 0.080208
0 0.501563 0.460938 0.073438 0.084375
0 0.041797 0.463021 0.067969 0.084375
0 0.421094 0.464583 0.064062 0.091667
0 0.171094 0.471354 0.059375 0.080208
0 0.098437 0.496354 0.064062 0.080208
0 0.386719 0.511979 0.050000 0.067708
0 0.474219 0.513021 0.064062 0.084375
0 0.775391 0.516667 0.058594 0.091667
0 0.282422 0.529167 0.060156 0.095833
0 0.833203 0.519792 0.061719 0.089583
0 0.582422 0.527604 0.072656 0.090625
0 0.227734 0.540104 0.066406 0.086458
0 0.047656 0.550000 0.065625 0.091667
0 0.883984 0.557292 0.063281 0.095833
0 0.703516 0.558333 0.066406 0.087500
0 0.428906 0.559896 0.056250 0.076042
0 0.317969 0.563542 0.060937 0.079167
0 0.940625 0.557292 0.053125 0.083333
0 0.505859 0.580729 0.069531 0.090625
0 0.812891 0.584375 0.078906 0.075000
0 0.617969 0.582292 0.064062 0.085417
0 0.147656 0.601042 0.051562 0.089583
0 0.092969 0.598437 0.060937 0.082292
0 0.354687 0.608854 0.075000 0.088542
0 0.197266 0.610938 0.053906 0.090625
0 0.250781 0.613542 0.060937 0.085417
0 0.665625 0.613542 0.056250 0.077083
0 0.868359 0.626563 0.064844 0.090625
0 0.600000 0.657813 0.067187 0.084375
0 0.063281 0.659896 0.059375 0.088542
0 0.118750 0.670833 0.057813 0.089583
0 0.378906 0.670312 0.054688 0.078125
0 0.926562 0.673958 0.064062 0.089583
0 0.504297 0.667708 0.053906 0.081250
0 0.174219 0.678646 0.065625 0.088542
0 0.686719 0.677083 0.064062 0.079167
0 0.326953 0.687500 0.066406 0.095833
0 0.553906 0.692187 0.056250 0.076042
0 0.426563 0.698438 0.060937 0.082292
0 0.973437 0.707292 0.060937 0.079167
0 0.030469 0.707812 0.060937 0.082292
0 0.876953 0.711979 0.058594 0.080208
0 0.628125 0.725000 0.067187 0.083333
0 0.775781 0.725000 0.059375 0.079167
0 0.207031 0.725521 0.057813 0.078125
0 0.823828 0.742188 0.066406 0.084375
0 0.146875 0.741667 0.079687 0.064583
0 0.294531 0.747396 0.059375 0.084375
0 0.692969 0.756250 0.067187 0.077083
0 0.466406 0.751042 0.048438 0.089583
0 0.929297 0.765625 0.060156 0.087500
0 0.582812 0.771875 0.053125 0.093750
0 0.340234 0.771875 0.055469 0.068750
0 0.044141 0.771875 0.067969 0.081250
0 0.242969 0.782292 0.064062 0.083333
0 0.842969 0.797396 0.062500 0.082292
0 0.161719 0.805729 0.064062 0.073958
0 0.624609 0.802083 0.057031 0.081250
0 0.408203 0.811979 0.060156 0.082292
0 0.685547 0.829167 0.071094 0.093750
0 0.741406 0.821875 0.056250 0.081250
0 0.545703 0.826562 0.061719 0.080208
0 0.067187 0.829167 0.060937 0.079167
0 0.905859 0.836979 0.058594 0.086458
0 0.958203 0.834896 0.058594 0.076042
0 0.284375 0.840104 0.059375 0.088542
0 0.341797 0.844792 0.061719 0.081250
0 0.119531 0.845833 0.057813 0.081250
0 0.199609 0.854167 0.069531 0.085417
0 0.789453 0.858333 0.063281 0.083333
0 0.662500 0.869792 0.065625 0.085417
0 0.576172 0.885938 0.077344 0.084375
0 0.080859 0.902083 0.066406 0.079167
0 0.028516 0.896875 0.057031 0.081250
0 0.500391 0.913542 0.055469 0.095833
0 0.623047 0.915625 0.063281 0.085417
0 0.889453 0.909896 0.064844 0.088542
0 0.449609 0.919792 0.058594 0.079167
0 0.822656 0.923958 0.062500 0.089583
0 0.260937 0.927083 0.060937 0.083333
0 0.034375 0.961979 0.068750 0.082292
0 0.310156 0.967708 0.065625 0.075000
4 0.531250 0.751042 0.078125 0.095833
2 0.698047 0.235417 0.083594 0.114583
1 0.459375 0.628646 0.064062 0.084375
