0 0.504297 0.635417 0.053906 0.077083
0 0.140625 0.562500 0.057813 0.095833
0 0.628125 0.785937 0.073438 0.082292
0 0.300781 0.052604 0.057813 0.063542
0 0.435937 0.041146 0.068750 0.080208
0 0.942578 0.051562 0.078906 0.103125
0 0.616016 0.055208 0.067969 0.091667
0 0.254297 0.056771 0.063281 0.086458
0 0.067578 0.056771 0.069531 0.101042
0 0.121875 0.067708 0.064062 0.077083
0 0.179688 0.071875 0.059375 0.083333
0 0.685156 0.096354 0.073438 0.082292
0 0.043750 0.114062 0.071875 0.123958
0 0.762891 0.106250 0.058594 0.083333
0 0.867969 0.110937 0.071875 0.103125
0 0.302344 0.113021 0.073438 0.096875
0 0.449609 0.120833 0.069531 0.089583
0 0.974219 0.130729 0.059375 0.086458
0 0.103516 0.135937 0.071094 0.092708
0 0.195312 0.143750 0.070312 0.083333
0 0.607812 0.153646 0.064062 0.096875
0 0.363672 0.164583 0.060156 0.072917
0 0.282031 0.177083 0.070312 0.089583
0 0.886328 0.183333 0.071094 0.104167
0 0.219922 0.200521 0.063281 0.076042
0 0.754297 0.207813 0.064844 0.086458
0 0.044531 0.211458 0.057813 0.081250
0 0.157031 0.211979 0.075000 0.078125
0 0.313281 0.209896 0.071875 0.078125
0 0.463672 0.220833 0.058594 0.083333
0 0.839063 0.217188 0.048438 0.105208
0 0.571094 0.219792 0.059375 0.083333
0 0.417187 0.238542 0.070312 0.081250
0 0.921875 0.228646 0.065625 0.094792
0 0.510156 0.253646 0.064062 0.076042
0 0.362500 0.264583 0.068750 0.085417
0 0.090625 0.265625 0.070312 0.085417
0 0.215625 0.269792 0.073438 0.093750
0 0.563672 0.280208 0.060156 0.068750
0 0.965625 0.279687 0.064062 0.086458
0 0.325391 0.281771 0.085156 0.073958
0 0.135547 0.290104 0.072656 0.109375
0 0.862891 0.316146 0.063281 0.090625
0 0.803125 0.323958 0.062500 0.075000
0 0.321875 0.335417 0.065625 0.064583
0 0.584766 0.343229 0.069531 0.090625
0 0.215625 0.352604 0.070312 0.103125
0 0.906641 0.357812 0.064844 0.094792
0 0.155859 0.355729 0.064844 0.098958
0 0.264062 0.361458 0.062500 0.095833
0 0.374219 0.361979 0.050000 0.069792
0 0.976172 0.391667 0.055469 0.089583
0 0.603906 0.417708 0.065625 0.104167
0 0.847656 0.450000 0.048438 0.097917
0 0.666016 0.450521 0.067969 0.080208
0 0.157422 0.447396 0.060156 0.101042
0 0.460938 0.468750 0.067187 0.093750
0 0.235156 0.472396 0.070312 0.101042
0 0.816797 0.468229 0.058594 0.069792
0 0.948047 0.496875 0.066406 0.077083
0 0.435937 0.504687 0.065625 0.096875
0 0.545312 0.514583 0.067187 0.079167
0 0.648438 0.514062 0.065625 0.080208
0 0.273438 0.543750 0.048438 0.066667
0 0.928516 0.566146 0.064844 0.105208
0 0.515234 0.556250 0.063281 0.095833
0 0.385547 0.533854 0.060156 0.123958
0 0.607422 0.566667 0.080469 0.091667
0 0.969922 0.583854 0.067969 0.082292
0 0.319531 0.600521 0.067187 0.082292
0 0.254688 0.622917 0.054688 0.095833
0 0.553906 0.645312 0.068750 0.078125
0 0.617188 0.644271 0.081250 0.094792
0 0.930078 0.660937 0.072656 0.088542
0 0.457031 0.683333 0.070312 0.112500
0 0.800000 0.683333 0.048438 0.066667
0 0.975391 0.695833 0.057031 0.087500
0 0.559375 0.706250 0.068750 0.075000
0 0.635938 0.720313 0.075000 0.080208
0 0.125000 0.717708 0.071875 0.102083
0 0.365234 0.714063 0.050781 0.069792
0 0.917578 0.741667 0.077344 0.108333
0 0.787891 0.737500 0.078906 0.075000
0 0.292187 0.747917 0.065625 0.110417
0 0.485938 0.769271 0.085938 0.134375
0 0.228516 0.751563 0.085156 0.084375
0 0.131641 0.768750 0.086719 0.083333
0 0.370312 0.778125 0.075000 0.100000
0 0.579688 0.773958 0.059375 0.072917
0 0.724219 0.783333 0.065625 0.081250
0 0.544531 0.776563 0.056250 0.090625
0 0.216406 0.810937 0.079687 0.084375
0 0.862891 0.792188 0.060156 0.071875
0 0.325391 0.795833 0.078906 0.083333
0 0.776563 0.837500 0.064062 0.097917
0 0.430469 0.834896 0.071875 0.088542
0 0.101953 0.832292 0.077344 0.083333
0 0.883594 0.851042 0.062500 0.093750
0 0.940625 0.848958 0.060937 0.070833
0 0.603125 0.875521 0.057813 0.111458
0 0.485938 0.861979 0.082812 0.086458
0 0.723828 0.875000 0.064844 0.091667
0 0.252344 0.878125 0.057813 0.083333
0 0.111328 0.888021 0.088281 0.076042
0 0.829688 0.877604 0.067187 0.105208
0 0.556641 0.889583 0.061719 0.091667
0 0.373437 0.897396 0.071875 0.094792
0 0.496094 0.923438 0.073438 0.078125
0 0.658984 0.917708 0.080469 0.072917
0 0.880078 0.934896 0.067969 0.078125
0 0.430469 0.945833 0.081250 0.118750
0 0.830859 0.966146 0.067969 0.078125
0 0.047266 0.965625 0.094531 0.079167
