0 0.611328 0.063542 0.069531 0.079167
0 0.591797 0.437500 0.060156 0.066667
0 0.152734 0.222917 0.075781 0.077083
0 0.952734 0.471354 0.072656 0.078125
0 0.547656 0.230729 0.054688 0.076042
0 0.293359 0.047396 0.064844 0.078125
0 0.178125 0.101562 0.059375 0.069792
0 0.169922 0.165625 0.057031 0.062500
0 0.876172 0.639062 0.071094 0.078125
0 0.900391 0.719271 0.061719 0.082292
0 0.842578 0.716667 0.052344 0.089583
0 0.954688 0.042188 0.060937 0.084375
0 0.157812 0.041146 0.082812 0.082292
0 0.229297 0.061458 0.066406 0.093750
0 0.043359 0.064062 0.057031 0.078125
0 0.516016 0.070312 0.067969 0.086458
0 0.442969 0.090625 0.093750 0.102083
0 0.095703 0.094271 0.069531 0.084375
0 0.312500 0.127083 0.068750 0.077083
0 0.537891 0.131250 0.057031 0.075000
0 0.699609 0.139063 0.064844 0.082292
0 0.225000 0.144271 0.056250 0.086458
0 0.033984 0.154688 0.067969 0.088542
0 0.811719 0.153646 0.064062 0.084375
0 0.431250 0.167187 0.075000 0.084375
0 0.947656 0.173437 0.064062 0.080208
0 0.492969 0.183333 0.062500 0.085417
0 0.621484 0.193750 0.067969 0.085417
0 0.403125 0.210938 0.076563 0.096875
0 0.666797 0.220833 0.063281 0.075000
0 0.221094 0.222917 0.067187 0.077083
0 0.823047 0.234896 0.061719 0.088542
0 0.494141 0.260937 0.064844 0.103125
0 0.369531 0.259896 0.070312 0.080208
0 0.239063 0.271875 0.071875 0.083333
0 0.441016 0.286979 0.072656 0.084375
0 0.535156 0.302604 0.067187 0.098958
0 0.584766 0.290625 0.055469 0.095833
0 0.165234 0.301042 0.077344 0.081250
0 0.085156 0.300521 0.068750 0.086458
0 0.832031 0.319271 0.064062 0.090625
0 0.638672 0.322917 0.072656 0.085417
0 0.274609 0.342187 0.069531 0.094792
0 0.792969 0.348958 0.057813 0.091667
0 0.565234 0.366146 0.061719 0.086458
0 0.156641 0.368229 0.060156 0.080208
0 0.076563 0.371875 0.078125 0.072917
0 0.852734 0.376042 0.069531 0.093750
0 0.203906 0.389583 0.062500 0.083333
0 0.467187 0.394792 0.057813 0.097917
0 0.894531 0.398438 0.059375 0.080208
0 0.103516 0.403125 0.067969 0.070833
0 0.036719 0.435937 0.073438 0.096875
0 0.180078 0.435417 0.082031 0.079167
0 0.092969 0.475000 0.071875 0.089583
0 0.788672 0.491146 0.060156 0.098958
0 0.842969 0.493750 0.060937 0.091667
0 0.714063 0.497917 0.064062 0.093750
0 0.037500 0.508333 0.075000 0.083333
0 0.299609 0.508333 0.072656 0.097917
0 0.901563 0.519792 0.067187 0.072917
0 0.121875 0.530729 0.082812 0.071875
0 0.271484 0.548958 0.075781 0.104167
0 0.539844 0.548958 0.067187 0.087500
0 0.381250 0.556771 0.064062 0.084375
0 0.452344 0.567187 0.070312 0.084375
0 0.839844 0.576562 0.060937 0.082292
0 0.930859 0.576042 0.072656 0.077083
0 0.692969 0.626042 0.064062 0.081250
0 0.360156 0.631250 0.070312 0.102083
0 0.287500 0.634896 0.057813 0.084375
0 0.808594 0.664062 0.064062 0.092708
0 0.514062 0.686458 0.070312 0.104167
0 0.748437 0.683333 0.071875 0.077083
0 0.969531 0.709896 0.068750 0.086458
0 0.311328 0.713021 0.061719 0.086458
0 0.439063 0.729688 0.060937 0.107292
0 0.795312 0.757292 0.051562 0.100000
0 0.483594 0.759375 0.060937 0.081250
0 0.336719 0.764062 0.064062 0.067708
0 0.573828 0.779687 0.071094 0.090625
0 0.410547 0.800521 0.075781 0.101042
0 0.292969 0.825000 0.054688 0.097917
0 0.909375 0.824479 0.070312 0.076042
0 0.348828 0.834896 0.086719 0.107292
0 0.451953 0.833333 0.069531 0.095833
0 0.838672 0.859375 0.071094 0.079167
0 0.760547 0.876563 0.060156 0.094792
0 0.393359 0.879167 0.066406 0.089583
0 0.253906 0.883854 0.060937 0.084375
0 0.073828 0.899479 0.063281 0.082292
0 0.556250 0.916667 0.059375 0.089583
0 0.726172 0.919271 0.064844 0.084375
0 0.309766 0.934375 0.067969 0.089583
0 0.791797 0.935937 0.067969 0.084375
0 0.416016 0.958333 0.071094 0.087500
0 0.516016 0.960938 0.067969 0.088542
1 0.386719 0.719271 0.064062 0.101042
