0 0.685156 0.802604 0.050000 0.092708
0 0.658594 0.867708 0.071875 0.075000
0 0.595703 0.881771 0.069531 0.090625
0 0.972266 0.171354 0.053906 0.086458
0 0.060547 0.237500 0.063281 0.108333
0 0.265234 0.190104 0.077344 0.073958
0 0.311719 0.147917 0.076563 0.095833
0 0.265234 0.124479 0.066406 0.092708
0 0.223047 0.053646 0.063281 0.090625
0 0.592578 0.679688 0.091406 0.117708
0 0.068359 0.037500 0.060156 0.075000
0 0.913281 0.050000 0.076563 0.100000
0 0.799609 0.054167 0.063281 0.089583
0 0.874219 0.061979 0.060937 0.086458
0 0.750000 0.086458 0.067187 0.085417
0 0.361328 0.094792 0.060156 0.085417
0 0.830469 0.111979 0.065625 0.090625
0 0.775781 0.127083 0.059375 0.087500
0 0.891797 0.132812 0.066406 0.073958
0 0.808984 0.152604 0.071094 0.111458
0 0.071094 0.145833 0.070312 0.077083
0 0.726562 0.147917 0.062500 0.089583
0 0.135156 0.161458 0.064062 0.093750
0 0.676172 0.167708 0.060156 0.087500
0 0.866797 0.188542 0.055469 0.075000
0 0.922656 0.208854 0.067187 0.088542
0 0.699609 0.237500 0.080469 0.087500
0 0.144531 0.252083 0.056250 0.120833
0 0.797656 0.247917 0.070312 0.095833
0 0.243359 0.243750 0.060156 0.100000
0 0.892578 0.270833 0.060156 0.104167
0 0.840625 0.265625 0.057813 0.108333
0 0.951172 0.276562 0.064844 0.092708
0 0.750391 0.298438 0.078906 0.086458
0 0.677344 0.296875 0.071875 0.077083
0 0.108594 0.285938 0.062500 0.065625
0 0.062891 0.310937 0.071094 0.094792
0 0.908203 0.374479 0.071094 0.086458
0 0.629297 0.416667 0.067969 0.085417
0 0.835547 0.424479 0.063281 0.101042
0 0.947266 0.436458 0.069531 0.093750
0 0.889062 0.437500 0.059375 0.093750
0 0.789062 0.457813 0.065625 0.088542
0 0.676562 0.483333 0.067187 0.087500
0 0.972266 0.448958 0.063281 0.112500
0 0.864453 0.499479 0.060156 0.086458
0 0.969531 0.520312 0.059375 0.063542
0 0.917578 0.503646 0.053906 0.090625
0 0.764062 0.525000 0.059375 0.100000
0 0.819141 0.526042 0.066406 0.095833
0 0.720313 0.551042 0.053125 0.097917
0 0.551172 0.571875 0.060156 0.087500
0 0.700781 0.623437 0.048438 0.082292
0 0.535937 0.653646 0.057813 0.080208
0 0.557031 0.830208 0.056250 0.087500
0 0.632812 0.943229 0.082812 0.082292
1 0.100781 0.214062 0.062500 0.088542
