0 0.635938 0.293750 0.078125 0.108333
0 0.671094 0.235937 0.075000 0.080208
0 0.666406 0.166146 0.071875 0.078125
0 0.630469 0.106771 0.060937 0.117708
0 0.921875 0.224479 0.079687 0.101042
0 0.857031 0.360938 0.071875 0.086458
0 0.685547 0.337500 0.074219 0.083333
0 0.473438 0.396875 0.087500 0.085417
0 0.260937 0.396875 0.067187 0.081250
0 0.201953 0.396354 0.064844 0.107292
0 0.168359 0.329688 0.071094 0.073958
0 0.090234 0.333854 0.072656 0.078125
0 0.153516 0.891146 0.060156 0.107292
0 0.101562 0.893750 0.059375 0.110417
0 0.150000 0.801562 0.076563 0.092708
0 0.208203 0.815625 0.063281 0.095833
0 0.363672 0.793229 0.080469 0.071875
0 0.445703 0.470833 0.061719 0.127083
0 0.489844 0.479167 0.062500 0.104167
0 0.969922 0.055208 0.067969 0.097917
0 0.844922 0.065104 0.071094 0.076042
0 0.793750 0.094792 0.075000 0.089583
0 0.592969 0.140625 0.064062 0.110417
0 0.731641 0.147396 0.072656 0.101042
0 0.963672 0.141146 0.080469 0.107292
0 0.889844 0.168750 0.071875 0.116667
0 0.081250 0.255729 0.070312 0.082292
0 0.570312 0.264062 0.073438 0.121875
0 0.737891 0.267188 0.063281 0.111458
0 0.884375 0.292708 0.075000 0.102083
0 0.812109 0.303125 0.082031 0.116667
0 0.525391 0.310937 0.064844 0.101042
0 0.164062 0.445312 0.067187 0.101042
0 0.569922 0.427604 0.088281 0.105208
0 0.313281 0.484375 0.057813 0.100000
0 0.542969 0.505729 0.071875 0.107292
0 0.730859 0.519271 0.083594 0.115625
0 0.278125 0.574479 0.065625 0.084375
0 0.364844 0.572917 0.068750 0.108333
0 0.564063 0.630729 0.068750 0.103125
0 0.348438 0.652083 0.087500 0.097917
0 0.234375 0.662500 0.078125 0.125000
0 0.471875 0.685937 0.075000 0.103125
0 0.183203 0.704167 0.088281 0.112500
0 0.273438 0.710417 0.062500 0.081250
0 0.370312 0.720833 0.082812 0.095833
0 0.431641 0.735417 0.063281 0.064583
0 0.621094 0.751563 0.078125 0.101042
0 0.261328 0.779687 0.055469 0.096875
0 0.567187 0.783333 0.070312 0.106250
0 0.560547 0.902604 0.077344 0.103125
0 0.577734 0.961979 0.074219 0.086458
2 0.683594 0.087500 0.075000 0.093750
3 0.245703 0.466146 0.078906 0.090625
