0 0.891797 0.042708 0.064844 0.085417
0 0.832422 0.038542 0.060156 0.077083
0 0.083594 0.045833 0.051562 0.091667
0 0.313672 0.046875 0.072656 0.093750
0 0.197656 0.052083 0.062500 0.089583
0 0.455469 0.055729 0.064062 0.098958
0 0.691016 0.067708 0.071094 0.081250
0 0.596875 0.076563 0.054688 0.082292
0 0.501172 0.078125 0.080469 0.097917
0 0.366797 0.083854 0.063281 0.080208
0 0.262109 0.086458 0.066406 0.087500
0 0.937109 0.092188 0.060156 0.080208
0 0.166406 0.104688 0.065625 0.090625
0 0.060547 0.109375 0.071094 0.095833
0 0.834375 0.112500 0.075000 0.095833
0 0.647656 0.125521 0.062500 0.084375
0 0.711719 0.139063 0.059375 0.073958
0 0.976953 0.142708 0.053906 0.083333
0 0.455859 0.156771 0.061719 0.088542
0 0.368359 0.164583 0.069531 0.089583
0 0.521484 0.169271 0.074219 0.088542
0 0.608594 0.170833 0.064062 0.081250
0 0.297656 0.170313 0.065625 0.086458
0 0.869922 0.172917 0.067969 0.089583
0 0.132422 0.178646 0.067969 0.090625
0 0.926562 0.186458 0.059375 0.083333
0 0.754687 0.189583 0.068750 0.087500
0 0.202344 0.191667 0.060937 0.081250
0 0.028906 0.207813 0.057813 0.080208
0 0.816406 0.220833 0.060937 0.081250
0 0.084766 0.224479 0.072656 0.084375
0 0.429688 0.232292 0.057813 0.085417
0 0.653125 0.240104 0.064062 0.088542
0 0.596094 0.242188 0.059375 0.082292
0 0.878516 0.250521 0.060156 0.084375
0 0.480078 0.248958 0.058594 0.087500
0 0.969141 0.253646 0.061719 0.086458
0 0.177344 0.255208 0.071875 0.097917
0 0.539453 0.257292 0.066406 0.085417
0 0.755859 0.272917 0.067969 0.091667
0 0.700391 0.280208 0.055469 0.091667
0 0.400000 0.279167 0.075000 0.102083
0 0.338672 0.287500 0.071094 0.087500
0 0.226172 0.293750 0.063281 0.097917
0 0.090625 0.304167 0.076563 0.083333
0 0.812891 0.315104 0.071094 0.096875
0 0.898047 0.311979 0.063281 0.088542
0 0.495312 0.318229 0.075000 0.096875
0 0.034766 0.306250 0.069531 0.135417
0 0.598437 0.334896 0.067187 0.092708
0 0.950000 0.335417 0.064062 0.091667
0 0.285156 0.344271 0.079687 0.094792
0 0.366016 0.345313 0.067969 0.084375
0 0.663672 0.349479 0.071094 0.096875
0 0.115234 0.372396 0.066406 0.086458
0 0.524609 0.378125 0.064844 0.093750
0 0.787500 0.385417 0.062500 0.093750
0 0.731250 0.383333 0.060937 0.079167
0 0.882031 0.391146 0.064062 0.082292
0 0.461719 0.396354 0.071875 0.092708
0 0.582031 0.407292 0.071875 0.089583
0 0.191016 0.411979 0.066406 0.094792
0 0.935156 0.419792 0.064062 0.087500
0 0.384375 0.419271 0.059375 0.088542
0 0.132031 0.445833 0.067187 0.083333
0 0.821484 0.442708 0.061719 0.087500
0 0.240625 0.452604 0.065625 0.088542
0 0.669141 0.457813 0.066406 0.080208
0 0.040625 0.470313 0.071875 0.101042
0 0.765234 0.478125 0.067969 0.095833
0 0.343359 0.478125 0.072656 0.085417
0 0.706250 0.483333 0.059375 0.087500
0 0.413672 0.481771 0.069531 0.084375
0 0.098047 0.500521 0.066406 0.086458
0 0.862500 0.510938 0.065625 0.084375
0 0.567578 0.513542 0.071094 0.091667
0 0.935547 0.523958 0.063281 0.087500
0 0.679297 0.529687 0.053906 0.086458
0 0.234766 0.533333 0.067969 0.083333
0 0.316016 0.544792 0.061719 0.083333
0 0.812891 0.546875 0.060156 0.083333
0 0.173437 0.553646 0.064062 0.080208
0 0.727344 0.564583 0.070312 0.097917
0 0.490234 0.567187 0.058594 0.078125
0 0.040625 0.578646 0.068750 0.088542
0 0.100000 0.595833 0.062500 0.087500
0 0.269141 0.600521 0.066406 0.101042
0 0.629687 0.602083 0.067187 0.089583
0 0.539453 0.604167 0.071094 0.097917
0 0.827734 0.624479 0.067969 0.084375
0 0.760156 0.636979 0.070312 0.082292
0 0.146094 0.645312 0.060937 0.096875
0 0.488281 0.646875 0.062500 0.077083
0 0.582422 0.646354 0.061719 0.086458
0 0.205469 0.651042 0.067187 0.089583
0 0.039062 0.653646 0.065625 0.073958
0 0.905078 0.657292 0.066406 0.085417
0 0.321484 0.672396 0.067969 0.088542
0 0.261719 0.693750 0.071875 0.085417
0 0.058203 0.702083 0.071094 0.087500
0 0.727344 0.699479 0.065625 0.090625
0 0.821875 0.703125 0.068750 0.089583
0 0.503125 0.716146 0.067187 0.080208
0 0.400391 0.716667 0.063281 0.087500
0 0.585938 0.720833 0.059375 0.083333
0 0.675781 0.721354 0.059375 0.090625
0 0.156250 0.745833 0.062500 0.081250
0 0.341797 0.746875 0.066406 0.087500
0 0.772656 0.748437 0.065625 0.084375
0 0.259375 0.760938 0.068750 0.080208
0 0.467578 0.760417 0.072656 0.095833
0 0.883984 0.760417 0.067969 0.085417
0 0.095703 0.762500 0.066406 0.087500
0 0.595703 0.785937 0.066406 0.073958
0 0.674219 0.801042 0.062500 0.081250
0 0.422656 0.805208 0.075000 0.079167
0 0.308594 0.807292 0.056250 0.075000
0 0.740625 0.812500 0.070312 0.093750
0 0.966406 0.810417 0.071875 0.095833
0 0.225781 0.817708 0.067187 0.089583
0 0.079687 0.832292 0.057813 0.079167
0 0.886328 0.838542 0.071094 0.081250
0 0.605469 0.846354 0.065625 0.084375
0 0.357812 0.841146 0.064062 0.090625
0 0.453125 0.849479 0.078125 0.088542
0 0.712500 0.861458 0.065625 0.083333
0 0.183203 0.864062 0.074219 0.094792
0 0.272266 0.868229 0.066406 0.088542
0 0.048828 0.869271 0.050781 0.088542
0 0.120703 0.876563 0.060156 0.084375
0 0.836328 0.884375 0.064844 0.081250
0 0.642188 0.900521 0.078125 0.082292
0 0.903906 0.914583 0.062500 0.075000
0 0.422656 0.917708 0.073438 0.089583
0 0.782031 0.920833 0.075000 0.095833
0 0.312109 0.928646 0.069531 0.086458
0 0.519922 0.931250 0.064844 0.087500
0 0.180469 0.940625 0.060937 0.077083
0 0.087500 0.941667 0.068750 0.091667
0 0.692969 0.959896 0.075000 0.080208
0 0.623047 0.966667 0.061719 0.072917
0 0.941797 0.963542 0.067969 0.083333
0 0.825391 0.969271 0.058594 0.071875
1 0.490234 0.471354 0.069531 0.084375
