0 0.156641 0.400000 0.064844 0.087500
0 0.240625 0.909896 0.071875 0.082292
0 0.038672 0.689583 0.052344 0.085417
0 0.115234 0.332292 0.069531 0.081250
0 0.528516 0.042188 0.060156 0.084375
0 0.186719 0.043750 0.060937 0.087500
0 0.294141 0.069271 0.066406 0.084375
0 0.859766 0.071875 0.063281 0.087500
0 0.234375 0.067187 0.062500 0.134375
0 0.790234 0.088021 0.057031 0.080208
0 0.903125 0.102604 0.065625 0.086458
0 0.539844 0.104688 0.060937 0.092708
0 0.182031 0.116146 0.064062 0.082292
0 0.841406 0.138542 0.071875 0.097917
0 0.225391 0.169792 0.061719 0.097917
0 0.786328 0.165104 0.064844 0.078125
0 0.556250 0.177083 0.059375 0.077083
0 0.902734 0.179167 0.072656 0.095833
0 0.170313 0.194271 0.065625 0.082292
0 0.659766 0.206250 0.061719 0.066667
0 0.954297 0.191667 0.055469 0.102083
0 0.851562 0.217188 0.068750 0.082292
0 0.728125 0.227083 0.059375 0.089583
0 0.783984 0.244271 0.067969 0.088542
0 0.517188 0.248958 0.057813 0.089583
0 0.090625 0.256771 0.056250 0.090625
0 0.888281 0.261979 0.071875 0.082292
0 0.623047 0.263021 0.066406 0.098958
0 0.807422 0.284896 0.057031 0.076042
0 0.025391 0.283854 0.050781 0.076042
0 0.690625 0.285938 0.064062 0.088542
0 0.948438 0.289062 0.067187 0.101042
0 0.495703 0.317188 0.060156 0.078125
0 0.641797 0.340104 0.061719 0.098958
0 0.879297 0.340104 0.077344 0.092708
0 0.350000 0.343750 0.064062 0.087500
0 0.285547 0.347396 0.057031 0.090625
0 0.813672 0.349479 0.058594 0.082292
0 0.586719 0.351562 0.060937 0.078125
0 0.758203 0.355208 0.060156 0.093750
0 0.699609 0.364063 0.066406 0.086458
0 0.458984 0.369792 0.071094 0.095833
0 0.951172 0.376563 0.066406 0.078125
0 0.400391 0.372396 0.050781 0.103125
0 0.094922 0.392188 0.071094 0.076042
0 0.236328 0.379167 0.053906 0.091667
0 0.546094 0.396875 0.057813 0.093750
0 0.834375 0.399479 0.059375 0.098958
0 0.319141 0.406771 0.078906 0.082292
0 0.605078 0.418750 0.072656 0.095833
0 0.496875 0.425521 0.068750 0.098958
0 0.778516 0.428646 0.063281 0.092708
0 0.253516 0.440104 0.060156 0.088542
0 0.689453 0.428646 0.067969 0.090625
0 0.441797 0.440104 0.061719 0.082292
0 0.197656 0.440104 0.057813 0.078125
0 0.115625 0.448437 0.067187 0.073958
0 0.036328 0.464583 0.055469 0.085417
0 0.646484 0.471354 0.061719 0.082292
0 0.307812 0.480208 0.065625 0.087500
0 0.477734 0.493229 0.078906 0.092708
0 0.411719 0.481771 0.064062 0.107292
0 0.365234 0.508333 0.061719 0.095833
0 0.117969 0.514583 0.068750 0.070833
0 0.773438 0.517188 0.060937 0.084375
0 0.715625 0.540104 0.060937 0.092708
0 0.055469 0.540625 0.065625 0.085417
0 0.457422 0.549479 0.067969 0.076042
0 0.661328 0.556771 0.061719 0.103125
0 0.330859 0.580208 0.052344 0.093750
0 0.098828 0.586458 0.063281 0.089583
0 0.781250 0.595313 0.068750 0.084375
0 0.387891 0.607812 0.074219 0.086458
0 0.459766 0.623958 0.060156 0.081250
0 0.636328 0.620833 0.064844 0.097917
0 0.706250 0.629167 0.067187 0.089583
0 0.973047 0.628646 0.057031 0.092708
0 0.910547 0.659896 0.055469 0.121875
0 0.556641 0.648958 0.060156 0.085417
0 0.760547 0.665104 0.063281 0.086458
0 0.820703 0.668229 0.064844 0.090625
0 0.099609 0.667188 0.061719 0.090625
0 0.369922 0.681250 0.063281 0.087500
0 0.470313 0.693229 0.068750 0.076042
0 0.600391 0.701042 0.067969 0.108333
0 0.692969 0.711458 0.060937 0.102083
0 0.955859 0.709896 0.064844 0.080208
0 0.522266 0.728125 0.057031 0.079167
0 0.333984 0.722396 0.055469 0.103125
0 0.864844 0.733854 0.059375 0.096875
0 0.748828 0.728125 0.060156 0.100000
0 0.803516 0.756250 0.066406 0.100000
0 0.075781 0.750521 0.057813 0.082292
0 0.654687 0.756250 0.087500 0.135417
0 0.567578 0.770312 0.058594 0.111458
0 0.973047 0.757812 0.061719 0.090625
0 0.473828 0.765104 0.066406 0.092708
0 0.895312 0.773958 0.062500 0.070833
0 0.362109 0.796354 0.063281 0.082292
0 0.506641 0.803646 0.066406 0.103125
0 0.607031 0.808854 0.060937 0.082292
0 0.717578 0.813021 0.052344 0.111458
0 0.833203 0.808854 0.064844 0.069792
0 0.296875 0.827604 0.065625 0.092708
0 0.076172 0.827604 0.080469 0.076042
0 0.771484 0.833854 0.060156 0.073958
0 0.209375 0.832292 0.059375 0.093750
0 0.428125 0.834896 0.100000 0.105208
0 0.882031 0.844792 0.065625 0.079167
0 0.529687 0.848958 0.060937 0.079167
0 0.651953 0.858854 0.067969 0.084375
0 0.824609 0.880208 0.072656 0.106250
0 0.352734 0.868229 0.063281 0.082292
0 0.162891 0.878646 0.060156 0.101042
0 0.466016 0.886979 0.069531 0.098958
0 0.103906 0.898438 0.046875 0.082292
0 0.400391 0.907292 0.071094 0.087500
0 0.873828 0.911979 0.074219 0.090625
0 0.061719 0.903125 0.062500 0.114583
0 0.775000 0.909375 0.068750 0.083333
0 0.710156 0.908333 0.060937 0.075000
0 0.309375 0.927083 0.067187 0.108333
0 0.175391 0.959896 0.063281 0.090625
0 0.117188 0.961979 0.071875 0.086458
0 0.816016 0.958333 0.063281 0.093750
0 0.377344 0.967708 0.076563 0.075000
0 0.953906 0.964063 0.065625 0.082292
0 0.433984 0.964583 0.061719 0.081250
4 0.405469 0.746354 0.093750 0.107292
