0 0.088672 0.085938 0.067969 0.098958
0 0.033203 0.131250 0.049219 0.091667
0 0.046094 0.268750 0.053125 0.081250
0 0.175391 0.528125 0.057031 0.072917
0 0.280078 0.853646 0.052344 0.071875
0 0.282813 0.927083 0.053125 0.066667
0 0.330469 0.923438 0.051562 0.082292
0 0.316406 0.815104 0.065625 0.088542
0 0.439453 0.732292 0.064844 0.079167
0 0.460547 0.805729 0.061719 0.073958
0 0.501953 0.748958 0.064844 0.087500
0 0.391797 0.953646 0.058594 0.076042
0 0.590234 0.458854 0.058594 0.086458
0 0.512891 0.455208 0.063281 0.079167
0 0.540234 0.504167 0.052344 0.070833
0 0.859766 0.844792 0.053906 0.070833
0 0.805469 0.877604 0.060937 0.067708
0 0.873828 0.899479 0.053906 0.073958
0 0.793359 0.803646 0.046094 0.078125
0 0.929297 0.925000 0.058594 0.072917
0 0.829688 0.944271 0.046875 0.069792
0 0.923438 0.656250 0.062500 0.077083
0 0.957812 0.595313 0.068750 0.084375
0 0.868359 0.569792 0.053906 0.075000
0 0.914844 0.531771 0.057813 0.082292
0 0.958203 0.448437 0.052344 0.111458
0 0.953906 0.214062 0.046875 0.073958
0 0.224219 0.047396 0.065625 0.094792
0 0.275391 0.047396 0.060156 0.082292
0 0.437109 0.050521 0.067969 0.101042
0 0.175781 0.056771 0.059375 0.086458
0 0.487891 0.060417 0.057031 0.085417
0 0.561328 0.063542 0.067969 0.087500
0 0.432812 0.097396 0.065625 0.067708
0 0.369531 0.067187 0.068750 0.134375
0 0.740234 0.086458 0.069531 0.087500
0 0.622656 0.100000 0.073438 0.104167
0 0.966406 0.097917 0.065625 0.083333
0 0.856641 0.111979 0.061719 0.082292
0 0.499609 0.122917 0.072656 0.095833
0 0.316406 0.127604 0.065625 0.092708
0 0.557813 0.132812 0.067187 0.082292
0 0.133203 0.130729 0.058594 0.092708
0 0.918750 0.141146 0.062500 0.078125
0 0.813672 0.147917 0.064844 0.087500
0 0.368359 0.151562 0.066406 0.088542
0 0.078906 0.163021 0.064062 0.092708
0 0.223438 0.177083 0.065625 0.089583
0 0.582812 0.178125 0.065625 0.100000
0 0.470703 0.183333 0.064844 0.085417
0 0.678125 0.202083 0.071875 0.108333
0 0.264453 0.210938 0.063281 0.082292
0 0.343359 0.217188 0.067969 0.090625
0 0.842187 0.219792 0.062500 0.087500
0 0.790234 0.226562 0.064844 0.086458
0 0.291797 0.236458 0.061719 0.087500
0 0.563281 0.252083 0.078125 0.085417
0 0.910156 0.256250 0.064062 0.085417
0 0.097266 0.276042 0.067969 0.083333
0 0.868359 0.287500 0.067969 0.091667
0 0.698438 0.289583 0.092188 0.100000
0 0.261328 0.302083 0.067969 0.085417
0 0.441797 0.309896 0.063281 0.092708
0 0.766016 0.315104 0.067969 0.111458
0 0.556250 0.327604 0.068750 0.096875
0 0.362891 0.345313 0.080469 0.101042
0 0.607812 0.352604 0.068750 0.101042
0 0.238672 0.375521 0.064844 0.094792
0 0.426953 0.384375 0.066406 0.106250
0 0.753906 0.392708 0.068750 0.095833
0 0.378906 0.392188 0.056250 0.067708
0 0.084766 0.420312 0.064844 0.090625
0 0.375391 0.435937 0.067969 0.076042
0 0.161719 0.444792 0.062500 0.085417
0 0.647656 0.452083 0.070312 0.108333
0 0.465625 0.446354 0.081250 0.115625
0 0.861719 0.475000 0.062500 0.089583
0 0.129688 0.488021 0.064062 0.082292
0 0.371875 0.504167 0.067187 0.091667
0 0.307031 0.529687 0.064062 0.084375
0 0.580859 0.557292 0.071094 0.079167
0 0.818750 0.558854 0.059375 0.088542
0 0.356250 0.571875 0.062500 0.085417
0 0.153906 0.586979 0.064062 0.088542
0 0.793750 0.603125 0.062500 0.085417
0 0.234766 0.604167 0.060156 0.083333
0 0.519531 0.619271 0.071875 0.092708
0 0.107422 0.617708 0.061719 0.085417
0 0.659375 0.631771 0.087500 0.123958
0 0.447266 0.638021 0.071094 0.092708
0 0.711328 0.653646 0.072656 0.105208
0 0.389844 0.656771 0.070312 0.094792
0 0.036328 0.665104 0.066406 0.086458
0 0.271094 0.677604 0.064062 0.088542
0 0.562891 0.680729 0.071094 0.098958
0 0.839453 0.684896 0.071094 0.090625
0 0.076172 0.701042 0.063281 0.089583
0 0.760938 0.723437 0.059375 0.086458
0 0.308594 0.734896 0.057813 0.088542
0 0.871875 0.742188 0.068750 0.086458
0 0.590625 0.750521 0.075000 0.098958
0 0.141016 0.769792 0.066406 0.085417
0 0.553125 0.771875 0.060937 0.091667
0 0.920703 0.778125 0.071094 0.085417
0 0.682422 0.784375 0.061719 0.075000
0 0.240234 0.786979 0.066406 0.088542
0 0.398438 0.786979 0.067187 0.090625
0 0.755469 0.805729 0.053125 0.094792
0 0.030469 0.800000 0.060937 0.125000
0 0.370703 0.825521 0.060156 0.086458
0 0.157812 0.834896 0.065625 0.094792
0 0.919141 0.844271 0.064844 0.080208
0 0.617578 0.853125 0.071094 0.087500
0 0.720313 0.857812 0.065625 0.092708
0 0.057031 0.871354 0.060937 0.086458
0 0.558203 0.884896 0.066406 0.086458
0 0.194141 0.907292 0.063281 0.087500
0 0.132812 0.913021 0.065625 0.080208
0 0.694531 0.917188 0.060937 0.086458
0 0.747656 0.953646 0.060937 0.086458
0 0.652344 0.955729 0.062500 0.078125
2 0.469922 0.509896 0.074219 0.092708
