0 0.841797 0.388542 0.050781 0.070833
0 0.810156 0.428125 0.056250 0.072917
0 0.793359 0.465104 0.066406 0.065625
0 0.976562 0.440625 0.046875 0.081250
0 0.930469 0.676562 0.059375 0.094792
0 0.776172 0.654687 0.067969 0.094792
0 0.726172 0.580208 0.067969 0.077083
0 0.618750 0.607812 0.067187 0.071875
0 0.033203 0.151562 0.058594 0.088542
0 0.214453 0.202083 0.053906 0.075000
0 0.206250 0.272396 0.059375 0.071875
0 0.268359 0.273438 0.058594 0.076042
0 0.253516 0.135417 0.063281 0.079167
0 0.296875 0.136458 0.062500 0.072917
0 0.264844 0.197917 0.071875 0.083333
0 0.595313 0.225000 0.051562 0.062500
0 0.470313 0.316667 0.059375 0.070833
0 0.363281 0.369271 0.064062 0.076042
0 0.464844 0.955729 0.065625 0.082292
0 0.083594 0.711979 0.060937 0.067708
0 0.059766 0.840104 0.063281 0.092708
0 0.076953 0.595313 0.063281 0.080208
0 0.135547 0.648438 0.058594 0.082292
0 0.844531 0.927604 0.051562 0.084375
0 0.806641 0.921875 0.055469 0.093750
0 0.703906 0.650000 0.060937 0.087500
0 0.742969 0.695312 0.064062 0.082292
0 0.129688 0.526042 0.071875 0.081250
0 0.082031 0.453125 0.056250 0.083333
0 0.867969 0.460938 0.050000 0.082292
0 0.432031 0.451042 0.075000 0.083333
0 0.335156 0.508333 0.065625 0.077083
0 0.400391 0.502083 0.067969 0.093750
0 0.209766 0.370312 0.049219 0.071875
0 0.169922 0.328125 0.053906 0.077083
0 0.090625 0.284896 0.067187 0.082292
0 0.050781 0.330729 0.060937 0.073958
0 0.316016 0.328646 0.069531 0.094792
0 0.731250 0.395833 0.054688 0.093750
0 0.831641 0.575000 0.057031 0.072917
0 0.266406 0.340625 0.053125 0.091667
0 0.879687 0.508333 0.054688 0.068750
0 0.768750 0.520833 0.076563 0.070833
0 0.753906 0.483333 0.068750 0.062500
0 0.589844 0.681250 0.062500 0.085417
0 0.479687 0.385417 0.076563 0.091667
0 0.165234 0.464062 0.032031 0.090625
0 0.199609 0.452083 0.042969 0.081250
0 0.155078 0.384896 0.058594 0.073958
0 0.137500 0.851562 0.051562 0.067708
0 0.171484 0.856250 0.044531 0.066667
0 0.183594 0.045312 0.067187 0.090625
0 0.358203 0.047917 0.058594 0.079167
0 0.035156 0.052083 0.070312 0.104167
0 0.953516 0.067708 0.053906 0.068750
0 0.644141 0.054167 0.060156 0.093750
0 0.307812 0.060417 0.067187 0.083333
0 0.913281 0.065625 0.051562 0.081250
0 0.240625 0.075521 0.064062 0.084375
0 0.687891 0.082812 0.061719 0.126042
0 0.744922 0.094271 0.060156 0.078125
0 0.862891 0.101042 0.082031 0.091667
0 0.800391 0.108854 0.067969 0.080208
0 0.569141 0.116667 0.058594 0.075000
0 0.726953 0.126042 0.058594 0.081250
0 0.405469 0.127083 0.059375 0.079167
0 0.672656 0.148438 0.062500 0.082292
0 0.146484 0.152604 0.064844 0.086458
0 0.521875 0.155729 0.081250 0.130208
0 0.867188 0.167187 0.065625 0.071875
0 0.799609 0.176042 0.064844 0.085417
0 0.079297 0.177604 0.058594 0.078125
0 0.365625 0.181250 0.065625 0.087500
0 0.642188 0.192188 0.064062 0.088542
0 0.749219 0.200521 0.060937 0.088542
0 0.321094 0.204687 0.059375 0.090625
0 0.432031 0.217708 0.062500 0.081250
0 0.167969 0.221875 0.048438 0.083333
0 0.516797 0.239063 0.057031 0.080208
0 0.701953 0.252083 0.058594 0.079167
0 0.805859 0.278646 0.074219 0.113542
0 0.537891 0.269792 0.061719 0.089583
0 0.976172 0.277604 0.055469 0.088542
0 0.925781 0.279167 0.068750 0.102083
0 0.607422 0.295833 0.071094 0.070833
0 0.127734 0.289583 0.053906 0.083333
0 0.416797 0.301042 0.061719 0.083333
0 0.753516 0.320833 0.060156 0.079167
0 0.869922 0.323958 0.064844 0.087500
0 0.532813 0.364583 0.054688 0.075000
0 0.772656 0.376563 0.057813 0.082292
0 0.617578 0.379167 0.063281 0.118750
0 0.570312 0.394792 0.057813 0.116667
0 0.631250 0.427604 0.073438 0.090625
0 0.919531 0.447396 0.068750 0.121875
0 0.687891 0.432292 0.063281 0.091667
0 0.513672 0.442708 0.052344 0.081250
0 0.290625 0.465104 0.050000 0.082292
0 0.650781 0.535937 0.053125 0.071875
0 0.258203 0.559896 0.075781 0.121875
0 0.315234 0.568229 0.063281 0.086458
0 0.205469 0.611979 0.073438 0.090625
0 0.353125 0.609896 0.053125 0.103125
0 0.379688 0.635417 0.057813 0.083333
0 0.182031 0.666146 0.068750 0.088542
0 0.522656 0.665625 0.070312 0.087500
0 0.313672 0.668229 0.069531 0.090625
0 0.461328 0.685417 0.066406 0.077083
0 0.372656 0.712500 0.082812 0.104167
0 0.295703 0.738542 0.072656 0.085417
0 0.116797 0.764062 0.058594 0.086458
0 0.373828 0.792188 0.061719 0.086458
0 0.254688 0.792708 0.064062 0.083333
0 0.650000 0.797917 0.062500 0.085417
0 0.199609 0.803125 0.069531 0.093750
0 0.878906 0.801042 0.073438 0.081250
0 0.420312 0.806771 0.060937 0.088542
0 0.299219 0.828125 0.064062 0.087500
0 0.925391 0.842708 0.067969 0.072917
0 0.794531 0.850000 0.067187 0.089583
0 0.369531 0.876563 0.059375 0.078125
0 0.559766 0.882812 0.080469 0.098958
0 0.723437 0.893750 0.078125 0.093750
0 0.616797 0.903646 0.058594 0.090625
0 0.412109 0.905729 0.058594 0.076042
0 0.298438 0.906250 0.065625 0.085417
0 0.210156 0.928125 0.057813 0.087500
0 0.353125 0.935417 0.059375 0.075000
0 0.255078 0.955729 0.064844 0.098958
0 0.543750 0.959896 0.101562 0.090625
1 0.476953 0.185938 0.058594 0.069792
1 0.610547 0.292187 0.058594 0.067708
2 0.346094 0.426042 0.071875 0.085417
2 0.516016 0.794271 0.067969 0.107292
2 0.442969 0.077083 0.062500 0.081250
