0 0.650000 0.726042 0.059375 0.081250
0 0.254688 0.489583 0.057813 0.081250
0 0.239453 0.448437 0.064844 0.059375
0 0.943750 0.785417 0.060937 0.075000
0 0.512109 0.039583 0.060156 0.079167
0 0.030469 0.058854 0.060937 0.117708
0 0.094922 0.048438 0.064844 0.096875
0 0.773438 0.065104 0.062500 0.107292
0 0.350391 0.065625 0.074219 0.087500
0 0.680078 0.068229 0.061719 0.094792
0 0.053906 0.074479 0.067187 0.073958
0 0.735547 0.080729 0.060156 0.084375
0 0.818750 0.087500 0.051562 0.102083
0 0.907813 0.087500 0.070312 0.075000
0 0.372656 0.095833 0.067187 0.087500
0 0.131641 0.104167 0.071094 0.083333
0 0.229297 0.108854 0.067969 0.084375
0 0.641797 0.110417 0.066406 0.091667
0 0.031641 0.138542 0.063281 0.091667
0 0.866406 0.140625 0.071875 0.102083
0 0.931641 0.140625 0.064844 0.068750
0 0.401953 0.163542 0.072656 0.089583
0 0.745313 0.163021 0.073438 0.098958
0 0.124609 0.175000 0.072656 0.091667
0 0.335938 0.176563 0.067187 0.090625
0 0.838672 0.186458 0.064844 0.085417
0 0.206641 0.189062 0.067969 0.088542
0 0.501953 0.180729 0.064844 0.067708
0 0.928125 0.198437 0.071875 0.078125
0 0.621875 0.195833 0.064062 0.095833
0 0.069141 0.213021 0.067969 0.080208
0 0.576562 0.233333 0.060937 0.081250
0 0.780469 0.239063 0.062500 0.086458
0 0.506250 0.244271 0.062500 0.092708
0 0.969922 0.256250 0.067969 0.079167
0 0.213672 0.265104 0.058594 0.086458
0 0.438281 0.268750 0.060937 0.083333
0 0.619922 0.279167 0.066406 0.079167
0 0.075000 0.288542 0.068750 0.089583
0 0.382812 0.288021 0.062500 0.088542
0 0.299219 0.302083 0.071875 0.085417
0 0.676562 0.305729 0.062500 0.073958
0 0.931250 0.321875 0.056250 0.091667
0 0.725781 0.326562 0.060937 0.082292
0 0.593750 0.333333 0.068750 0.095833
0 0.539062 0.330729 0.064062 0.092708
0 0.874219 0.338542 0.070312 0.081250
0 0.465234 0.345313 0.069531 0.096875
0 0.282813 0.360938 0.056250 0.071875
0 0.192578 0.366667 0.069531 0.095833
0 0.794922 0.385937 0.064844 0.088542
0 0.402734 0.392188 0.066406 0.090625
0 0.693359 0.394271 0.063281 0.098958
0 0.315625 0.409896 0.071875 0.084375
0 0.962891 0.413542 0.067969 0.085417
0 0.549219 0.416146 0.068750 0.090625
0 0.461328 0.421875 0.067969 0.089583
0 0.077734 0.426563 0.066406 0.092708
0 0.141797 0.454688 0.060156 0.092708
0 0.812500 0.470833 0.062500 0.085417
0 0.317188 0.482292 0.068750 0.091667
0 0.876953 0.486458 0.061719 0.081250
0 0.196875 0.486979 0.064062 0.092708
0 0.929688 0.489063 0.059375 0.076042
0 0.631250 0.498437 0.065625 0.086458
0 0.689844 0.497917 0.064062 0.087500
0 0.081641 0.507812 0.060156 0.067708
0 0.973047 0.514062 0.061719 0.084375
0 0.348828 0.518750 0.067969 0.089583
0 0.776563 0.526042 0.070312 0.095833
0 0.522266 0.533854 0.069531 0.080208
0 0.122656 0.532813 0.056250 0.107292
0 0.029297 0.546875 0.058594 0.087500
0 0.159766 0.568750 0.067969 0.089583
0 0.953906 0.575000 0.062500 0.089583
0 0.460156 0.583854 0.068750 0.092708
0 0.625781 0.589583 0.062500 0.091667
0 0.541016 0.595833 0.053906 0.081250
0 0.797656 0.608333 0.068750 0.085417
0 0.255078 0.616667 0.066406 0.091667
0 0.702344 0.634896 0.067187 0.092708
0 0.328125 0.655729 0.060937 0.103125
0 0.571875 0.656771 0.070312 0.082292
0 0.916406 0.651563 0.067187 0.101042
0 0.119531 0.664583 0.062500 0.095833
0 0.837500 0.679167 0.060937 0.085417
0 0.742188 0.683854 0.060937 0.082292
0 0.474219 0.691667 0.067187 0.091667
0 0.303125 0.700000 0.056250 0.083333
0 0.058984 0.722917 0.064844 0.072917
0 0.935547 0.729688 0.063281 0.069792
0 0.208594 0.736979 0.065625 0.103125
0 0.547266 0.732812 0.089844 0.107292
0 0.348438 0.743750 0.064062 0.091667
0 0.031250 0.754687 0.062500 0.086458
0 0.273047 0.754167 0.060156 0.075000
0 0.159375 0.753646 0.057813 0.076042
0 0.693359 0.772396 0.069531 0.098958
0 0.426953 0.783854 0.055469 0.088542
0 0.468750 0.784375 0.053125 0.097917
0 0.891797 0.789583 0.061719 0.093750
0 0.636719 0.794792 0.056250 0.083333
0 0.576172 0.806771 0.097656 0.115625
0 0.162891 0.811458 0.063281 0.070833
0 0.315234 0.811979 0.071094 0.078125
0 0.242578 0.814583 0.080469 0.089583
0 0.103906 0.816146 0.073438 0.088542
0 0.745703 0.823438 0.061719 0.082292
0 0.855078 0.830729 0.061719 0.088542
0 0.385156 0.834896 0.056250 0.082292
0 0.717969 0.852083 0.067187 0.095833
0 0.825391 0.850000 0.061719 0.085417
0 0.221875 0.868750 0.070312 0.089583
0 0.556641 0.877083 0.067969 0.083333
0 0.338281 0.889583 0.062500 0.089583
0 0.104297 0.900000 0.064844 0.097917
0 0.441797 0.905729 0.071094 0.082292
0 0.638281 0.945833 0.060937 0.118750
0 0.837891 0.943229 0.072656 0.078125
0 0.231250 0.952604 0.065625 0.088542
0 0.137891 0.957812 0.091406 0.094792
0 0.496484 0.954167 0.067969 0.089583
0 0.754687 0.957812 0.071875 0.090625
0 0.971094 0.952604 0.062500 0.088542
0 0.549609 0.961979 0.063281 0.086458
0 0.930469 0.969792 0.048438 0.070833
1 0.412109 0.561458 0.080469 0.079167
