0 0.165234 0.288542 0.053906 0.083333
0 0.116406 0.306771 0.051562 0.073958
0 0.067969 0.310937 0.053125 0.063542
0 0.085156 0.228125 0.043750 0.064583
0 0.123047 0.180729 0.053906 0.076042
0 0.240234 0.145313 0.058594 0.090625
0 0.761328 0.517188 0.057031 0.084375
0 0.638672 0.936458 0.055469 0.083333
0 0.359375 0.636458 0.057813 0.070833
0 0.279687 0.584896 0.064062 0.076042
0 0.682813 0.910937 0.048438 0.071875
0 0.381641 0.817187 0.058594 0.067708
0 0.471875 0.573438 0.059375 0.080208
0 0.381641 0.515104 0.046094 0.067708
0 0.622656 0.252083 0.059375 0.070833
0 0.612891 0.309375 0.058594 0.066667
0 0.575000 0.212500 0.051562 0.077083
0 0.274609 0.215104 0.052344 0.073958
0 0.283984 0.285938 0.053906 0.069792
0 0.236328 0.317188 0.057031 0.084375
0 0.047656 0.456771 0.053125 0.071875
0 0.033984 0.208333 0.052344 0.077083
0 0.075781 0.149479 0.048438 0.078125
0 0.026953 0.125521 0.053906 0.078125
0 0.105859 0.034896 0.049219 0.069792
0 0.191406 0.119792 0.051562 0.087500
0 0.950391 0.921354 0.055469 0.057292
0 0.897656 0.965625 0.051562 0.062500
0 0.833203 0.539062 0.058594 0.076042
0 0.575781 0.331771 0.062500 0.084375
0 0.566016 0.274479 0.063281 0.082292
0 0.938672 0.033333 0.082031 0.066667
0 0.710938 0.050000 0.073438 0.100000
0 0.814063 0.055729 0.062500 0.080208
0 0.761328 0.061458 0.067969 0.100000
0 0.533984 0.061458 0.072656 0.122917
0 0.935937 0.079167 0.068750 0.079167
0 0.336719 0.076042 0.067187 0.081250
0 0.676953 0.077083 0.063281 0.075000
0 0.388281 0.086458 0.060937 0.079167
0 0.589844 0.112500 0.065625 0.093750
0 0.813672 0.118229 0.063281 0.078125
0 0.732031 0.127604 0.064062 0.082292
0 0.914062 0.130208 0.050000 0.083333
0 0.871484 0.132292 0.058594 0.083333
0 0.675000 0.138542 0.073438 0.081250
0 0.337891 0.142187 0.058594 0.082292
0 0.292578 0.150000 0.060156 0.097917
0 0.832812 0.171875 0.059375 0.083333
0 0.355078 0.175521 0.053906 0.086458
0 0.620703 0.182812 0.064844 0.078125
0 0.400000 0.185938 0.059375 0.082292
0 0.942969 0.174479 0.090625 0.090625
0 0.453906 0.209375 0.062500 0.079167
0 0.944141 0.237500 0.064844 0.075000
0 0.505469 0.231250 0.064062 0.081250
0 0.708594 0.231250 0.065625 0.081250
0 0.848828 0.242188 0.064844 0.090625
0 0.330469 0.248958 0.065625 0.087500
0 0.928516 0.255729 0.066406 0.082292
0 0.381250 0.291146 0.064062 0.084375
0 0.812500 0.301042 0.065625 0.081250
0 0.460938 0.329688 0.065625 0.078125
0 0.859766 0.334896 0.063281 0.084375
0 0.703516 0.339062 0.069531 0.090625
0 0.655078 0.341667 0.057031 0.087500
0 0.273828 0.362500 0.091406 0.085417
0 0.412500 0.362500 0.064062 0.085417
0 0.749609 0.366146 0.061719 0.090625
0 0.503125 0.375000 0.059375 0.077083
0 0.341406 0.388021 0.060937 0.090625
0 0.245312 0.389583 0.062500 0.075000
0 0.879297 0.393750 0.064844 0.075000
0 0.442578 0.403646 0.061719 0.082292
0 0.694531 0.406771 0.064062 0.078125
0 0.556641 0.410938 0.058594 0.084375
0 0.826562 0.404687 0.070312 0.092708
0 0.618750 0.419792 0.064062 0.089583
0 0.938672 0.414062 0.069531 0.107292
0 0.683203 0.441667 0.049219 0.079167
0 0.168750 0.444271 0.062500 0.084375
0 0.892188 0.451042 0.067187 0.081250
0 0.237891 0.450521 0.061719 0.080208
0 0.121484 0.466146 0.060156 0.080208
0 0.802734 0.455208 0.074219 0.070833
0 0.691406 0.478646 0.064062 0.080208
0 0.452344 0.486458 0.065625 0.089583
0 0.553516 0.476562 0.063281 0.080208
0 0.225781 0.505208 0.059375 0.079167
0 0.504297 0.507812 0.063281 0.084375
0 0.633984 0.514062 0.055469 0.084375
0 0.566797 0.523438 0.067969 0.076042
0 0.666016 0.533854 0.060156 0.090625
0 0.883594 0.534896 0.060937 0.082292
0 0.106641 0.565625 0.053906 0.083333
0 0.208594 0.575000 0.046875 0.083333
0 0.144922 0.577083 0.047656 0.085417
0 0.419531 0.580208 0.064062 0.085417
0 0.623828 0.591667 0.063281 0.072917
0 0.087500 0.606250 0.062500 0.085417
0 0.541406 0.609375 0.057813 0.083333
0 0.944141 0.598437 0.074219 0.105208
0 0.868359 0.623958 0.052344 0.068750
0 0.815234 0.627604 0.077344 0.098958
0 0.626563 0.644271 0.060937 0.063542
0 0.718359 0.644792 0.069531 0.102083
0 0.216016 0.643750 0.063281 0.087500
0 0.048438 0.643750 0.059375 0.085417
0 0.278906 0.665104 0.087500 0.088542
0 0.766016 0.672917 0.061719 0.079167
0 0.169531 0.675521 0.060937 0.084375
0 0.946094 0.678125 0.056250 0.085417
0 0.901563 0.679167 0.057813 0.077083
0 0.682422 0.691146 0.077344 0.107292
0 0.817969 0.702083 0.057813 0.081250
0 0.894141 0.723958 0.064844 0.070833
0 0.102344 0.718750 0.059375 0.093750
0 0.973828 0.728646 0.060156 0.084375
0 0.145703 0.727604 0.052344 0.084375
0 0.531250 0.740625 0.062500 0.081250
0 0.273047 0.736979 0.060156 0.088542
0 0.411719 0.745833 0.064062 0.087500
0 0.338281 0.769792 0.054688 0.075000
0 0.181250 0.784375 0.056250 0.081250
0 0.908594 0.785417 0.067187 0.085417
0 0.470313 0.784896 0.062500 0.073958
0 0.569922 0.789062 0.061719 0.076042
0 0.633203 0.792188 0.063281 0.082292
0 0.971094 0.793229 0.060937 0.076042
0 0.119531 0.798958 0.057813 0.081250
0 0.787500 0.807292 0.064062 0.083333
0 0.149609 0.844792 0.061719 0.083333
0 0.888281 0.845833 0.067187 0.079167
0 0.460156 0.856250 0.057813 0.079167
0 0.082812 0.854688 0.060937 0.080208
0 0.229687 0.860417 0.057813 0.079167
0 0.780469 0.884375 0.071875 0.102083
0 0.433203 0.878125 0.053906 0.083333
0 0.549219 0.880729 0.060937 0.082292
0 0.030078 0.893750 0.060156 0.083333
0 0.100391 0.903125 0.058594 0.075000
0 0.876563 0.906250 0.064062 0.072917
0 0.398047 0.902083 0.067969 0.075000
0 0.503125 0.909375 0.056250 0.072917
0 0.825000 0.939583 0.062500 0.131250
0 0.194141 0.922917 0.061719 0.085417
0 0.291406 0.936979 0.059375 0.080208
0 0.407031 0.961979 0.060937 0.086458
0 0.145703 0.957292 0.064844 0.095833
0 0.466016 0.963021 0.067969 0.084375
0 0.075000 0.960417 0.059375 0.083333
0 0.561328 0.970313 0.050781 0.069792
3 0.516016 0.142187 0.067969 0.088542
2 0.355859 0.456250 0.067969 0.077083
1 0.757422 0.966146 0.052344 0.067708
