0 0.031641 0.959896 0.058594 0.080208
0 0.185156 0.918750 0.054688 0.077083
0 0.229297 0.783854 0.058594 0.080208
0 0.172656 0.724479 0.076563 0.088542
0 0.230078 0.678125 0.061719 0.070833
0 0.260547 0.725000 0.053906 0.068750
0 0.225391 0.504167 0.058594 0.077083
0 0.283594 0.500521 0.056250 0.080208
0 0.330859 0.877604 0.055469 0.090625
0 0.391406 0.863021 0.053125 0.069792
0 0.589453 0.873437 0.057031 0.082292
0 0.642578 0.912500 0.055469 0.081250
0 0.690625 0.945312 0.059375 0.080208
0 0.739844 0.953125 0.050000 0.087500
0 0.800000 0.957292 0.057813 0.070833
0 0.744531 0.873437 0.053125 0.071875
0 0.637500 0.726562 0.054688 0.067708
0 0.584766 0.727083 0.053906 0.075000
0 0.553516 0.814063 0.060156 0.071875
0 0.474609 0.754167 0.057031 0.079167
0 0.305469 0.439583 0.053125 0.072917
0 0.955469 0.341146 0.059375 0.065625
0 0.808203 0.409896 0.053906 0.073958
0 0.828516 0.485938 0.053906 0.067708
0 0.595703 0.207292 0.052344 0.079167
0 0.693359 0.331771 0.060156 0.090625
0 0.596094 0.348438 0.056250 0.065625
0 0.670703 0.448437 0.049219 0.059375
0 0.679297 0.522396 0.053906 0.080208
0 0.717578 0.610938 0.057031 0.073958
0 0.650781 0.616146 0.064062 0.082292
0 0.659375 0.687500 0.046875 0.052083
0 0.708203 0.731771 0.060156 0.078125
0 0.504297 0.382812 0.055469 0.067708
0 0.349219 0.247917 0.048438 0.077083
0 0.391406 0.165104 0.067187 0.078125
0 0.316406 0.073438 0.064062 0.088542
0 0.086719 0.170833 0.057813 0.085417
0 0.050781 0.289062 0.064062 0.082292
0 0.042188 0.695312 0.059375 0.065625
0 0.639062 0.785937 0.053125 0.071875
0 0.299219 0.234896 0.051562 0.063542
0 0.258203 0.134896 0.050781 0.073958
0 0.537109 0.059896 0.057031 0.082292
0 0.253125 0.301042 0.057813 0.083333
0 0.955469 0.859375 0.054688 0.075000
0 0.970703 0.612500 0.044531 0.077083
0 0.875781 0.321875 0.054688 0.072917
0 0.746875 0.104688 0.054688 0.086458
0 0.547266 0.150000 0.052344 0.079167
0 0.399609 0.231250 0.063281 0.070833
0 0.385547 0.536979 0.066406 0.080208
0 0.225391 0.444271 0.064844 0.069792
0 0.630469 0.409375 0.048438 0.081250
0 0.669141 0.385417 0.057031 0.079167
0 0.645703 0.048438 0.066406 0.096875
0 0.960156 0.058854 0.087500 0.105208
0 0.197266 0.108854 0.072656 0.103125
0 0.448437 0.103125 0.059375 0.110417
0 0.487500 0.162500 0.068750 0.100000
0 0.901563 0.167708 0.085938 0.100000
0 0.169531 0.205729 0.054688 0.080208
0 0.809766 0.229687 0.050781 0.071875
0 0.131250 0.242188 0.075000 0.094792
0 0.726953 0.258854 0.058594 0.071875
0 0.444141 0.274479 0.061719 0.082292
0 0.196875 0.281250 0.060937 0.083333
0 0.372266 0.303125 0.064844 0.072917
0 0.460547 0.327083 0.075781 0.110417
0 0.313281 0.319271 0.065625 0.067708
0 0.368359 0.356250 0.060156 0.068750
0 0.038281 0.355729 0.076563 0.096875
0 0.157422 0.386979 0.067969 0.086458
0 0.084766 0.383333 0.082031 0.097917
0 0.860938 0.435937 0.057813 0.065625
0 0.087891 0.451042 0.069531 0.083333
0 0.353906 0.456771 0.067187 0.096875
0 0.144141 0.456771 0.067969 0.084375
0 0.968359 0.495833 0.071094 0.120833
0 0.883203 0.482292 0.055469 0.081250
0 0.046484 0.521354 0.092969 0.092708
0 0.521875 0.526563 0.064062 0.092708
0 0.939453 0.521875 0.058594 0.087500
0 0.112891 0.542188 0.078906 0.101042
0 0.902344 0.547396 0.070312 0.076042
0 0.308594 0.560417 0.065625 0.093750
0 0.855859 0.578646 0.061719 0.092708
0 0.208984 0.581250 0.053906 0.095833
0 0.166406 0.579167 0.054688 0.091667
0 0.914453 0.599479 0.066406 0.086458
0 0.504297 0.597396 0.085156 0.111458
0 0.032813 0.605729 0.065625 0.111458
0 0.415234 0.616146 0.060156 0.092708
0 0.792969 0.636458 0.064062 0.093750
0 0.571094 0.638021 0.062500 0.092708
0 0.320312 0.666146 0.070312 0.119792
0 0.905469 0.670312 0.053125 0.090625
0 0.531250 0.680208 0.067187 0.093750
0 0.862500 0.681250 0.057813 0.095833
0 0.421094 0.693750 0.064062 0.093750
0 0.969922 0.714583 0.067969 0.083333
0 0.759375 0.732292 0.062500 0.081250
0 0.086328 0.748437 0.082031 0.109375
0 0.844531 0.756771 0.054688 0.094792
0 0.880859 0.768229 0.053906 0.092708
0 0.775781 0.797917 0.068750 0.089583
0 0.481641 0.826562 0.067969 0.088542
0 0.065625 0.826562 0.071875 0.090625
0 0.867188 0.857292 0.060937 0.081250
0 0.806641 0.870833 0.085156 0.108333
0 0.221484 0.867188 0.078906 0.107292
0 0.129688 0.898958 0.065625 0.093750
0 0.432031 0.926042 0.071875 0.100000
0 0.869922 0.935937 0.061719 0.076042
0 0.591016 0.958333 0.074219 0.093750
0 0.926562 0.943229 0.062500 0.080208
0 0.401562 0.955729 0.095312 0.098958
2 0.409375 0.477604 0.062500 0.086458
2 0.607812 0.485417 0.060937 0.081250
1 0.863672 0.686458 0.049219 0.072917
