0 0.363281 0.172396 0.054688 0.092708
0 0.230859 0.144271 0.061719 0.078125
0 0.276562 0.108854 0.060937 0.084375
0 0.329297 0.098437 0.061719 0.076042
0 0.292578 0.045312 0.061719 0.080208
0 0.224609 0.201042 0.057031 0.070833
0 0.163281 0.088021 0.062500 0.076042
0 0.137500 0.150000 0.065625 0.066667
0 0.125391 0.107292 0.050781 0.064583
0 0.343750 0.261979 0.059375 0.076042
0 0.299609 0.245312 0.058594 0.076042
0 0.240625 0.242188 0.050000 0.069792
0 0.269922 0.277604 0.057031 0.069792
0 0.192578 0.308854 0.055469 0.082292
0 0.230469 0.313542 0.054688 0.089583
0 0.141406 0.328125 0.053125 0.072917
0 0.182422 0.374479 0.057031 0.078125
0 0.127734 0.384896 0.063281 0.086458
0 0.057422 0.463021 0.058594 0.069792
0 0.065625 0.518229 0.059375 0.069792
0 0.103125 0.440104 0.051562 0.063542
0 0.106641 0.490625 0.052344 0.079167
0 0.151562 0.461979 0.054688 0.084375
0 0.471484 0.189062 0.061719 0.082292
0 0.412109 0.194792 0.069531 0.081250
0 0.523047 0.205208 0.050781 0.072917
0 0.567578 0.200521 0.061719 0.076042
0 0.607422 0.189583 0.052344 0.081250
0 0.648438 0.265625 0.048438 0.075000
0 0.647266 0.218750 0.063281 0.070833
0 0.601172 0.292708 0.052344 0.079167
0 0.827734 0.276562 0.047656 0.076042
0 0.874219 0.301042 0.053125 0.095833
0 0.899219 0.359896 0.054688 0.071875
0 0.847656 0.360417 0.057813 0.085417
0 0.801172 0.316146 0.057031 0.073958
0 0.791406 0.371875 0.071875 0.066667
0 0.848437 0.455208 0.054688 0.070833
0 0.859766 0.494271 0.063281 0.073958
0 0.921094 0.411979 0.064062 0.078125
0 0.790625 0.529167 0.048438 0.066667
0 0.677344 0.547396 0.060937 0.090625
0 0.635156 0.513542 0.060937 0.075000
0 0.614062 0.568750 0.056250 0.064583
0 0.505469 0.440625 0.062500 0.075000
0 0.542969 0.541146 0.050000 0.067708
0 0.401562 0.318750 0.057813 0.079167
0 0.491016 0.267708 0.057031 0.081250
0 0.541016 0.314063 0.057031 0.076042
0 0.446875 0.260937 0.059375 0.071875
0 0.491016 0.363021 0.057031 0.090625
0 0.529297 0.396354 0.050781 0.076042
0 0.541797 0.496875 0.083594 0.066667
0 0.552734 0.436979 0.066406 0.082292
0 0.283594 0.343229 0.056250 0.076042
0 0.331250 0.313542 0.065625 0.085417
0 0.248828 0.446354 0.069531 0.115625
0 0.272266 0.400521 0.069531 0.090625
0 0.325000 0.392708 0.057813 0.072917
0 0.373437 0.380729 0.065625 0.090625
0 0.393750 0.423958 0.046875 0.060417
0 0.460938 0.461979 0.056250 0.084375
0 0.359375 0.610938 0.050000 0.073958
0 0.137109 0.670833 0.064844 0.077083
0 0.185156 0.571354 0.056250 0.076042
0 0.107813 0.613542 0.050000 0.079167
0 0.150781 0.625000 0.054688 0.072917
0 0.237109 0.622396 0.057031 0.080208
0 0.277344 0.650000 0.048438 0.075000
0 0.267188 0.715625 0.068750 0.085417
0 0.175000 0.721875 0.059375 0.072917
0 0.106250 0.756771 0.060937 0.078125
0 0.503516 0.632292 0.067969 0.081250
0 0.356641 0.532292 0.053906 0.072917
0 0.394141 0.487500 0.058594 0.072917
0 0.445312 0.379167 0.051562 0.081250
0 0.460156 0.613542 0.048438 0.056250
0 0.409375 0.583854 0.050000 0.069792
0 0.603125 0.665625 0.070312 0.087500
0 0.709766 0.669271 0.057031 0.084375
0 0.653125 0.623958 0.070312 0.077083
0 0.655859 0.702604 0.074219 0.086458
0 0.637891 0.763021 0.066406 0.078125
0 0.766406 0.646875 0.056250 0.070833
0 0.788281 0.598958 0.060937 0.079167
0 0.846484 0.731771 0.058594 0.092708
0 0.802344 0.695312 0.059375 0.071875
0 0.791406 0.736979 0.065625 0.069792
0 0.708203 0.762500 0.069531 0.083333
0 0.388672 0.675000 0.061719 0.085417
0 0.369922 0.712500 0.055469 0.072917
0 0.307422 0.794792 0.057031 0.102083
0 0.329688 0.834896 0.065625 0.078125
0 0.258594 0.803646 0.062500 0.084375
0 0.210156 0.813021 0.062500 0.082292
0 0.450781 0.729688 0.054688 0.090625
0 0.520312 0.756771 0.054688 0.103125
0 0.564063 0.747396 0.054688 0.071875
0 0.543750 0.673438 0.057813 0.082292
0 0.843750 0.831250 0.048438 0.093750
0 0.642188 0.043750 0.059375 0.087500
0 0.406641 0.047396 0.066406 0.094792
0 0.126562 0.041146 0.068750 0.082292
0 0.035937 0.058333 0.071875 0.116667
0 0.937891 0.064062 0.060156 0.071875
0 0.598047 0.067187 0.063281 0.080208
0 0.853516 0.073958 0.085156 0.129167
0 0.739844 0.075521 0.067187 0.090625
0 0.682422 0.080729 0.061719 0.078125
0 0.075391 0.091146 0.063281 0.092708
0 0.395703 0.102604 0.061719 0.078125
0 0.546484 0.118229 0.061719 0.082292
0 0.446484 0.122396 0.064844 0.088542
0 0.885547 0.130729 0.082031 0.086458
0 0.665625 0.160938 0.060937 0.078125
0 0.887891 0.198958 0.063281 0.081250
0 0.928906 0.220312 0.084375 0.113542
0 0.701172 0.223438 0.064844 0.082292
0 0.777734 0.234375 0.060156 0.077083
0 0.112109 0.241146 0.085156 0.101042
0 0.963672 0.285417 0.080469 0.085417
0 0.090625 0.305729 0.065625 0.086458
0 0.742188 0.318229 0.064062 0.080208
0 0.048047 0.339583 0.064844 0.083333
0 0.973047 0.345313 0.058594 0.067708
0 0.584375 0.362500 0.062500 0.075000
0 0.622266 0.412500 0.063281 0.085417
0 0.673438 0.415625 0.062500 0.081250
0 0.777344 0.426042 0.060937 0.077083
0 0.735156 0.535937 0.067187 0.134375
0 0.963672 0.907292 0.080469 0.087500
