0 0.270313 0.078125 0.056250 0.087500
0 0.215625 0.630208 0.060937 0.070833
0 0.276562 0.713021 0.051562 0.073958
0 0.809375 0.480729 0.073438 0.107292
0 0.899219 0.862500 0.064062 0.083333
0 0.969922 0.805729 0.053906 0.071875
0 0.594531 0.258854 0.059375 0.078125
0 0.857812 0.280208 0.054688 0.062500
0 0.954297 0.294792 0.050781 0.068750
0 0.420703 0.040104 0.099219 0.080208
0 0.846875 0.040625 0.059375 0.081250
0 0.493750 0.036458 0.070312 0.072917
0 0.804688 0.044792 0.056250 0.089583
0 0.575781 0.060417 0.060937 0.081250
0 0.678906 0.055729 0.098437 0.111458
0 0.492969 0.080729 0.067187 0.078125
0 0.321094 0.073958 0.067187 0.085417
0 0.725391 0.079687 0.063281 0.080208
0 0.432422 0.092188 0.064844 0.082292
0 0.370312 0.100521 0.056250 0.071875
0 0.638281 0.107813 0.078125 0.078125
0 0.948828 0.106250 0.063281 0.072917
0 0.335938 0.135937 0.054688 0.082292
0 0.525391 0.136458 0.071094 0.068750
0 0.742188 0.141146 0.056250 0.078125
0 0.798047 0.132292 0.058594 0.106250
0 0.638672 0.163021 0.060156 0.071875
0 0.956250 0.171875 0.073438 0.100000
0 0.241797 0.165104 0.060156 0.084375
0 0.912500 0.173437 0.057813 0.098958
0 0.837109 0.177083 0.069531 0.087500
0 0.078516 0.177604 0.057031 0.086458
0 0.516797 0.191146 0.067969 0.073958
0 0.709766 0.191146 0.064844 0.082292
0 0.125781 0.210938 0.067187 0.088542
0 0.808594 0.220312 0.060937 0.080208
0 0.475000 0.230729 0.062500 0.080208
0 0.325000 0.245312 0.060937 0.076042
0 0.234766 0.248438 0.063281 0.084375
0 0.053906 0.273958 0.064062 0.093750
0 0.366016 0.296354 0.064844 0.084375
0 0.734766 0.297396 0.063281 0.084375
0 0.656250 0.322396 0.060937 0.092708
0 0.587891 0.325000 0.064844 0.085417
0 0.196484 0.334375 0.063281 0.087500
0 0.773828 0.341146 0.061719 0.082292
0 0.141797 0.347917 0.055469 0.079167
0 0.822656 0.356250 0.064062 0.091667
0 0.337891 0.380208 0.058594 0.081250
0 0.608594 0.382812 0.057813 0.080208
0 0.724609 0.388021 0.063281 0.084375
0 0.558984 0.413021 0.066406 0.094792
0 0.975000 0.421875 0.057813 0.079167
0 0.417969 0.442188 0.053125 0.069792
0 0.344922 0.446354 0.064844 0.076042
0 0.607812 0.456250 0.056250 0.075000
0 0.197656 0.460938 0.057813 0.078125
0 0.137109 0.464583 0.061719 0.081250
0 0.305469 0.490104 0.059375 0.098958
0 0.973047 0.484375 0.061719 0.077083
0 0.535937 0.500521 0.064062 0.090625
0 0.046484 0.502604 0.060156 0.078125
0 0.458984 0.506771 0.066406 0.082292
0 0.225781 0.525000 0.060937 0.077083
0 0.170703 0.525521 0.063281 0.084375
0 0.094531 0.530729 0.067187 0.088542
0 0.285547 0.543750 0.061719 0.081250
0 0.670703 0.564583 0.066406 0.085417
0 0.196875 0.585938 0.071875 0.069792
0 0.950000 0.576562 0.068750 0.080208
0 0.561328 0.579688 0.063281 0.084375
0 0.837500 0.597396 0.067187 0.084375
0 0.478516 0.631250 0.063281 0.083333
0 0.692578 0.632292 0.066406 0.091667
0 0.317969 0.635417 0.060937 0.085417
0 0.912109 0.650000 0.057031 0.081250
0 0.029297 0.652083 0.058594 0.079167
0 0.633594 0.653646 0.064062 0.088542
0 0.825000 0.661979 0.062500 0.082292
0 0.575391 0.671354 0.066406 0.082292
0 0.733984 0.682292 0.066406 0.087500
0 0.194531 0.706250 0.059375 0.079167
0 0.860547 0.710938 0.063281 0.086458
0 0.319531 0.709896 0.054688 0.080208
0 0.599609 0.721354 0.057031 0.084375
0 0.691016 0.732292 0.061719 0.085417
0 0.899609 0.732292 0.066406 0.083333
0 0.789453 0.774479 0.057031 0.078125
0 0.638672 0.786458 0.063281 0.083333
0 0.135547 0.791146 0.061719 0.080208
0 0.896875 0.796354 0.065625 0.078125
0 0.189844 0.804167 0.064062 0.077083
0 0.838281 0.811979 0.068750 0.082292
0 0.675391 0.826042 0.060156 0.087500
0 0.567969 0.834896 0.062500 0.084375
0 0.467969 0.848958 0.060937 0.079167
0 0.166016 0.873437 0.060156 0.082292
0 0.353125 0.873437 0.062500 0.084375
0 0.518750 0.876042 0.065625 0.083333
0 0.771875 0.880729 0.065625 0.076042
0 0.689063 0.887500 0.057813 0.072917
0 0.026953 0.909896 0.053906 0.080208
0 0.137109 0.922396 0.061719 0.082292
0 0.078906 0.943229 0.075000 0.123958
0 0.281641 0.927604 0.066406 0.084375
0 0.708984 0.928646 0.060156 0.082292
0 0.228125 0.938542 0.065625 0.081250
0 0.762109 0.953646 0.075781 0.103125
2 0.345313 0.531771 0.070312 0.086458
2 0.538281 0.731771 0.078125 0.094792
