0 0.169531 0.301042 0.064062 0.081250
0 0.216797 0.246354 0.061719 0.078125
0 0.269922 0.216667 0.063281 0.081250
0 0.326562 0.217188 0.056250 0.073958
0 0.372266 0.182812 0.066406 0.092708
0 0.414062 0.161458 0.059375 0.075000
0 0.425000 0.228125 0.062500 0.093750
0 0.472656 0.268750 0.057813 0.072917
0 0.506250 0.310937 0.051562 0.063542
0 0.304297 0.385417 0.049219 0.070833
0 0.257031 0.440104 0.059375 0.080208
0 0.264062 0.288542 0.051562 0.064583
0 0.728125 0.235937 0.062500 0.076042
0 0.783594 0.225000 0.059375 0.079167
0 0.824219 0.333333 0.056250 0.079167
0 0.821875 0.905208 0.079687 0.087500
0 0.871875 0.944271 0.048438 0.073958
0 0.340234 0.856250 0.053906 0.091667
0 0.498437 0.872917 0.053125 0.087500
0 0.492188 0.696875 0.057813 0.079167
0 0.524219 0.726042 0.051562 0.068750
0 0.369141 0.539583 0.061719 0.077083
0 0.364844 0.599479 0.059375 0.065625
0 0.068359 0.314063 0.060156 0.080208
0 0.201563 0.391667 0.060937 0.075000
0 0.843359 0.377604 0.049219 0.073958
0 0.506250 0.438542 0.062500 0.072917
0 0.694141 0.664062 0.055469 0.067708
0 0.660156 0.623437 0.056250 0.076042
0 0.458594 0.093750 0.054688 0.068750
0 0.544922 0.846875 0.058594 0.077083
0 0.437891 0.958333 0.047656 0.068750
0 0.359375 0.897396 0.051562 0.076042
0 0.317578 0.923958 0.055469 0.075000
0 0.958203 0.369792 0.069531 0.085417
0 0.632422 0.042188 0.071094 0.084375
0 0.355078 0.074479 0.057031 0.078125
0 0.192578 0.147396 0.052344 0.073958
0 0.173047 0.116667 0.063281 0.079167
0 0.060547 0.542708 0.067969 0.072917
0 0.059766 0.613021 0.058594 0.078125
0 0.593359 0.676042 0.052344 0.091667
0 0.103906 0.043750 0.060937 0.087500
0 0.048438 0.045833 0.064062 0.091667
0 0.153125 0.046354 0.060937 0.092708
0 0.228125 0.043229 0.060937 0.086458
0 0.512891 0.049479 0.063281 0.088542
0 0.953125 0.056250 0.101562 0.112500
0 0.733203 0.054167 0.061719 0.089583
0 0.264453 0.068229 0.066406 0.082292
0 0.844531 0.065625 0.096875 0.131250
0 0.764062 0.068750 0.060937 0.077083
0 0.929297 0.103125 0.063281 0.089583
0 0.316406 0.115104 0.060937 0.084375
0 0.270313 0.126562 0.056250 0.065625
0 0.097266 0.126042 0.064844 0.081250
0 0.889844 0.131771 0.065625 0.088542
0 0.450781 0.144792 0.057813 0.066667
0 0.974219 0.147396 0.059375 0.084375
0 0.535156 0.166667 0.057813 0.087500
0 0.577344 0.168229 0.050000 0.092708
0 0.831250 0.162500 0.065625 0.097917
0 0.775000 0.151042 0.071875 0.122917
0 0.048828 0.169792 0.097656 0.104167
0 0.916016 0.193229 0.058594 0.076042
0 0.166016 0.204687 0.061719 0.082292
0 0.065625 0.237500 0.060937 0.062500
0 0.594141 0.243750 0.066406 0.091667
0 0.893750 0.257292 0.067187 0.089583
0 0.973828 0.258854 0.060156 0.088542
0 0.672656 0.314583 0.065625 0.081250
0 0.569141 0.325000 0.061719 0.087500
0 0.618359 0.323958 0.060156 0.089583
0 0.732422 0.338021 0.072656 0.105208
0 0.036328 0.373437 0.072656 0.086458
0 0.687500 0.381771 0.062500 0.086458
0 0.150000 0.398958 0.064062 0.085417
0 0.800391 0.408854 0.067969 0.065625
0 0.571484 0.430729 0.060156 0.073958
0 0.678125 0.448958 0.068750 0.079167
0 0.930078 0.430208 0.069531 0.064583
0 0.794531 0.464583 0.071875 0.079167
0 0.931641 0.482292 0.063281 0.072917
0 0.884766 0.484375 0.083594 0.104167
0 0.729297 0.500521 0.069531 0.086458
0 0.204297 0.528646 0.071094 0.094792
0 0.803516 0.531771 0.066406 0.088542
0 0.889453 0.558854 0.063281 0.076042
0 0.484375 0.538542 0.100000 0.095833
0 0.420703 0.568750 0.058594 0.131250
0 0.110937 0.580208 0.059375 0.087500
0 0.773438 0.586979 0.065625 0.082292
0 0.277734 0.585417 0.067969 0.095833
0 0.485156 0.608854 0.090625 0.078125
0 0.915625 0.598958 0.048438 0.089583
0 0.855078 0.605729 0.066406 0.086458
0 0.957422 0.607812 0.060156 0.101042
0 0.727344 0.614062 0.067187 0.080208
0 0.512500 0.628646 0.073438 0.115625
0 0.342187 0.663542 0.073438 0.091667
0 0.842578 0.665625 0.064844 0.079167
0 0.969922 0.660417 0.067969 0.133333
0 0.764453 0.707812 0.063281 0.090625
0 0.855469 0.724479 0.070312 0.073958
0 0.700391 0.738021 0.074219 0.078125
0 0.366016 0.741146 0.055469 0.098958
0 0.167969 0.742188 0.075000 0.096875
0 0.416797 0.753646 0.071094 0.096875
0 0.271875 0.750521 0.092188 0.107292
0 0.896094 0.746875 0.067187 0.072917
0 0.804297 0.763542 0.064844 0.085417
0 0.045703 0.767708 0.063281 0.083333
0 0.750000 0.784375 0.068750 0.093750
0 0.624219 0.783854 0.065625 0.090625
0 0.901172 0.802083 0.069531 0.070833
0 0.686328 0.808333 0.067969 0.108333
0 0.036719 0.798958 0.073438 0.100000
0 0.093359 0.819792 0.080469 0.112500
0 0.957422 0.813542 0.066406 0.081250
0 0.194141 0.827604 0.089844 0.109375
0 0.656250 0.860417 0.079687 0.091667
0 0.289453 0.860417 0.057031 0.093750
0 0.725391 0.878125 0.058594 0.079167
0 0.062891 0.885417 0.058594 0.064583
0 0.588672 0.865104 0.078906 0.103125
0 0.155859 0.894792 0.075781 0.104167
0 0.253516 0.893229 0.074219 0.080208
0 0.403906 0.906771 0.056250 0.086458
0 0.362500 0.968750 0.062500 0.072917
1 0.638281 0.386458 0.057813 0.091667
