0 0.102344 0.371354 0.068750 0.082292
0 0.481641 0.450521 0.061719 0.071875
0 0.650000 0.077083 0.075000 0.087500
0 0.837500 0.478646 0.057813 0.098958
0 0.928125 0.819792 0.065625 0.077083
0 0.488281 0.970833 0.073438 0.058333
0 0.051562 0.041146 0.064062 0.082292
0 0.315234 0.045312 0.064844 0.090625
0 0.758984 0.049479 0.067969 0.088542
0 0.389062 0.062500 0.068750 0.091667
0 0.567969 0.073438 0.068750 0.090625
0 0.195703 0.089583 0.060156 0.089583
0 0.906641 0.103646 0.071094 0.084375
0 0.031641 0.111979 0.063281 0.092708
0 0.354687 0.116146 0.067187 0.105208
0 0.737891 0.120313 0.063281 0.090625
0 0.493359 0.144271 0.071094 0.078125
0 0.146875 0.150521 0.071875 0.092708
0 0.702344 0.160417 0.062500 0.083333
0 0.227734 0.170833 0.066406 0.079167
0 0.866406 0.168229 0.070312 0.094792
0 0.408984 0.172917 0.072656 0.087500
0 0.556641 0.172396 0.066406 0.080208
0 0.812891 0.197917 0.067969 0.087500
0 0.957031 0.211979 0.071875 0.084375
0 0.031250 0.252604 0.062500 0.082292
0 0.489453 0.254688 0.066406 0.084375
0 0.432422 0.256771 0.071094 0.090625
0 0.789844 0.255208 0.065625 0.081250
0 0.872266 0.270313 0.063281 0.090625
0 0.254688 0.282292 0.065625 0.087500
0 0.765625 0.301042 0.065625 0.079167
0 0.826172 0.306250 0.071094 0.089583
0 0.458203 0.322396 0.063281 0.084375
0 0.517578 0.330729 0.063281 0.090625
0 0.031250 0.341146 0.062500 0.096875
0 0.169531 0.341667 0.071875 0.085417
0 0.378125 0.345833 0.076563 0.089583
0 0.623437 0.355208 0.067187 0.097917
0 0.266016 0.356250 0.074219 0.085417
0 0.705859 0.388542 0.067969 0.089583
0 0.301953 0.403125 0.067969 0.085417
0 0.913672 0.419792 0.061719 0.079167
0 0.030469 0.427083 0.060937 0.079167
0 0.214062 0.437500 0.067187 0.091667
0 0.573828 0.434375 0.067969 0.091667
0 0.141406 0.440625 0.079687 0.089583
0 0.756641 0.442708 0.067969 0.087500
0 0.533984 0.489063 0.077344 0.096875
0 0.105859 0.496354 0.071094 0.086458
0 0.237109 0.500521 0.080469 0.094792
0 0.944922 0.504167 0.055469 0.095833
0 0.624219 0.528125 0.078125 0.083333
0 0.763672 0.532813 0.064844 0.096875
0 0.891797 0.552604 0.064844 0.105208
0 0.519922 0.557813 0.067969 0.084375
0 0.841406 0.560417 0.067187 0.091667
0 0.187891 0.587500 0.067969 0.085417
0 0.241797 0.585417 0.064844 0.083333
0 0.592969 0.588021 0.068750 0.080208
0 0.958594 0.601042 0.071875 0.085417
0 0.102344 0.623958 0.067187 0.089583
0 0.848437 0.633854 0.068750 0.086458
0 0.149219 0.655729 0.078125 0.094792
0 0.249609 0.662500 0.075781 0.085417
0 0.694141 0.663542 0.055469 0.064583
0 0.461328 0.666146 0.078906 0.067708
0 0.932422 0.686979 0.074219 0.088542
0 0.641797 0.678125 0.074219 0.097917
0 0.553906 0.704688 0.060937 0.086458
0 0.625000 0.725000 0.084375 0.085417
0 0.337500 0.720313 0.060937 0.080208
0 0.502344 0.736979 0.070312 0.076042
0 0.154297 0.739583 0.074219 0.081250
0 0.772656 0.740625 0.065625 0.081250
0 0.389844 0.745313 0.067187 0.080208
0 0.233203 0.765625 0.060156 0.097917
0 0.891406 0.757292 0.070312 0.081250
0 0.288672 0.790625 0.064844 0.083333
0 0.637500 0.791667 0.062500 0.070833
0 0.841016 0.805729 0.071094 0.092708
0 0.766016 0.809896 0.075781 0.088542
0 0.074609 0.809375 0.055469 0.097917
0 0.153125 0.817187 0.075000 0.084375
0 0.856641 0.886979 0.071094 0.088542
0 0.137891 0.887500 0.061719 0.087500
0 0.298438 0.892708 0.050000 0.085417
0 0.368750 0.915104 0.071875 0.107292
0 0.221094 0.916667 0.057813 0.108333
0 0.269922 0.932813 0.063281 0.086458
0 0.636719 0.946875 0.065625 0.089583
0 0.690234 0.952604 0.064844 0.105208
0 0.180859 0.947917 0.080469 0.087500
0 0.034766 0.952604 0.069531 0.086458
0 0.126172 0.968750 0.063281 0.072917
3 0.826172 0.692187 0.077344 0.092708
2 0.704688 0.754167 0.087500 0.104167
1 0.262109 0.854167 0.067969 0.091667
