0 0.266016 0.244271 0.063281 0.088542
0 0.789062 0.618229 0.071875 0.088542
0 0.795703 0.682813 0.063281 0.088542
0 0.767188 0.727083 0.057813 0.077083
0 0.710547 0.698438 0.102344 0.053125
0 0.828906 0.514583 0.071875 0.079167
0 0.387109 0.069792 0.063281 0.081250
0 0.067187 0.054167 0.062500 0.075000
0 0.542578 0.913542 0.063281 0.087500
0 0.408594 0.716146 0.059375 0.086458
0 0.445312 0.696354 0.068750 0.082292
0 0.319141 0.444792 0.053906 0.064583
0 0.184375 0.395313 0.056250 0.082292
0 0.944531 0.332292 0.065625 0.077083
0 0.302344 0.358333 0.056250 0.093750
0 0.258203 0.413542 0.064844 0.089583
0 0.053516 0.226562 0.058594 0.086458
0 0.666406 0.783333 0.071875 0.077083
0 0.072656 0.355208 0.081250 0.064583
0 0.969531 0.816667 0.060937 0.077083
0 0.973047 0.890104 0.052344 0.084375
0 0.871094 0.280208 0.060937 0.097917
0 0.271094 0.043229 0.046875 0.084375
0 0.957031 0.044271 0.064062 0.084375
0 0.235937 0.051562 0.053125 0.090625
0 0.685156 0.048438 0.071875 0.082292
0 0.856641 0.060417 0.072656 0.120833
0 0.550391 0.087500 0.080469 0.110417
0 0.212500 0.077604 0.062500 0.069792
0 0.492969 0.088021 0.070312 0.086458
0 0.808203 0.095833 0.049219 0.072917
0 0.688672 0.112500 0.069531 0.077083
0 0.897656 0.106250 0.060937 0.077083
0 0.157422 0.116667 0.058594 0.081250
0 0.208203 0.127083 0.067969 0.097917
0 0.472656 0.127604 0.067187 0.078125
0 0.372656 0.177083 0.095312 0.085417
0 0.929297 0.159375 0.069531 0.083333
0 0.591406 0.179688 0.048438 0.080208
0 0.547656 0.174479 0.065625 0.076042
0 0.551562 0.232813 0.064062 0.073958
0 0.950781 0.221875 0.060937 0.079167
0 0.702344 0.229167 0.065625 0.091667
0 0.757031 0.239063 0.067187 0.096875
0 0.404687 0.255208 0.068750 0.095833
0 0.913672 0.258333 0.058594 0.093750
0 0.504687 0.275000 0.067187 0.095833
0 0.685547 0.283854 0.058594 0.076042
0 0.809375 0.280208 0.065625 0.089583
0 0.735938 0.315104 0.057813 0.086458
0 0.959375 0.319792 0.089063 0.110417
0 0.498828 0.337500 0.053906 0.062500
0 0.545312 0.344271 0.062500 0.080208
0 0.494531 0.378125 0.057813 0.070833
0 0.444531 0.373958 0.067187 0.083333
0 0.900000 0.403646 0.053125 0.067708
0 0.073047 0.419792 0.067969 0.081250
0 0.856250 0.440625 0.070312 0.083333
0 0.433984 0.444792 0.074219 0.091667
0 0.369531 0.444792 0.060937 0.102083
0 0.537109 0.446875 0.055469 0.095833
0 0.501953 0.459375 0.057031 0.100000
0 0.955078 0.459896 0.097656 0.096875
0 0.626172 0.474479 0.074219 0.096875
0 0.272266 0.489063 0.063281 0.069792
0 0.682422 0.481250 0.063281 0.083333
0 0.912891 0.486979 0.055469 0.084375
0 0.237109 0.518229 0.063281 0.078125
0 0.957422 0.546354 0.067969 0.092708
0 0.172656 0.550000 0.092188 0.100000
0 0.711328 0.557292 0.058594 0.077083
0 0.919141 0.563021 0.063281 0.078125
0 0.052344 0.568750 0.062500 0.108333
0 0.605078 0.570312 0.053906 0.088542
0 0.527344 0.557813 0.076563 0.121875
0 0.101172 0.567187 0.058594 0.073958
0 0.277344 0.592187 0.065625 0.082292
0 0.125781 0.601562 0.064062 0.094792
0 0.902734 0.635417 0.088281 0.100000
0 0.950000 0.656771 0.078125 0.132292
0 0.056250 0.656771 0.090625 0.101042
0 0.205469 0.652083 0.062500 0.085417
0 0.867578 0.677083 0.061719 0.079167
0 0.328516 0.687500 0.049219 0.087500
0 0.298047 0.695833 0.055469 0.093750
0 0.502734 0.705208 0.063281 0.097917
0 0.031250 0.706771 0.062500 0.090625
0 0.098828 0.720313 0.058594 0.094792
0 0.644141 0.722917 0.066406 0.066667
0 0.569531 0.722396 0.059375 0.105208
0 0.543359 0.756771 0.060156 0.088542
0 0.445703 0.789062 0.097656 0.094792
0 0.026562 0.769792 0.053125 0.070833
0 0.258984 0.785937 0.074219 0.098958
0 0.744141 0.784896 0.063281 0.073958
0 0.046094 0.811458 0.075000 0.085417
0 0.223438 0.822396 0.065625 0.073958
0 0.894922 0.830208 0.069531 0.093750
0 0.330078 0.839063 0.075781 0.088542
0 0.598437 0.845313 0.073438 0.090625
0 0.737500 0.851042 0.070312 0.091667
0 0.091797 0.854688 0.077344 0.092708
0 0.219141 0.869792 0.078906 0.091667
0 0.403906 0.864583 0.064062 0.083333
0 0.836328 0.882292 0.064844 0.089583
0 0.382031 0.927604 0.057813 0.094792
0 0.028125 0.923958 0.056250 0.083333
0 0.075781 0.927604 0.071875 0.084375
0 0.339844 0.927604 0.051562 0.086458
0 0.141406 0.946875 0.084375 0.116667
0 0.804297 0.935417 0.072656 0.091667
0 0.440234 0.947396 0.047656 0.078125
0 0.276172 0.951562 0.069531 0.094792
1 0.108594 0.385417 0.060937 0.070833
1 0.183984 0.550521 0.067969 0.092708
2 0.705859 0.641667 0.077344 0.122917
