0 0.148047 0.058854 0.061719 0.086458
0 0.883594 0.512500 0.059375 0.081250
0 0.822266 0.896875 0.063281 0.087500
0 0.787500 0.840104 0.057813 0.080208
0 0.596094 0.957812 0.050000 0.084375
0 0.261328 0.923958 0.069531 0.070833
0 0.078125 0.229167 0.054688 0.097917
0 0.041406 0.080208 0.065625 0.066667
0 0.036719 0.143750 0.059375 0.068750
0 0.614453 0.213542 0.071094 0.087500
0 0.854688 0.845833 0.067187 0.083333
0 0.041016 0.300521 0.050781 0.073958
0 0.196875 0.042708 0.068750 0.085417
0 0.603516 0.045833 0.066406 0.091667
0 0.897656 0.047396 0.060937 0.094792
0 0.657422 0.052604 0.055469 0.105208
0 0.835938 0.060417 0.079687 0.087500
0 0.699609 0.078646 0.067969 0.098958
0 0.379297 0.073438 0.069531 0.109375
0 0.541797 0.075521 0.066406 0.090625
0 0.949219 0.092708 0.064062 0.095833
0 0.489844 0.091667 0.065625 0.077083
0 0.307422 0.094271 0.064844 0.096875
0 0.557031 0.115104 0.081250 0.076042
0 0.248438 0.112500 0.064062 0.087500
0 0.152734 0.118229 0.075781 0.082292
0 0.895703 0.117708 0.074219 0.085417
0 0.750391 0.119792 0.063281 0.093750
0 0.811328 0.123438 0.067969 0.092708
0 0.835547 0.158333 0.066406 0.100000
0 0.482812 0.153646 0.070312 0.086458
0 0.184375 0.144792 0.075000 0.100000
0 0.345703 0.161979 0.064844 0.094792
0 0.561719 0.176563 0.071875 0.078125
0 0.965234 0.177083 0.069531 0.089583
0 0.418750 0.181771 0.075000 0.084375
0 0.747656 0.198437 0.070312 0.096875
0 0.467969 0.232813 0.050000 0.073958
0 0.833594 0.241146 0.064062 0.082292
0 0.548438 0.244271 0.068750 0.088542
0 0.135156 0.257812 0.101562 0.123958
0 0.283984 0.268750 0.064844 0.095833
0 0.344922 0.271354 0.061719 0.086458
0 0.926953 0.276042 0.069531 0.085417
0 0.857812 0.273958 0.062500 0.089583
0 0.644922 0.283854 0.063281 0.090625
0 0.524609 0.293750 0.064844 0.085417
0 0.759375 0.296875 0.067187 0.085417
0 0.405469 0.323958 0.068750 0.077083
0 0.177344 0.327604 0.060937 0.082292
0 0.107813 0.330729 0.057813 0.080208
0 0.698828 0.334375 0.067969 0.081250
0 0.585547 0.340104 0.071094 0.090625
0 0.301563 0.361979 0.075000 0.088542
0 0.826562 0.355729 0.064062 0.082292
0 0.937891 0.355208 0.057031 0.087500
0 0.769922 0.355208 0.063281 0.087500
0 0.050391 0.374479 0.063281 0.088542
0 0.889844 0.378646 0.071875 0.094792
0 0.126172 0.404167 0.053906 0.095833
0 0.437500 0.394271 0.062500 0.078125
0 0.811328 0.404167 0.057031 0.087500
0 0.182812 0.397917 0.065625 0.089583
0 0.723437 0.414583 0.059375 0.085417
0 0.607812 0.420312 0.067187 0.092708
0 0.668750 0.422917 0.059375 0.083333
0 0.271484 0.427083 0.058594 0.089583
0 0.080859 0.433333 0.063281 0.079167
0 0.930078 0.447396 0.061719 0.086458
0 0.590625 0.473438 0.067187 0.078125
0 0.408984 0.457292 0.071094 0.093750
0 0.793359 0.489063 0.064844 0.084375
0 0.130078 0.494792 0.060156 0.091667
0 0.308594 0.492188 0.070312 0.088542
0 0.403125 0.511458 0.057813 0.066667
0 0.079297 0.519271 0.060156 0.082292
0 0.721484 0.529687 0.069531 0.086458
0 0.176172 0.565104 0.067969 0.078125
0 0.453516 0.584375 0.058594 0.110417
0 0.572656 0.576562 0.065625 0.098958
0 0.500391 0.606250 0.047656 0.095833
0 0.542188 0.608333 0.062500 0.100000
0 0.653516 0.611458 0.066406 0.097917
0 0.106250 0.619271 0.071875 0.086458
0 0.029297 0.618750 0.058594 0.077083
0 0.775781 0.624479 0.062500 0.082292
0 0.611719 0.629167 0.056250 0.087500
0 0.712109 0.630208 0.063281 0.081250
0 0.410938 0.640104 0.059375 0.107292
0 0.831641 0.658854 0.071094 0.088542
0 0.223828 0.661458 0.064844 0.079167
0 0.667578 0.682292 0.071094 0.081250
0 0.895703 0.671354 0.064844 0.096875
0 0.338672 0.673438 0.057031 0.090625
0 0.453906 0.684375 0.064062 0.075000
0 0.173828 0.685417 0.069531 0.081250
0 0.284375 0.680208 0.059375 0.097917
0 0.100391 0.692708 0.075781 0.089583
0 0.734766 0.696875 0.064844 0.079167
0 0.588672 0.697917 0.058594 0.087500
0 0.644922 0.738542 0.071094 0.089583
0 0.400781 0.735417 0.062500 0.095833
0 0.194922 0.750521 0.077344 0.086458
0 0.783594 0.756250 0.057813 0.077083
0 0.477344 0.756250 0.081250 0.089583
0 0.875000 0.775000 0.062500 0.070833
0 0.960938 0.794271 0.064062 0.082292
0 0.262109 0.798438 0.063281 0.096875
0 0.034375 0.797396 0.068750 0.086458
0 0.421875 0.807813 0.056250 0.069792
0 0.533984 0.810937 0.063281 0.092708
0 0.304688 0.795833 0.046875 0.112500
0 0.080859 0.810417 0.058594 0.089583
0 0.471484 0.818229 0.069531 0.086458
0 0.587500 0.828125 0.056250 0.085417
0 0.924219 0.841667 0.078125 0.085417
0 0.223828 0.860938 0.061719 0.098958
0 0.694922 0.860938 0.060156 0.096875
0 0.372656 0.866146 0.065625 0.080208
0 0.510547 0.874479 0.067969 0.076042
0 0.633594 0.881250 0.073438 0.083333
0 0.750781 0.896875 0.071875 0.077083
0 0.451172 0.903125 0.067969 0.095833
0 0.182812 0.912500 0.070312 0.091667
0 0.321484 0.920312 0.058594 0.086458
0 0.539844 0.943229 0.062500 0.088542
0 0.861328 0.946875 0.064844 0.083333
0 0.730469 0.954688 0.070312 0.086458
0 0.653125 0.959375 0.078125 0.077083
0 0.413281 0.964583 0.060937 0.081250
1 0.441016 0.031771 0.067969 0.063542
2 0.491797 0.497917 0.089844 0.112500
