0 0.366406 0.341146 0.070312 0.092708
0 0.737109 0.250521 0.072656 0.080208
0 0.085156 0.677083 0.057813 0.068750
0 0.910547 0.075000 0.052344 0.070833
0 0.751953 0.042188 0.066406 0.084375
0 0.607812 0.041146 0.101562 0.082292
0 0.814453 0.044271 0.061719 0.088542
0 0.976172 0.043750 0.055469 0.079167
0 0.553125 0.047917 0.060937 0.085417
0 0.226172 0.065625 0.077344 0.085417
0 0.677734 0.086458 0.066406 0.104167
0 0.962891 0.092188 0.060156 0.084375
0 0.637500 0.096354 0.057813 0.094792
0 0.730469 0.098958 0.065625 0.079167
0 0.264453 0.126562 0.071094 0.088542
0 0.216016 0.151562 0.060156 0.092708
0 0.542578 0.145833 0.060156 0.089583
0 0.700000 0.161458 0.056250 0.097917
0 0.754687 0.172917 0.062500 0.087500
0 0.305859 0.196354 0.063281 0.092708
0 0.567187 0.205208 0.065625 0.093750
0 0.506250 0.208333 0.064062 0.083333
0 0.612500 0.228125 0.059375 0.087500
0 0.223438 0.248958 0.050000 0.095833
0 0.544141 0.276562 0.064844 0.086458
0 0.652734 0.276562 0.066406 0.082292
0 0.592187 0.302604 0.075000 0.094792
0 0.777734 0.308333 0.066406 0.089583
0 0.260156 0.329688 0.064062 0.092708
0 0.707031 0.342187 0.071875 0.086458
0 0.546094 0.362500 0.062500 0.097917
0 0.814063 0.361458 0.053125 0.079167
0 0.497266 0.364063 0.058594 0.096875
0 0.869922 0.385417 0.063281 0.081250
0 0.226562 0.402083 0.067187 0.083333
0 0.292187 0.394792 0.065625 0.081250
0 0.976172 0.430729 0.055469 0.086458
0 0.915625 0.433333 0.059375 0.077083
0 0.813672 0.445833 0.066406 0.089583
0 0.503516 0.446875 0.067969 0.093750
0 0.275781 0.463542 0.085938 0.089583
0 0.331641 0.463021 0.064844 0.094792
0 0.869141 0.462500 0.060156 0.081250
0 0.446875 0.492708 0.078125 0.089583
0 0.764453 0.486458 0.075781 0.110417
0 0.372266 0.508854 0.064844 0.084375
0 0.661328 0.509896 0.069531 0.088542
0 0.827344 0.513021 0.068750 0.080208
0 0.920703 0.514062 0.061719 0.080208
0 0.519141 0.514062 0.083594 0.088542
0 0.712891 0.511458 0.052344 0.095833
0 0.246484 0.524479 0.058594 0.080208
0 0.319531 0.552083 0.098437 0.120833
0 0.769531 0.565625 0.067187 0.079167
0 0.209375 0.570833 0.062500 0.085417
0 0.566016 0.580208 0.066406 0.100000
0 0.833984 0.579167 0.074219 0.083333
0 0.423047 0.593750 0.071094 0.081250
0 0.060156 0.601562 0.064062 0.073958
0 0.887109 0.613542 0.066406 0.077083
0 0.591797 0.616146 0.066406 0.084375
0 0.117578 0.625000 0.055469 0.081250
0 0.733594 0.619792 0.057813 0.102083
0 0.684375 0.632812 0.073438 0.080208
0 0.310937 0.636458 0.071875 0.091667
0 0.782031 0.640104 0.062500 0.080208
0 0.972656 0.647917 0.062500 0.085417
0 0.171094 0.661979 0.073438 0.082292
0 0.368750 0.668750 0.062500 0.068750
0 0.432031 0.666667 0.071875 0.083333
0 0.630859 0.666146 0.066406 0.094792
0 0.918750 0.672917 0.062500 0.087500
0 0.511328 0.684896 0.058594 0.090625
0 0.568359 0.676562 0.061719 0.080208
0 0.695703 0.691667 0.069531 0.081250
0 0.757812 0.697396 0.062500 0.084375
0 0.216797 0.709375 0.063281 0.079167
0 0.457422 0.714063 0.069531 0.082292
0 0.038672 0.736979 0.067969 0.076042
0 0.809766 0.730208 0.071094 0.085417
0 0.955469 0.730208 0.065625 0.089583
0 0.101562 0.739062 0.071875 0.080208
0 0.374609 0.744792 0.064844 0.087500
0 0.882422 0.745833 0.064844 0.087500
0 0.261719 0.760938 0.060937 0.086458
0 0.164453 0.771875 0.060156 0.093750
0 0.763672 0.779687 0.064844 0.078125
0 0.221484 0.782813 0.057031 0.080208
0 0.456641 0.793229 0.060156 0.084375
0 0.403516 0.794792 0.072656 0.118750
0 0.946875 0.820833 0.060937 0.083333
0 0.063672 0.820312 0.066406 0.101042
0 0.237891 0.847396 0.066406 0.080208
0 0.901953 0.852083 0.058594 0.064583
0 0.028906 0.871875 0.057813 0.089583
0 0.856641 0.878125 0.072656 0.083333
0 0.288672 0.890104 0.063281 0.096875
0 0.798047 0.882812 0.061719 0.088542
0 0.431250 0.889062 0.056250 0.092708
0 0.387891 0.889062 0.055469 0.096875
0 0.352734 0.934375 0.075781 0.083333
0 0.839063 0.948438 0.059375 0.084375
0 0.886719 0.952083 0.059375 0.087500
2 0.500391 0.585417 0.086719 0.106250
2 0.656641 0.582812 0.100781 0.084375
1 0.592187 0.122396 0.062500 0.101042
