0 0.405469 0.471875 0.054688 0.066667
0 0.850781 0.056250 0.068750 0.081250
0 0.726172 0.214062 0.057031 0.082292
0 0.682422 0.268229 0.057031 0.090625
0 0.285156 0.690104 0.064062 0.080208
0 0.261328 0.736458 0.055469 0.070833
0 0.244531 0.668750 0.053125 0.066667
0 0.487500 0.711458 0.059375 0.068750
0 0.711328 0.812500 0.067969 0.085417
0 0.765625 0.676562 0.073438 0.082292
0 0.787109 0.727604 0.055469 0.076042
0 0.740625 0.744792 0.059375 0.079167
0 0.861328 0.782292 0.049219 0.066667
0 0.862891 0.846875 0.053906 0.072917
0 0.921094 0.804167 0.054688 0.077083
0 0.286719 0.872396 0.067187 0.086458
0 0.439453 0.933333 0.064844 0.077083
0 0.378125 0.935417 0.068750 0.072917
0 0.115625 0.646875 0.054688 0.072917
0 0.798047 0.364583 0.071094 0.077083
0 0.795703 0.426042 0.060156 0.075000
0 0.491797 0.066667 0.060156 0.075000
0 0.080078 0.086458 0.069531 0.083333
0 0.233594 0.341146 0.062500 0.086458
0 0.662500 0.851562 0.067187 0.086458
0 0.574219 0.802604 0.051562 0.069792
0 0.924219 0.368229 0.065625 0.101042
0 0.036719 0.471875 0.068750 0.089583
0 0.925781 0.695833 0.062500 0.089583
0 0.433984 0.425000 0.058594 0.070833
0 0.358984 0.573438 0.055469 0.069792
0 0.314453 0.580729 0.050781 0.069792
0 0.296484 0.951562 0.064844 0.096875
0 0.376953 0.140625 0.088281 0.095833
0 0.107422 0.036979 0.061719 0.073958
0 0.399609 0.034375 0.077344 0.068750
0 0.594141 0.040625 0.069531 0.081250
0 0.335938 0.044271 0.067187 0.088542
0 0.695703 0.043229 0.069531 0.086458
0 0.751172 0.038542 0.066406 0.077083
0 0.385156 0.076563 0.068750 0.076042
0 0.225781 0.064062 0.076563 0.117708
0 0.638281 0.069792 0.070312 0.085417
0 0.180859 0.104167 0.063281 0.091667
0 0.689063 0.113542 0.059375 0.072917
0 0.598047 0.123958 0.064844 0.087500
0 0.929688 0.131771 0.057813 0.080208
0 0.726172 0.120313 0.080469 0.076042
0 0.063672 0.161979 0.067969 0.080208
0 0.290625 0.171875 0.067187 0.089583
0 0.932031 0.182812 0.051562 0.067708
0 0.174609 0.180208 0.086719 0.091667
0 0.447656 0.196354 0.082812 0.086458
0 0.621484 0.204167 0.075781 0.116667
0 0.905469 0.204167 0.062500 0.085417
0 0.575000 0.223958 0.064062 0.085417
0 0.151953 0.251563 0.050781 0.103125
0 0.930469 0.263542 0.064062 0.087500
0 0.189844 0.270833 0.064062 0.087500
0 0.433594 0.289062 0.057813 0.092708
0 0.627734 0.354167 0.067969 0.095833
0 0.151562 0.357292 0.079687 0.093750
0 0.844141 0.394792 0.057031 0.127083
0 0.487109 0.388021 0.069531 0.117708
0 0.537891 0.405208 0.055469 0.089583
0 0.166016 0.423958 0.088281 0.083333
0 0.703125 0.411458 0.071875 0.097917
0 0.483203 0.438542 0.063281 0.083333
0 0.347656 0.439063 0.064062 0.130208
0 0.953125 0.460417 0.101562 0.125000
0 0.208594 0.468750 0.070312 0.091667
0 0.764062 0.484896 0.078125 0.101042
0 0.262891 0.508333 0.071094 0.087500
0 0.325781 0.510938 0.065625 0.076042
0 0.930859 0.535937 0.092969 0.121875
0 0.172266 0.526042 0.074219 0.100000
0 0.389062 0.558333 0.053125 0.083333
0 0.791406 0.567187 0.054688 0.094792
0 0.585156 0.567708 0.089063 0.095833
0 0.841406 0.577604 0.068750 0.092708
0 0.276562 0.573958 0.062500 0.083333
0 0.696094 0.575000 0.092188 0.108333
0 0.470703 0.593229 0.064844 0.082292
0 0.269922 0.616146 0.066406 0.067708
0 0.409766 0.616146 0.069531 0.101042
0 0.461719 0.628646 0.057813 0.090625
0 0.518750 0.645833 0.081250 0.114583
0 0.619141 0.654167 0.089844 0.108333
0 0.352344 0.658854 0.062500 0.071875
0 0.714453 0.686458 0.057031 0.093750
0 0.178906 0.693750 0.089063 0.104167
0 0.420312 0.718750 0.084375 0.085417
0 0.581250 0.718229 0.078125 0.101042
0 0.678125 0.718229 0.075000 0.078125
0 0.358203 0.728125 0.067969 0.087500
0 0.830859 0.732292 0.060156 0.085417
0 0.338672 0.765625 0.071094 0.083333
0 0.421094 0.789583 0.084375 0.089583
0 0.530078 0.788021 0.057031 0.086458
0 0.787891 0.794271 0.063281 0.076042
0 0.481250 0.806771 0.064062 0.113542
0 0.787500 0.854688 0.067187 0.076042
0 0.757812 0.878646 0.062500 0.086458
0 0.133203 0.900521 0.061719 0.111458
0 0.179688 0.905729 0.076563 0.115625
0 0.055078 0.910937 0.067969 0.084375
0 0.814844 0.936979 0.056250 0.076042
0 0.782813 0.955729 0.089063 0.098958
0 0.878125 0.966667 0.075000 0.077083
