0 0.182812 0.135937 0.070312 0.090625
0 0.612109 0.049479 0.066406 0.090625
0 0.784375 0.376042 0.067187 0.083333
0 0.803125 0.097396 0.075000 0.113542
0 0.830469 0.044792 0.078125 0.083333
0 0.666797 0.792708 0.064844 0.091667
0 0.670312 0.921354 0.070312 0.101042
0 0.916016 0.593750 0.072656 0.093750
0 0.455859 0.953125 0.071094 0.081250
0 0.304688 0.940625 0.073438 0.091667
0 0.185156 0.946354 0.065625 0.086458
0 0.850781 0.482292 0.060937 0.081250
0 0.898438 0.496354 0.043750 0.098958
0 0.949609 0.548958 0.060156 0.097917
0 0.243750 0.089583 0.068750 0.079167
0 0.050391 0.054688 0.100781 0.109375
0 0.354297 0.056250 0.067969 0.072917
0 0.515234 0.095312 0.074219 0.096875
0 0.358203 0.109896 0.074219 0.096875
0 0.934375 0.114062 0.065625 0.084375
0 0.647656 0.105208 0.075000 0.079167
0 0.075391 0.127604 0.074219 0.094792
0 0.756250 0.137500 0.075000 0.093750
0 0.642969 0.157812 0.068750 0.071875
0 0.483203 0.144792 0.067969 0.093750
0 0.573438 0.139063 0.070312 0.105208
0 0.319531 0.161979 0.070312 0.098958
0 0.243359 0.169271 0.066406 0.094792
0 0.694922 0.185417 0.067969 0.089583
0 0.124219 0.195312 0.050000 0.101042
0 0.080078 0.202083 0.063281 0.089583
0 0.970703 0.200521 0.066406 0.092708
0 0.883984 0.203646 0.072656 0.096875
0 0.741016 0.239583 0.072656 0.091667
0 0.330859 0.250000 0.064844 0.100000
0 0.677344 0.258333 0.071875 0.095833
0 0.521875 0.261458 0.073438 0.102083
0 0.378906 0.271354 0.057813 0.094792
0 0.461328 0.272917 0.072656 0.100000
0 0.425391 0.292708 0.061719 0.093750
0 0.124219 0.291667 0.060937 0.102083
0 0.554688 0.310417 0.062500 0.106250
0 0.789062 0.295312 0.071875 0.078125
0 0.198047 0.338542 0.078906 0.102083
0 0.595703 0.330729 0.064844 0.105208
0 0.910547 0.336458 0.067969 0.085417
0 0.462109 0.359375 0.080469 0.087500
0 0.033984 0.364063 0.067969 0.101042
0 0.641016 0.388021 0.072656 0.094792
0 0.922656 0.398958 0.076563 0.093750
0 0.387891 0.391146 0.071094 0.098958
0 0.037500 0.427083 0.062500 0.085417
0 0.362109 0.426563 0.061719 0.088542
0 0.689063 0.433333 0.062500 0.095833
0 0.085547 0.437500 0.060156 0.091667
0 0.471484 0.445833 0.071094 0.095833
0 0.569531 0.447396 0.076563 0.098958
0 0.342578 0.485417 0.063281 0.108333
0 0.285938 0.488542 0.075000 0.097917
0 0.621875 0.486979 0.065625 0.090625
0 0.408203 0.523438 0.089844 0.134375
0 0.101953 0.507292 0.069531 0.097917
0 0.523828 0.512500 0.072656 0.097917
0 0.196875 0.513021 0.093750 0.121875
0 0.798047 0.518750 0.074219 0.091667
0 0.737891 0.526042 0.071094 0.085417
0 0.247656 0.530208 0.057813 0.075000
0 0.465234 0.556771 0.083594 0.101042
0 0.163672 0.559896 0.075781 0.090625
0 0.573828 0.541146 0.067969 0.069792
0 0.580859 0.576562 0.058594 0.067708
0 0.721875 0.575000 0.068750 0.087500
0 0.634766 0.570833 0.072656 0.110417
0 0.247266 0.600000 0.091406 0.116667
0 0.330078 0.595313 0.077344 0.090625
0 0.792969 0.603125 0.064062 0.095833
0 0.143359 0.608854 0.078906 0.096875
0 0.846094 0.605729 0.067187 0.092708
0 0.528516 0.619792 0.061719 0.087500
0 0.706641 0.626563 0.067969 0.076042
0 0.459766 0.633333 0.061719 0.085417
0 0.064062 0.650000 0.068750 0.095833
0 0.318359 0.664062 0.067969 0.082292
0 0.920703 0.681771 0.086719 0.109375
0 0.036719 0.682813 0.073438 0.094792
0 0.391797 0.686458 0.080469 0.100000
0 0.737891 0.687500 0.097656 0.125000
0 0.455469 0.714063 0.073438 0.109375
0 0.698828 0.719271 0.071094 0.105208
0 0.103125 0.713021 0.085938 0.090625
0 0.169531 0.741667 0.079687 0.091667
0 0.513281 0.752604 0.073438 0.092708
0 0.361719 0.771354 0.076563 0.109375
0 0.100781 0.782813 0.064062 0.082292
0 0.415625 0.794792 0.060937 0.072917
0 0.754687 0.795312 0.090625 0.121875
0 0.481641 0.803125 0.074219 0.102083
0 0.198047 0.806250 0.086719 0.104167
0 0.044922 0.842708 0.072656 0.097917
0 0.960156 0.858333 0.087500 0.133333
0 0.906250 0.851042 0.062500 0.066667
0 0.171094 0.860417 0.064062 0.089583
0 0.533594 0.861979 0.067187 0.090625
0 0.326172 0.862500 0.082031 0.097917
0 0.730078 0.873958 0.071094 0.106250
0 0.419141 0.875521 0.072656 0.107292
0 0.507812 0.883854 0.070312 0.092708
0 0.807031 0.902083 0.076563 0.110417
0 0.896875 0.914583 0.075000 0.072917
0 0.954688 0.942708 0.098437 0.125000
0 0.593359 0.937500 0.066406 0.079167
3 0.582422 0.691146 0.083594 0.098958
1 0.423438 0.052083 0.067187 0.100000
