0 0.344922 0.673438 0.061719 0.076042
0 0.332422 0.751563 0.061719 0.084375
0 0.284375 0.783854 0.075000 0.078125
0 0.221484 0.728125 0.061719 0.077083
0 0.149609 0.097917 0.071094 0.089583
0 0.839844 0.036458 0.067187 0.072917
0 0.943359 0.184896 0.071094 0.107292
0 0.866797 0.216667 0.078906 0.089583
0 0.880859 0.265625 0.050781 0.060417
0 0.484375 0.038021 0.070312 0.076042
0 0.936328 0.031771 0.053906 0.063542
0 0.715234 0.041146 0.064844 0.082292
0 0.399219 0.076563 0.071875 0.076042
0 0.325781 0.080208 0.067187 0.085417
0 0.650000 0.083333 0.068750 0.079167
0 0.028125 0.103646 0.056250 0.084375
0 0.478906 0.104688 0.065625 0.086458
0 0.917969 0.120313 0.064062 0.098958
0 0.766406 0.149479 0.062500 0.101042
0 0.687891 0.148958 0.063281 0.081250
0 0.267969 0.157292 0.065625 0.079167
0 0.620703 0.161979 0.061719 0.086458
0 0.332813 0.169271 0.065625 0.086458
0 0.055078 0.179167 0.067969 0.093750
0 0.566016 0.188542 0.061719 0.085417
0 0.816016 0.195312 0.064844 0.094792
0 0.391797 0.201042 0.063281 0.087500
0 0.503906 0.216146 0.064062 0.086458
0 0.116406 0.226042 0.064062 0.081250
0 0.651563 0.227083 0.065625 0.081250
0 0.753516 0.228125 0.067969 0.091667
0 0.286328 0.243750 0.072656 0.075000
0 0.445312 0.239583 0.059375 0.085417
0 0.555859 0.273958 0.057031 0.087500
0 0.029687 0.296354 0.059375 0.084375
0 0.500000 0.296354 0.070312 0.090625
0 0.939844 0.293750 0.078125 0.095833
0 0.721875 0.305729 0.059375 0.092708
0 0.596875 0.313021 0.071875 0.078125
0 0.281250 0.321354 0.065625 0.092708
0 0.674609 0.330729 0.064844 0.080208
0 0.885156 0.328646 0.064062 0.084375
0 0.944531 0.349479 0.048438 0.078125
0 0.976172 0.356771 0.055469 0.115625
0 0.337891 0.360417 0.064844 0.079167
0 0.400000 0.366667 0.053125 0.070833
0 0.764844 0.369792 0.057813 0.089583
0 0.246094 0.395313 0.060937 0.094792
0 0.587891 0.391667 0.072656 0.089583
0 0.184375 0.399479 0.067187 0.101042
0 0.508984 0.403125 0.071094 0.106250
0 0.143359 0.421354 0.067969 0.105208
0 0.310937 0.429688 0.053125 0.092708
0 0.098437 0.428646 0.060937 0.103125
0 0.888672 0.431250 0.066406 0.093750
0 0.640234 0.446875 0.067969 0.079167
0 0.042188 0.448958 0.064062 0.066667
0 0.565234 0.452604 0.071094 0.088542
0 0.433594 0.476562 0.070312 0.090625
0 0.774609 0.477604 0.063281 0.084375
0 0.924219 0.474479 0.054688 0.090625
0 0.601562 0.498958 0.059375 0.087500
0 0.718750 0.505208 0.062500 0.079167
0 0.642578 0.524479 0.064844 0.094792
0 0.810156 0.525521 0.057813 0.080208
0 0.372656 0.554167 0.067187 0.081250
0 0.480078 0.564063 0.061719 0.086458
0 0.771484 0.570312 0.060156 0.080208
0 0.958203 0.582812 0.061719 0.084375
0 0.540234 0.582292 0.061719 0.085417
0 0.664844 0.592187 0.075000 0.094792
0 0.426953 0.591667 0.080469 0.093750
0 0.087109 0.609375 0.063281 0.104167
0 0.813672 0.666667 0.057031 0.089583
0 0.916797 0.656250 0.075781 0.097917
0 0.399219 0.670312 0.060937 0.103125
0 0.561719 0.692187 0.067187 0.084375
0 0.787500 0.689063 0.076563 0.078125
0 0.469141 0.709375 0.063281 0.095833
0 0.711719 0.709896 0.075000 0.094792
0 0.636719 0.721354 0.064062 0.082292
0 0.911328 0.727604 0.074219 0.078125
0 0.045312 0.723958 0.068750 0.087500
0 0.100781 0.725521 0.054688 0.094792
0 0.798828 0.748437 0.063281 0.073958
0 0.532031 0.740625 0.064062 0.068750
0 0.864844 0.768750 0.064062 0.093750
0 0.740625 0.774479 0.071875 0.094792
0 0.165234 0.780208 0.066406 0.077083
0 0.410156 0.784375 0.067187 0.087500
0 0.531641 0.801562 0.058594 0.086458
0 0.482812 0.793750 0.065625 0.089583
0 0.035156 0.804688 0.067187 0.080208
0 0.567187 0.808854 0.056250 0.082292
0 0.101172 0.817187 0.066406 0.078125
0 0.825000 0.838542 0.062500 0.110417
0 0.912500 0.830208 0.070312 0.108333
0 0.604688 0.867708 0.064062 0.081250
0 0.460547 0.865625 0.058594 0.072917
0 0.185156 0.873958 0.067187 0.083333
0 0.031250 0.887500 0.062500 0.070833
0 0.775000 0.861458 0.087500 0.097917
0 0.867578 0.863021 0.050781 0.073958
0 0.710938 0.884375 0.065625 0.089583
0 0.265234 0.890625 0.067969 0.081250
0 0.560156 0.884375 0.075000 0.100000
0 0.362891 0.903125 0.069531 0.083333
0 0.957031 0.902083 0.075000 0.083333
0 0.074219 0.914583 0.062500 0.081250
0 0.767578 0.922396 0.071094 0.078125
0 0.877344 0.928125 0.085938 0.095833
0 0.664453 0.934375 0.063281 0.097917
0 0.432422 0.960417 0.064844 0.089583
2 0.563672 0.968750 0.074219 0.062500
