0 0.778516 0.493229 0.063281 0.098958
0 0.913281 0.273438 0.056250 0.084375
0 0.159375 0.352604 0.067187 0.090625
0 0.322266 0.068750 0.057031 0.075000
0 0.507812 0.157812 0.057813 0.076042
0 0.550781 0.052083 0.059375 0.104167
0 0.035937 0.044271 0.068750 0.088542
0 0.390234 0.050000 0.063281 0.083333
0 0.841406 0.065104 0.067187 0.082292
0 0.918359 0.077604 0.058594 0.082292
0 0.452344 0.072396 0.060937 0.084375
0 0.136719 0.084375 0.062500 0.091667
0 0.513672 0.082812 0.066406 0.080208
0 0.078906 0.082812 0.060937 0.090625
0 0.265234 0.094792 0.067969 0.089583
0 0.789844 0.096354 0.053125 0.073958
0 0.610547 0.115625 0.057031 0.077083
0 0.365234 0.122396 0.063281 0.088542
0 0.948438 0.130729 0.068750 0.092708
0 0.828125 0.139583 0.060937 0.075000
0 0.035547 0.147917 0.067969 0.077083
0 0.411719 0.150521 0.059375 0.086458
0 0.166406 0.153646 0.062500 0.096875
0 0.726953 0.163021 0.055469 0.090625
0 0.221875 0.153125 0.054688 0.108333
0 0.665234 0.161458 0.069531 0.083333
0 0.106250 0.161458 0.065625 0.093750
0 0.780859 0.170313 0.057031 0.082292
0 0.588281 0.171875 0.053125 0.070833
0 0.551172 0.181250 0.053906 0.095833
0 0.848437 0.201042 0.067187 0.075000
0 0.690625 0.209896 0.057813 0.076042
0 0.370312 0.211458 0.065625 0.087500
0 0.429297 0.223958 0.063281 0.081250
0 0.069922 0.228125 0.060156 0.087500
0 0.496484 0.232813 0.063281 0.076042
0 0.183984 0.243229 0.064844 0.084375
0 0.124219 0.241667 0.060937 0.083333
0 0.320312 0.241146 0.054688 0.078125
0 0.582031 0.243750 0.065625 0.087500
0 0.796875 0.245833 0.060937 0.089583
0 0.638281 0.234375 0.064062 0.108333
0 0.732422 0.238542 0.067969 0.091667
0 0.850781 0.275000 0.062500 0.083333
0 0.371875 0.289583 0.067187 0.077083
0 0.486328 0.297396 0.053906 0.071875
0 0.269141 0.313021 0.060156 0.103125
0 0.430078 0.302604 0.061719 0.080208
0 0.539844 0.301042 0.060937 0.085417
0 0.092188 0.304167 0.062500 0.083333
0 0.723437 0.311458 0.090625 0.072917
0 0.210547 0.322917 0.067969 0.097917
0 0.317188 0.324479 0.057813 0.086458
0 0.817578 0.332292 0.071094 0.083333
0 0.682813 0.354167 0.065625 0.087500
0 0.460156 0.361458 0.067187 0.089583
0 0.885156 0.369271 0.060937 0.078125
0 0.949219 0.373437 0.070312 0.084375
0 0.519922 0.378646 0.064844 0.090625
0 0.735547 0.384375 0.067969 0.081250
0 0.243359 0.389583 0.069531 0.085417
0 0.354297 0.398958 0.072656 0.079167
0 0.840234 0.405208 0.074219 0.087500
0 0.295312 0.421875 0.056250 0.089583
0 0.176563 0.430208 0.064062 0.081250
0 0.906641 0.429688 0.064844 0.080208
0 0.061719 0.432812 0.051562 0.080208
0 0.679688 0.436458 0.075000 0.083333
0 0.228125 0.458333 0.082812 0.079167
0 0.490625 0.451042 0.059375 0.085417
0 0.734375 0.462500 0.064062 0.085417
0 0.858594 0.464583 0.068750 0.077083
0 0.350781 0.473958 0.070312 0.087500
0 0.138281 0.482812 0.067187 0.073958
0 0.634375 0.496875 0.062500 0.093750
0 0.689063 0.514583 0.076563 0.091667
0 0.236719 0.520833 0.067187 0.081250
0 0.383984 0.525521 0.080469 0.082292
0 0.033203 0.527083 0.057031 0.079167
0 0.089844 0.525521 0.057813 0.082292
0 0.500391 0.548438 0.058594 0.084375
0 0.146484 0.554688 0.064844 0.080208
0 0.443359 0.548958 0.058594 0.095833
0 0.278516 0.569792 0.058594 0.087500
0 0.334375 0.576562 0.056250 0.090625
0 0.057422 0.589583 0.050781 0.081250
0 0.685547 0.596354 0.064844 0.088542
0 0.395703 0.598958 0.082031 0.087500
0 0.109375 0.602604 0.067187 0.092708
0 0.237500 0.607292 0.059375 0.089583
0 0.471484 0.623958 0.060156 0.102083
0 0.194922 0.649479 0.064844 0.080208
0 0.425000 0.653125 0.062500 0.087500
0 0.134766 0.666146 0.067969 0.086458
0 0.375391 0.683854 0.064844 0.094792
0 0.568359 0.681771 0.061719 0.082292
0 0.505469 0.694792 0.068750 0.079167
0 0.616797 0.693229 0.061719 0.078125
0 0.183594 0.724479 0.062500 0.088542
0 0.133203 0.749479 0.061719 0.080208
0 0.578906 0.755729 0.067187 0.090625
0 0.634766 0.761979 0.060156 0.080208
0 0.166016 0.805208 0.071094 0.089583
0 0.641406 0.841146 0.062500 0.086458
0 0.268750 0.855208 0.064062 0.072917
0 0.327344 0.869792 0.059375 0.077083
0 0.209766 0.846875 0.063281 0.085417
0 0.203516 0.939063 0.071094 0.132292
0 0.658594 0.926562 0.059375 0.084375
0 0.148828 0.949479 0.063281 0.080208
0 0.905859 0.954688 0.061719 0.086458
2 0.414453 0.452083 0.075781 0.108333
