0 0.198047 0.119271 0.063281 0.084375
0 0.148438 0.054688 0.057813 0.080208
0 0.123828 0.224479 0.069531 0.076042
0 0.840625 0.110937 0.071875 0.082292
0 0.819922 0.184896 0.061719 0.084375
0 0.762500 0.186458 0.064062 0.087500
0 0.410938 0.601562 0.068750 0.076042
0 0.725781 0.851042 0.065625 0.095833
0 0.125391 0.760938 0.060156 0.092708
0 0.111328 0.713542 0.077344 0.068750
0 0.597656 0.053125 0.076563 0.106250
0 0.532422 0.051042 0.077344 0.095833
0 0.294922 0.060417 0.083594 0.108333
0 0.679297 0.084896 0.063281 0.088542
0 0.430078 0.104688 0.057031 0.090625
0 0.721094 0.133854 0.064062 0.090625
0 0.641016 0.137500 0.071094 0.097917
0 0.560937 0.182292 0.059375 0.097917
0 0.933984 0.200000 0.091406 0.108333
0 0.377734 0.210417 0.080469 0.077083
0 0.033594 0.216146 0.064062 0.080208
0 0.874219 0.221875 0.062500 0.091667
0 0.688672 0.222396 0.071094 0.073958
0 0.841406 0.236979 0.065625 0.098958
0 0.558203 0.265625 0.089844 0.102083
0 0.678906 0.273438 0.081250 0.086458
0 0.806641 0.283333 0.075781 0.083333
0 0.965625 0.279687 0.076563 0.101042
0 0.344141 0.302604 0.086719 0.092708
0 0.737109 0.288542 0.066406 0.079167
0 0.214453 0.290104 0.080469 0.130208
0 0.495312 0.323958 0.101562 0.135417
0 0.164062 0.347396 0.076563 0.130208
0 0.905469 0.343750 0.070312 0.085417
0 0.727734 0.353125 0.060156 0.083333
0 0.224609 0.370833 0.064844 0.077083
0 0.965625 0.366146 0.076563 0.105208
0 0.070703 0.372396 0.071094 0.105208
0 0.682422 0.380208 0.066406 0.089583
0 0.301953 0.380208 0.097656 0.104167
0 0.928906 0.430729 0.071875 0.101042
0 0.337891 0.450521 0.086719 0.101042
0 0.521484 0.455729 0.092969 0.103125
0 0.200391 0.483333 0.055469 0.070833
0 0.857031 0.493750 0.081250 0.122917
0 0.640234 0.477083 0.067969 0.062500
0 0.781641 0.498437 0.080469 0.101042
0 0.626172 0.515625 0.094531 0.091667
0 0.046875 0.513021 0.067187 0.096875
0 0.816797 0.520833 0.060156 0.070833
0 0.277344 0.542708 0.070312 0.110417
0 0.138281 0.554167 0.085938 0.095833
0 0.208984 0.558333 0.082031 0.100000
0 0.414844 0.576042 0.071875 0.131250
0 0.694922 0.568750 0.091406 0.091667
0 0.300000 0.571875 0.054688 0.106250
0 0.598828 0.610938 0.072656 0.088542
0 0.810547 0.606250 0.086719 0.133333
0 0.084375 0.618229 0.090625 0.096875
0 0.614062 0.649479 0.073438 0.086458
0 0.246094 0.646354 0.067187 0.128125
0 0.849609 0.643750 0.071094 0.068750
0 0.036719 0.677083 0.073438 0.097917
0 0.169141 0.677083 0.069531 0.091667
0 0.487891 0.672396 0.080469 0.123958
0 0.855859 0.700521 0.075781 0.078125
0 0.292578 0.732292 0.075781 0.129167
0 0.350391 0.729688 0.072656 0.111458
0 0.191797 0.730208 0.064844 0.097917
0 0.238672 0.738021 0.055469 0.090625
0 0.836719 0.734896 0.075000 0.113542
0 0.483594 0.765104 0.067187 0.063542
0 0.569922 0.746354 0.063281 0.092708
0 0.050391 0.769271 0.097656 0.121875
0 0.898438 0.794271 0.073438 0.096875
0 0.338281 0.816667 0.081250 0.097917
0 0.598047 0.844792 0.080469 0.075000
0 0.370312 0.838021 0.076563 0.092708
0 0.033594 0.833333 0.067187 0.106250
0 0.849609 0.850521 0.060156 0.088542
0 0.442969 0.858854 0.070312 0.115625
0 0.264453 0.873437 0.092969 0.107292
0 0.580469 0.873437 0.068750 0.065625
0 0.959375 0.901563 0.062500 0.080208
0 0.376563 0.902083 0.081250 0.068750
0 0.838281 0.941667 0.082812 0.127083
0 0.588281 0.928125 0.075000 0.079167
0 0.094922 0.922917 0.082031 0.093750
0 0.534766 0.946875 0.080469 0.116667
0 0.392578 0.957292 0.075781 0.085417
0 0.751172 0.966146 0.074219 0.078125
3 0.548047 0.638021 0.063281 0.113542
