0 0.433984 0.208333 0.052344 0.064583
0 0.263281 0.095312 0.065625 0.088542
0 0.296875 0.042188 0.056250 0.065625
0 0.737500 0.673438 0.053125 0.065625
0 0.791406 0.683333 0.046875 0.075000
0 0.691016 0.719271 0.063281 0.080208
0 0.730859 0.452083 0.039844 0.064583
0 0.708984 0.892708 0.063281 0.070833
0 0.308594 0.140625 0.057813 0.079167
0 0.596484 0.075521 0.060156 0.069792
0 0.627344 0.120313 0.048438 0.067708
0 0.640234 0.183854 0.049219 0.055208
0 0.607031 0.237500 0.057813 0.060417
0 0.550000 0.239583 0.067187 0.079167
0 0.107813 0.284375 0.054688 0.068750
0 0.914062 0.034375 0.059375 0.068750
0 0.164062 0.036458 0.100000 0.072917
0 0.673438 0.036979 0.064062 0.073958
0 0.868750 0.058333 0.060937 0.081250
0 0.773828 0.070833 0.064844 0.085417
0 0.158984 0.076563 0.060156 0.071875
0 0.156641 0.127083 0.052344 0.062500
0 0.737109 0.122396 0.060156 0.073958
0 0.112500 0.138021 0.089063 0.090625
0 0.181250 0.144792 0.062500 0.079167
0 0.677734 0.147917 0.049219 0.083333
0 0.262891 0.164062 0.069531 0.073958
0 0.050000 0.149479 0.100000 0.132292
0 0.907031 0.181771 0.056250 0.084375
0 0.736719 0.184896 0.067187 0.082292
0 0.949609 0.191146 0.052344 0.082292
0 0.354687 0.214062 0.059375 0.065625
0 0.118359 0.219271 0.063281 0.082292
0 0.262500 0.225521 0.064062 0.082292
0 0.682422 0.223958 0.057031 0.085417
0 0.730859 0.225521 0.063281 0.069792
0 0.275391 0.230729 0.077344 0.078125
0 0.473828 0.280729 0.063281 0.065625
0 0.266797 0.286979 0.066406 0.065625
0 0.939063 0.276562 0.067187 0.096875
0 0.294922 0.301563 0.061719 0.090625
0 0.601953 0.290104 0.064844 0.065625
0 0.391797 0.305208 0.060156 0.081250
0 0.790625 0.315625 0.059375 0.079167
0 0.502344 0.322917 0.082812 0.112500
0 0.200391 0.315625 0.061719 0.068750
0 0.148828 0.329688 0.049219 0.080208
0 0.605078 0.338021 0.063281 0.063542
0 0.741016 0.328125 0.064844 0.091667
0 0.943750 0.350521 0.057813 0.084375
0 0.201953 0.370312 0.058594 0.073958
0 0.848047 0.358854 0.053906 0.065625
0 0.437891 0.381250 0.080469 0.085417
0 0.312891 0.393750 0.058594 0.079167
0 0.899219 0.400521 0.056250 0.082292
0 0.038672 0.406250 0.063281 0.081250
0 0.495703 0.404687 0.063281 0.084375
0 0.546094 0.413542 0.060937 0.091667
0 0.648047 0.418750 0.064844 0.085417
0 0.840234 0.431771 0.088281 0.130208
0 0.492969 0.450521 0.062500 0.065625
0 0.235547 0.442708 0.086719 0.087500
0 0.407422 0.443229 0.055469 0.073958
0 0.108203 0.443229 0.100781 0.121875
0 0.341406 0.455729 0.057813 0.082292
0 0.191406 0.469271 0.059375 0.078125
0 0.965234 0.480729 0.077344 0.105208
0 0.781641 0.472396 0.057031 0.073958
0 0.582812 0.472917 0.067187 0.085417
0 0.647656 0.483333 0.053125 0.075000
0 0.132422 0.499479 0.052344 0.069792
0 0.686328 0.503125 0.055469 0.085417
0 0.367969 0.506250 0.092188 0.091667
0 0.284766 0.508333 0.053906 0.075000
0 0.224219 0.515104 0.059375 0.080208
0 0.935156 0.548438 0.082812 0.128125
0 0.525781 0.532813 0.059375 0.073958
0 0.447266 0.547396 0.066406 0.076042
0 0.575391 0.542708 0.064844 0.085417
0 0.162500 0.550521 0.062500 0.082292
0 0.030859 0.553125 0.061719 0.083333
0 0.299219 0.558333 0.051562 0.079167
0 0.660156 0.561458 0.059375 0.089583
0 0.778125 0.583333 0.084375 0.110417
0 0.898438 0.579167 0.051562 0.077083
0 0.235937 0.590625 0.073438 0.102083
0 0.121875 0.598437 0.071875 0.098958
0 0.353516 0.585938 0.080469 0.119792
0 0.964063 0.586979 0.075000 0.103125
0 0.071094 0.606250 0.053125 0.083333
0 0.564063 0.619271 0.064062 0.086458
0 0.641016 0.617188 0.060156 0.113542
0 0.030469 0.642188 0.060937 0.084375
0 0.843750 0.641146 0.050000 0.086458
0 0.885938 0.648438 0.059375 0.086458
0 0.233984 0.661458 0.060156 0.072917
0 0.163281 0.667708 0.076563 0.091667
0 0.953516 0.665625 0.061719 0.087500
0 0.114844 0.672396 0.057813 0.082292
0 0.339453 0.671354 0.060156 0.084375
0 0.508594 0.678646 0.062500 0.084375
0 0.287109 0.682813 0.057031 0.082292
0 0.207813 0.687500 0.059375 0.077083
0 0.424609 0.697396 0.064844 0.076042
0 0.071484 0.707292 0.055469 0.072917
0 0.580469 0.715104 0.100000 0.086458
0 0.153125 0.733854 0.062500 0.071875
0 0.969141 0.734375 0.064844 0.087500
0 0.324219 0.743750 0.057813 0.077083
0 0.264453 0.752083 0.061719 0.083333
0 0.887109 0.751563 0.047656 0.078125
0 0.369141 0.752604 0.058594 0.084375
0 0.488281 0.754687 0.057813 0.082292
0 0.638672 0.757812 0.061719 0.076042
0 0.584375 0.779167 0.062500 0.072917
0 0.106641 0.780208 0.066406 0.112500
0 0.302734 0.807292 0.075781 0.085417
0 0.392578 0.816667 0.067969 0.079167
0 0.235156 0.825521 0.059375 0.080208
0 0.475000 0.828125 0.059375 0.081250
0 0.034766 0.844271 0.069531 0.101042
0 0.656641 0.853125 0.069531 0.085417
0 0.098828 0.858333 0.057031 0.075000
0 0.310156 0.875521 0.065625 0.084375
0 0.419531 0.880729 0.054688 0.084375
0 0.459375 0.890104 0.050000 0.076042
0 0.256250 0.892188 0.067187 0.092708
0 0.129297 0.936979 0.069531 0.065625
0 0.952734 0.942708 0.089844 0.125000
0 0.221094 0.941667 0.092188 0.127083
0 0.630859 0.931771 0.080469 0.090625
0 0.050391 0.937500 0.100781 0.135417
0 0.775391 0.958333 0.075781 0.093750
