0 0.136719 0.754167 0.067187 0.079167
0 0.192578 0.770312 0.077344 0.082292
0 0.614453 0.040104 0.071094 0.080208
0 0.804297 0.119271 0.063281 0.088542
0 0.702344 0.187500 0.054688 0.077083
0 0.648047 0.189583 0.063281 0.093750
0 0.809766 0.196354 0.067969 0.071875
0 0.885938 0.234896 0.067187 0.086458
0 0.733203 0.248958 0.064844 0.089583
0 0.676172 0.255208 0.072656 0.087500
0 0.835156 0.255208 0.076563 0.079167
0 0.910937 0.294792 0.075000 0.079167
0 0.779687 0.291146 0.059375 0.086458
0 0.636719 0.312500 0.070312 0.079167
0 0.832422 0.329167 0.075781 0.072917
0 0.732812 0.335938 0.067187 0.094792
0 0.680078 0.352604 0.060156 0.080208
0 0.887109 0.359375 0.063281 0.079167
0 0.787500 0.375521 0.065625 0.086458
0 0.626172 0.390625 0.066406 0.081250
0 0.848047 0.421354 0.071094 0.088542
0 0.921094 0.423438 0.065625 0.086458
0 0.742578 0.437500 0.064844 0.085417
0 0.799219 0.468750 0.064062 0.093750
0 0.619531 0.472917 0.078125 0.091667
0 0.878906 0.481771 0.064062 0.080208
0 0.735156 0.509375 0.081250 0.083333
0 0.657422 0.513542 0.074219 0.093750
0 0.030078 0.522917 0.060156 0.083333
0 0.832812 0.533854 0.071875 0.090625
0 0.607031 0.542708 0.060937 0.079167
0 0.771875 0.558333 0.057813 0.081250
0 0.705078 0.569792 0.075781 0.077083
0 0.889844 0.586979 0.062500 0.088542
0 0.646094 0.589063 0.060937 0.084375
0 0.947656 0.601562 0.062500 0.084375
0 0.833203 0.617708 0.063281 0.079167
0 0.715234 0.635417 0.074219 0.087500
0 0.919531 0.659896 0.075000 0.071875
0 0.591406 0.661979 0.070312 0.084375
0 0.645312 0.671875 0.062500 0.077083
0 0.332031 0.682813 0.065625 0.084375
0 0.104688 0.686979 0.065625 0.084375
0 0.388672 0.700000 0.066406 0.089583
0 0.169141 0.692187 0.064844 0.071875
0 0.953516 0.710417 0.061719 0.083333
0 0.230859 0.721875 0.064844 0.085417
0 0.060156 0.726042 0.059375 0.075000
0 0.885156 0.732812 0.078125 0.082292
0 0.714844 0.734896 0.073438 0.076042
0 0.291016 0.734375 0.061719 0.091667
0 0.597656 0.739583 0.062500 0.095833
0 0.342578 0.744792 0.057031 0.070833
0 0.649609 0.750521 0.067969 0.092708
0 0.396094 0.770833 0.078125 0.087500
0 0.850000 0.782292 0.073438 0.075000
0 0.926953 0.780729 0.067969 0.082292
0 0.560937 0.796875 0.064062 0.089583
0 0.060156 0.803646 0.070312 0.080208
0 0.282813 0.798958 0.079687 0.091667
0 0.711719 0.810417 0.059375 0.085417
0 0.207031 0.823958 0.070312 0.085417
0 0.125781 0.832292 0.062500 0.081250
0 0.657031 0.829688 0.073438 0.088542
0 0.591406 0.848437 0.065625 0.088542
0 0.866797 0.852083 0.067969 0.087500
0 0.977344 0.852083 0.053125 0.089583
0 0.815234 0.863021 0.066406 0.090625
0 0.928906 0.852083 0.059375 0.064583
0 0.054688 0.864583 0.068750 0.077083
0 0.368359 0.875000 0.060156 0.089583
0 0.432422 0.873437 0.072656 0.090625
0 0.307422 0.881250 0.067969 0.095833
0 0.183984 0.886979 0.072656 0.092708
0 0.616797 0.907292 0.061719 0.079167
0 0.771875 0.906250 0.062500 0.083333
0 0.962500 0.917188 0.054688 0.073958
0 0.671875 0.917708 0.060937 0.087500
0 0.035156 0.931250 0.065625 0.091667
0 0.144531 0.917188 0.071875 0.096875
0 0.395313 0.933854 0.060937 0.082292
0 0.094141 0.939063 0.061719 0.086458
0 0.827734 0.942708 0.067969 0.079167
0 0.471484 0.958854 0.085156 0.088542
0 0.210547 0.951562 0.071094 0.082292
0 0.288281 0.954167 0.059375 0.081250
0 0.346875 0.955729 0.062500 0.086458
0 0.915625 0.946354 0.065625 0.084375
0 0.726172 0.964063 0.063281 0.082292
0 0.623047 0.972396 0.060156 0.065625
1 0.677344 0.438021 0.062500 0.086458
4 0.034375 0.384375 0.068750 0.106250
