0 0.043359 0.290104 0.055469 0.080208
0 0.032031 0.688542 0.062500 0.083333
0 0.546875 0.559375 0.056250 0.089583
0 0.517578 0.496875 0.055469 0.066667
0 0.505078 0.575000 0.044531 0.066667
0 0.574219 0.452083 0.056250 0.081250
0 0.583594 0.528125 0.051562 0.077083
0 0.521094 0.436979 0.054688 0.065625
0 0.907813 0.211458 0.060937 0.095833
0 0.672656 0.076563 0.059375 0.092708
0 0.815234 0.068229 0.057031 0.078125
0 0.964063 0.046354 0.053125 0.080208
0 0.722266 0.936979 0.053906 0.071875
0 0.209766 0.089063 0.067969 0.084375
0 0.899609 0.040625 0.069531 0.081250
0 0.101562 0.042188 0.062500 0.084375
0 0.250000 0.038542 0.053125 0.077083
0 0.429297 0.050000 0.061719 0.079167
0 0.840234 0.059375 0.072656 0.118750
0 0.146094 0.070833 0.057813 0.072917
0 0.510156 0.070312 0.065625 0.086458
0 0.736328 0.077604 0.055469 0.082292
0 0.878906 0.087500 0.064062 0.089583
0 0.332813 0.094792 0.065625 0.089583
0 0.396875 0.102083 0.062500 0.081250
0 0.774219 0.121354 0.068750 0.088542
0 0.116797 0.132812 0.064844 0.088542
0 0.037109 0.118229 0.074219 0.119792
0 0.561328 0.138542 0.058594 0.079167
0 0.685547 0.147396 0.064844 0.086458
0 0.839063 0.158854 0.064062 0.084375
0 0.257812 0.160417 0.068750 0.093750
0 0.619531 0.164062 0.059375 0.078125
0 0.311719 0.163542 0.064062 0.081250
0 0.496875 0.169271 0.067187 0.088542
0 0.200391 0.172917 0.071094 0.075000
0 0.070703 0.192708 0.071094 0.089583
0 0.965234 0.200521 0.066406 0.086458
0 0.547266 0.206250 0.064844 0.089583
0 0.327344 0.214583 0.073438 0.079167
0 0.210156 0.240625 0.085938 0.093750
0 0.468750 0.227083 0.062500 0.083333
0 0.801562 0.236979 0.068750 0.098958
0 0.150391 0.230729 0.066406 0.090625
0 0.950781 0.265625 0.060937 0.083333
0 0.099609 0.267188 0.064844 0.084375
0 0.385547 0.260417 0.083594 0.102083
0 0.306641 0.271354 0.067969 0.082292
0 0.564844 0.304688 0.067187 0.088542
0 0.444531 0.310417 0.068750 0.100000
0 0.869141 0.330729 0.064844 0.103125
0 0.676562 0.332813 0.065625 0.082292
0 0.319531 0.346875 0.084375 0.116667
0 0.079297 0.344271 0.063281 0.088542
0 0.617188 0.355729 0.062500 0.082292
0 0.486719 0.365104 0.065625 0.086458
0 0.141016 0.403125 0.069531 0.085417
0 0.257812 0.421354 0.082812 0.105208
0 0.194531 0.431771 0.068750 0.096875
0 0.671484 0.446354 0.055469 0.073958
0 0.437500 0.480208 0.067187 0.097917
0 0.273828 0.497396 0.075781 0.107292
0 0.780469 0.493750 0.068750 0.089583
0 0.671094 0.511979 0.087500 0.092708
0 0.840625 0.513021 0.062500 0.078125
0 0.214453 0.521354 0.086719 0.094792
0 0.956641 0.539062 0.064844 0.082292
0 0.461328 0.539583 0.058594 0.087500
0 0.628125 0.540104 0.062500 0.088542
0 0.376563 0.556250 0.075000 0.087500
0 0.778906 0.566146 0.067187 0.088542
0 0.844922 0.576562 0.064844 0.082292
0 0.148828 0.588021 0.064844 0.078125
0 0.241016 0.591667 0.064844 0.089583
0 0.669922 0.596354 0.064844 0.082292
0 0.732422 0.598437 0.066406 0.084375
0 0.958984 0.606250 0.060156 0.083333
0 0.378125 0.623958 0.068750 0.079167
0 0.592969 0.627083 0.060937 0.087500
0 0.533203 0.639062 0.058594 0.078125
0 0.815234 0.640104 0.064844 0.080208
0 0.198047 0.650000 0.057031 0.087500
0 0.883984 0.654167 0.067969 0.087500
0 0.442969 0.645312 0.065625 0.069792
0 0.732422 0.668750 0.069531 0.087500
0 0.255469 0.669792 0.060937 0.089583
0 0.388672 0.685937 0.058594 0.078125
0 0.445312 0.697396 0.057813 0.067708
0 0.613281 0.691146 0.062500 0.073958
0 0.954297 0.689583 0.099219 0.120833
0 0.489063 0.703646 0.060937 0.086458
0 0.322266 0.704167 0.069531 0.085417
0 0.562891 0.703646 0.063281 0.084375
0 0.811719 0.705729 0.062500 0.084375
0 0.194141 0.714063 0.060156 0.071875
0 0.430469 0.719271 0.062500 0.082292
0 0.715625 0.732292 0.068750 0.089583
0 0.889844 0.738542 0.064062 0.085417
0 0.257422 0.741667 0.063281 0.087500
0 0.788281 0.768229 0.064062 0.084375
0 0.184375 0.776042 0.068750 0.083333
0 0.348047 0.770312 0.063281 0.088542
0 0.471875 0.776042 0.064062 0.091667
0 0.689844 0.788542 0.060937 0.081250
0 0.056250 0.800000 0.059375 0.077083
0 0.744141 0.806250 0.060156 0.100000
0 0.900391 0.806250 0.063281 0.081250
0 0.259766 0.813021 0.063281 0.086458
0 0.431250 0.829167 0.071875 0.087500
0 0.852344 0.838542 0.067187 0.093750
0 0.516797 0.838542 0.066406 0.085417
0 0.661719 0.850000 0.067187 0.091667
0 0.051953 0.897917 0.058594 0.077083
0 0.382422 0.915104 0.061719 0.090625
0 0.767969 0.916146 0.070312 0.086458
0 0.956250 0.923438 0.056250 0.080208
0 0.164062 0.920833 0.059375 0.089583
0 0.619141 0.962500 0.066406 0.085417
0 0.132812 0.971354 0.057813 0.067708
2 0.498828 0.910417 0.072656 0.091667
2 0.762109 0.194271 0.067969 0.086458
