0 0.655078 0.907292 0.064844 0.083333
0 0.541406 0.954688 0.065625 0.063542
0 0.303906 0.926562 0.057813 0.082292
0 0.035156 0.773958 0.062500 0.083333
0 0.094141 0.806771 0.064844 0.090625
0 0.932422 0.380208 0.055469 0.079167
0 0.820703 0.078646 0.050781 0.063542
0 0.847266 0.101042 0.052344 0.066667
0 0.672656 0.044792 0.095312 0.089583
0 0.961719 0.044271 0.064062 0.084375
0 0.124609 0.070833 0.061719 0.081250
0 0.453516 0.063021 0.097656 0.126042
0 0.374219 0.077604 0.064062 0.080208
0 0.590625 0.080208 0.062500 0.075000
0 0.539453 0.086458 0.064844 0.083333
0 0.896875 0.100000 0.057813 0.081250
0 0.206641 0.105208 0.053906 0.085417
0 0.052344 0.104167 0.064062 0.077083
0 0.300000 0.114583 0.060937 0.083333
0 0.251563 0.111458 0.059375 0.102083
0 0.783594 0.117188 0.068750 0.080208
0 0.160156 0.118750 0.056250 0.085417
0 0.104688 0.135937 0.067187 0.084375
0 0.349219 0.146354 0.056250 0.094792
0 0.925391 0.148958 0.063281 0.081250
0 0.412109 0.150521 0.060156 0.084375
0 0.974609 0.190625 0.058594 0.131250
0 0.669141 0.167187 0.064844 0.082292
0 0.721094 0.172396 0.064062 0.080208
0 0.876953 0.173437 0.069531 0.080208
0 0.788672 0.182292 0.061719 0.081250
0 0.188672 0.186458 0.060156 0.085417
0 0.305078 0.188542 0.057031 0.081250
0 0.534375 0.192188 0.060937 0.078125
0 0.092188 0.201042 0.057813 0.079167
0 0.612891 0.203646 0.064844 0.084375
0 0.138672 0.214583 0.060156 0.083333
0 0.476172 0.217708 0.058594 0.089583
0 0.861328 0.220833 0.072656 0.081250
0 0.350000 0.218750 0.051562 0.083333
0 0.426172 0.230208 0.064844 0.095833
0 0.523438 0.243229 0.075000 0.119792
0 0.968359 0.255208 0.055469 0.083333
0 0.205078 0.260937 0.058594 0.084375
0 0.601953 0.268229 0.055469 0.076042
0 0.925391 0.268750 0.055469 0.085417
0 0.861328 0.284896 0.063281 0.078125
0 0.273438 0.293750 0.067187 0.087500
0 0.733203 0.302083 0.060156 0.081250
0 0.049219 0.307292 0.065625 0.083333
0 0.412891 0.304167 0.058594 0.085417
0 0.662109 0.306250 0.052344 0.091667
0 0.323047 0.321354 0.061719 0.082292
0 0.227344 0.331250 0.062500 0.100000
0 0.472656 0.343229 0.057813 0.082292
0 0.626172 0.355208 0.060156 0.085417
0 0.153516 0.383333 0.061719 0.079167
0 0.850000 0.389583 0.065625 0.081250
0 0.201563 0.399479 0.057813 0.080208
0 0.749609 0.401042 0.066406 0.085417
0 0.696484 0.402604 0.063281 0.086458
0 0.043750 0.406771 0.062500 0.082292
0 0.332422 0.413542 0.085156 0.068750
0 0.801953 0.414583 0.061719 0.070833
0 0.874609 0.456771 0.067969 0.078125
0 0.157422 0.463021 0.057031 0.073958
0 0.292187 0.470833 0.067187 0.083333
0 0.707031 0.496354 0.057813 0.078125
0 0.236328 0.509375 0.057031 0.079167
0 0.070703 0.508854 0.053906 0.082292
0 0.376953 0.529687 0.057031 0.080208
0 0.536719 0.538021 0.059375 0.080208
0 0.030078 0.540104 0.060156 0.086458
0 0.857031 0.546875 0.059375 0.087500
0 0.943359 0.551042 0.066406 0.083333
0 0.132812 0.557813 0.062500 0.082292
0 0.726562 0.575000 0.059375 0.083333
0 0.183594 0.586979 0.060937 0.078125
0 0.661328 0.596875 0.058594 0.079167
0 0.792969 0.597396 0.068750 0.084375
0 0.413281 0.606250 0.059375 0.081250
0 0.948438 0.617188 0.057813 0.080208
0 0.743359 0.628125 0.069531 0.081250
0 0.893750 0.628646 0.059375 0.078125
0 0.460156 0.653125 0.065625 0.093750
0 0.691406 0.654167 0.064062 0.081250
0 0.087109 0.667708 0.057031 0.085417
0 0.567187 0.671875 0.059375 0.081250
0 0.511719 0.685937 0.057813 0.076042
0 0.892969 0.690104 0.059375 0.076042
0 0.798828 0.701562 0.055469 0.092708
0 0.755859 0.701562 0.053906 0.096875
0 0.660547 0.713542 0.063281 0.085417
0 0.403906 0.720313 0.064062 0.078125
0 0.453125 0.727604 0.059375 0.086458
0 0.114062 0.729688 0.056250 0.069792
0 0.352344 0.739583 0.062500 0.077083
0 0.173828 0.752604 0.057031 0.078125
0 0.685547 0.768750 0.066406 0.087500
0 0.826562 0.770833 0.057813 0.077083
0 0.481250 0.791146 0.070312 0.090625
0 0.428906 0.790625 0.057813 0.075000
0 0.891016 0.805208 0.064844 0.081250
0 0.538672 0.806771 0.067969 0.084375
0 0.788672 0.813542 0.063281 0.077083
0 0.258203 0.841146 0.063281 0.082292
0 0.833203 0.843750 0.058594 0.083333
0 0.328516 0.853646 0.061719 0.092708
0 0.926953 0.851562 0.058594 0.065625
0 0.568359 0.878646 0.066406 0.098958
0 0.212891 0.876563 0.058594 0.082292
0 0.109766 0.891667 0.058594 0.077083
0 0.484375 0.906250 0.062500 0.083333
0 0.160938 0.927083 0.059375 0.083333
0 0.378906 0.933854 0.070312 0.086458
0 0.954297 0.936458 0.060156 0.085417
0 0.044141 0.953125 0.088281 0.104167
0 0.247266 0.964063 0.057031 0.076042
1 0.175000 0.664062 0.056250 0.088542
1 0.595703 0.489583 0.063281 0.089583
3 0.978125 0.403125 0.043750 0.093750
