0 0.917969 0.504167 0.068750 0.093750
0 0.471484 0.278646 0.067969 0.086458
0 0.420312 0.513542 0.056250 0.089583
0 0.023047 0.401042 0.046094 0.081250
0 0.028125 0.563021 0.056250 0.078125
0 0.021094 0.636979 0.042188 0.082292
0 0.171094 0.042708 0.060937 0.085417
0 0.596875 0.042188 0.062500 0.082292
0 0.708594 0.059375 0.060937 0.079167
0 0.486328 0.065104 0.071094 0.090625
0 0.415234 0.073958 0.071094 0.081250
0 0.288672 0.075521 0.063281 0.084375
0 0.822266 0.087500 0.060156 0.079167
0 0.211328 0.093229 0.064844 0.082292
0 0.763281 0.091667 0.068750 0.083333
0 0.343359 0.097917 0.064844 0.081250
0 0.664062 0.130729 0.064062 0.086458
0 0.133594 0.133854 0.070312 0.086458
0 0.251953 0.153646 0.064844 0.092708
0 0.842578 0.157292 0.061719 0.089583
0 0.778125 0.165625 0.065625 0.070833
0 0.191406 0.166667 0.060937 0.081250
0 0.612109 0.170833 0.057031 0.081250
0 0.955469 0.181771 0.057813 0.088542
0 0.892188 0.183333 0.071875 0.097917
0 0.673047 0.197917 0.064844 0.077083
0 0.508984 0.206771 0.061719 0.096875
0 0.144531 0.209896 0.060937 0.078125
0 0.566406 0.205729 0.056250 0.086458
0 0.229687 0.235417 0.057813 0.093750
0 0.712109 0.233854 0.067969 0.080208
0 0.921875 0.237500 0.064062 0.081250
0 0.862891 0.239583 0.060156 0.081250
0 0.283984 0.248438 0.061719 0.086458
0 0.178906 0.264583 0.064062 0.062500
0 0.084766 0.275000 0.061719 0.087500
0 0.894141 0.307812 0.067969 0.082292
0 0.823828 0.309375 0.063281 0.087500
0 0.547656 0.303646 0.068750 0.086458
0 0.739453 0.307292 0.060156 0.083333
0 0.693750 0.318750 0.057813 0.077083
0 0.317969 0.329688 0.062500 0.098958
0 0.266016 0.322396 0.067969 0.092708
0 0.154688 0.328125 0.067187 0.085417
0 0.951172 0.346875 0.060156 0.081250
0 0.053125 0.346875 0.062500 0.079167
0 0.590234 0.344792 0.057031 0.102083
0 0.645312 0.341146 0.057813 0.096875
0 0.371484 0.357292 0.063281 0.087500
0 0.432031 0.358854 0.062500 0.082292
0 0.541016 0.383854 0.063281 0.080208
0 0.704688 0.392708 0.064062 0.081250
0 0.301563 0.394792 0.065625 0.081250
0 0.078516 0.404687 0.064844 0.073958
0 0.820703 0.403125 0.064844 0.091667
0 0.186719 0.407813 0.064062 0.088542
0 0.378516 0.427604 0.063281 0.076042
0 0.634375 0.427083 0.059375 0.077083
0 0.948828 0.432812 0.063281 0.088542
0 0.439844 0.435417 0.065625 0.083333
0 0.757422 0.436458 0.063281 0.087500
0 0.573828 0.445833 0.058594 0.079167
0 0.233984 0.456771 0.061719 0.084375
0 0.296484 0.468750 0.061719 0.064583
0 0.099609 0.476042 0.071094 0.087500
0 0.847656 0.483333 0.065625 0.085417
0 0.516016 0.488542 0.063281 0.089583
0 0.658203 0.495833 0.066406 0.081250
0 0.055469 0.505729 0.057813 0.082292
0 0.364063 0.509375 0.057813 0.081250
0 0.464062 0.534375 0.068750 0.091667
0 0.291016 0.530729 0.055469 0.069792
0 0.773047 0.532292 0.063281 0.085417
0 0.212109 0.536458 0.075781 0.093750
0 0.885156 0.561458 0.060937 0.085417
0 0.548828 0.567187 0.067969 0.092708
0 0.663281 0.580729 0.062500 0.090625
0 0.354297 0.583333 0.064844 0.083333
0 0.117969 0.594792 0.065625 0.091667
0 0.937891 0.609375 0.066406 0.087500
0 0.180859 0.609896 0.064844 0.088542
0 0.770312 0.622396 0.064062 0.086458
0 0.446875 0.623958 0.065625 0.087500
0 0.238672 0.648958 0.064844 0.091667
0 0.697266 0.651563 0.064844 0.090625
0 0.834766 0.664583 0.058594 0.081250
0 0.901953 0.666146 0.057031 0.071875
0 0.358203 0.670312 0.057031 0.086458
0 0.514844 0.689063 0.060937 0.082292
0 0.732812 0.701562 0.065625 0.090625
0 0.303516 0.694792 0.058594 0.079167
0 0.415234 0.697396 0.060156 0.084375
0 0.202344 0.701042 0.060937 0.087500
0 0.673047 0.727604 0.060156 0.084375
0 0.863281 0.730729 0.059375 0.073958
0 0.977344 0.737500 0.053125 0.075000
0 0.455469 0.745313 0.064062 0.084375
0 0.261328 0.750521 0.061719 0.080208
0 0.753906 0.755729 0.057813 0.078125
0 0.620703 0.761458 0.067969 0.091667
0 0.383984 0.775521 0.067969 0.088542
0 0.182031 0.777083 0.067187 0.077083
0 0.806250 0.794792 0.073438 0.087500
0 0.315625 0.796875 0.071875 0.093750
0 0.512500 0.799479 0.073438 0.086458
0 0.876172 0.804688 0.064844 0.086458
0 0.714063 0.809375 0.065625 0.097917
0 0.973828 0.813021 0.060156 0.078125
0 0.048438 0.828125 0.064062 0.079167
0 0.242578 0.830729 0.052344 0.067708
0 0.630469 0.829688 0.060937 0.078125
0 0.684766 0.848958 0.061719 0.091667
0 0.169922 0.848437 0.061719 0.080208
0 0.360547 0.850000 0.063281 0.083333
0 0.111328 0.850521 0.055469 0.076042
0 0.908594 0.850521 0.057813 0.067708
0 0.286719 0.863021 0.053125 0.069792
0 0.769922 0.865104 0.060156 0.088542
0 0.552344 0.868750 0.067187 0.085417
0 0.483203 0.875521 0.066406 0.086458
0 0.401953 0.898958 0.064844 0.091667
0 0.653125 0.907813 0.060937 0.086458
0 0.252344 0.918229 0.056250 0.069792
0 0.162891 0.923958 0.058594 0.075000
0 0.813281 0.924479 0.064062 0.086458
0 0.107422 0.934896 0.060156 0.086458
0 0.347656 0.934375 0.057813 0.085417
0 0.530469 0.946875 0.067187 0.085417
0 0.433594 0.958333 0.060937 0.081250
0 0.933984 0.950000 0.067969 0.066667
0 0.592578 0.962500 0.063281 0.085417
0 0.698047 0.960417 0.069531 0.089583
