0 0.187109 0.177083 0.064844 0.081250
0 0.149609 0.229687 0.066406 0.086458
0 0.106250 0.247396 0.059375 0.080208
0 0.141016 0.307812 0.057031 0.084375
0 0.216016 0.252083 0.060156 0.081250
0 0.169922 0.367708 0.063281 0.077083
0 0.221875 0.356250 0.051562 0.064583
0 0.204687 0.310417 0.073438 0.075000
0 0.037891 0.151042 0.055469 0.070833
0 0.051562 0.234896 0.064062 0.076042
0 0.280078 0.753646 0.058594 0.086458
0 0.232422 0.789062 0.064844 0.078125
0 0.258984 0.863542 0.050781 0.077083
0 0.303906 0.835938 0.062500 0.084375
0 0.541406 0.055208 0.059375 0.072917
0 0.427734 0.064062 0.061719 0.071875
0 0.032813 0.761458 0.059375 0.089583
0 0.052734 0.600521 0.053906 0.063542
0 0.607812 0.721354 0.056250 0.071875
0 0.608984 0.688542 0.063281 0.079167
0 0.854688 0.927083 0.056250 0.072917
0 0.573047 0.510938 0.052344 0.067708
0 0.537891 0.501042 0.047656 0.062500
0 0.751953 0.036458 0.047656 0.064583
0 0.190234 0.040625 0.089844 0.081250
0 0.811719 0.044271 0.056250 0.088542
0 0.317188 0.047396 0.064062 0.084375
0 0.637891 0.052604 0.061719 0.105208
0 0.117188 0.063542 0.056250 0.085417
0 0.487891 0.077604 0.058594 0.076042
0 0.238672 0.081250 0.053906 0.087500
0 0.153125 0.084896 0.057813 0.094792
0 0.704688 0.089063 0.064062 0.082292
0 0.854297 0.086458 0.061719 0.089583
0 0.278125 0.096875 0.056250 0.089583
0 0.757812 0.094792 0.065625 0.087500
0 0.917969 0.102083 0.062500 0.085417
0 0.969922 0.104688 0.064844 0.090625
0 0.078516 0.114062 0.064844 0.080208
0 0.371875 0.117188 0.067187 0.086458
0 0.799219 0.120833 0.057813 0.081250
0 0.529687 0.124479 0.064062 0.088542
0 0.625391 0.124479 0.055469 0.090625
0 0.430078 0.134896 0.060156 0.084375
0 0.696094 0.156250 0.059375 0.083333
0 0.973828 0.174479 0.060156 0.082292
0 0.850000 0.177083 0.064062 0.085417
0 0.903125 0.179688 0.065625 0.088542
0 0.605078 0.178125 0.060156 0.079167
0 0.248047 0.191667 0.053906 0.089583
0 0.557813 0.205729 0.065625 0.086458
0 0.798438 0.209375 0.060937 0.077083
0 0.514453 0.227083 0.060156 0.077083
0 0.728516 0.232292 0.060156 0.072917
0 0.925391 0.243750 0.064844 0.097917
0 0.632031 0.256771 0.064062 0.084375
0 0.349219 0.272396 0.064062 0.090625
0 0.974219 0.277083 0.059375 0.089583
0 0.464062 0.280208 0.062500 0.089583
0 0.266406 0.285938 0.060937 0.080208
0 0.728906 0.295312 0.070312 0.084375
0 0.065625 0.314063 0.057813 0.084375
0 0.672656 0.313542 0.068750 0.087500
0 0.310547 0.319792 0.063281 0.087500
0 0.519141 0.321354 0.060156 0.080208
0 0.852734 0.325000 0.063281 0.087500
0 0.382031 0.328646 0.073438 0.086458
0 0.771484 0.328125 0.063281 0.081250
0 0.458594 0.356771 0.067187 0.094792
0 0.091797 0.382292 0.060156 0.081250
0 0.377344 0.398438 0.060937 0.084375
0 0.667578 0.394792 0.061719 0.070833
0 0.836328 0.416146 0.060156 0.084375
0 0.036719 0.430208 0.064062 0.089583
0 0.966797 0.431250 0.058594 0.081250
0 0.480078 0.432812 0.063281 0.078125
0 0.425000 0.435417 0.071875 0.083333
0 0.583984 0.442708 0.063281 0.085417
0 0.883594 0.446354 0.064062 0.086458
0 0.628125 0.456250 0.053125 0.091667
0 0.677734 0.465625 0.055469 0.085417
0 0.366406 0.469792 0.071875 0.089583
0 0.912891 0.478125 0.057031 0.093750
0 0.721875 0.477604 0.057813 0.086458
0 0.151953 0.479687 0.055469 0.076042
0 0.195703 0.491146 0.080469 0.086458
0 0.099219 0.505729 0.062500 0.088542
0 0.848437 0.520833 0.065625 0.077083
0 0.031250 0.536979 0.062500 0.088542
0 0.939844 0.539583 0.059375 0.087500
0 0.794531 0.543229 0.065625 0.086458
0 0.171094 0.547917 0.064062 0.081250
0 0.890234 0.565104 0.063281 0.086458
0 0.372656 0.561979 0.089063 0.126042
0 0.432812 0.566667 0.060937 0.085417
0 0.552344 0.569792 0.054688 0.077083
0 0.236719 0.582812 0.062500 0.086458
0 0.605469 0.588542 0.060937 0.072917
0 0.127344 0.596875 0.062500 0.081250
0 0.737500 0.595833 0.060937 0.081250
0 0.330469 0.594271 0.064062 0.076042
0 0.965625 0.600521 0.076563 0.092708
0 0.791016 0.623437 0.061719 0.082292
0 0.074219 0.644271 0.064062 0.084375
0 0.889062 0.642708 0.062500 0.083333
0 0.321094 0.651042 0.057813 0.068750
0 0.681641 0.650521 0.063281 0.084375
0 0.241016 0.654167 0.066406 0.087500
0 0.137109 0.666667 0.061719 0.091667
0 0.753906 0.686979 0.064062 0.094792
0 0.409766 0.689583 0.058594 0.079167
0 0.342187 0.702604 0.071875 0.082292
0 0.969141 0.704688 0.061719 0.086458
0 0.835938 0.707292 0.060937 0.089583
0 0.919141 0.708854 0.063281 0.090625
0 0.556641 0.714063 0.058594 0.082292
0 0.658594 0.713542 0.062500 0.085417
0 0.172656 0.726562 0.065625 0.080208
0 0.860938 0.729167 0.057813 0.079167
0 0.512109 0.756250 0.064844 0.083333
0 0.337891 0.768229 0.055469 0.080208
0 0.957812 0.770833 0.053125 0.079167
0 0.901563 0.775521 0.060937 0.078125
0 0.403516 0.774479 0.083594 0.094792
0 0.464844 0.782292 0.064062 0.087500
0 0.105859 0.789583 0.064844 0.077083
0 0.154688 0.791146 0.056250 0.080208
0 0.764062 0.793750 0.059375 0.079167
0 0.662500 0.797917 0.059375 0.075000
0 0.576953 0.803646 0.061719 0.082292
0 0.855859 0.822396 0.063281 0.094792
0 0.629297 0.818229 0.055469 0.069792
0 0.207422 0.843750 0.047656 0.081250
0 0.724219 0.848958 0.060937 0.081250
0 0.455859 0.848437 0.058594 0.078125
0 0.108203 0.852083 0.064844 0.079167
0 0.512109 0.853125 0.063281 0.087500
0 0.815625 0.866667 0.053125 0.062500
0 0.617969 0.870313 0.060937 0.078125
0 0.670703 0.891146 0.071094 0.080208
0 0.370312 0.895833 0.060937 0.081250
0 0.788281 0.908333 0.048438 0.072917
0 0.316406 0.938021 0.071875 0.134375
0 0.548828 0.922396 0.066406 0.080208
0 0.395703 0.955729 0.089844 0.098958
0 0.498437 0.957812 0.085938 0.094792
0 0.206250 0.964583 0.081250 0.081250
0 0.965234 0.966146 0.077344 0.078125
0 0.594531 0.966146 0.073438 0.078125
0 0.773828 0.966667 0.064844 0.077083
2 0.669141 0.572396 0.075781 0.101042
3 0.268750 0.389583 0.046875 0.095833
2 0.472266 0.626563 0.075781 0.088542
