0 0.246094 0.279687 0.073438 0.101042
0 0.050000 0.366146 0.087500 0.076042
0 0.900000 0.668750 0.078125 0.075000
0 0.866797 0.723958 0.061719 0.085417
0 0.561719 0.897396 0.054688 0.080208
0 0.493750 0.786979 0.064062 0.080208
0 0.438281 0.337500 0.057813 0.102083
0 0.447656 0.431250 0.057813 0.095833
0 0.530859 0.384896 0.075781 0.084375
0 0.112109 0.127083 0.072656 0.108333
0 0.504687 0.859896 0.068750 0.076042
0 0.769531 0.418750 0.084375 0.081250
0 0.032422 0.079167 0.064844 0.120833
0 0.946875 0.067708 0.098437 0.135417
0 0.292969 0.097917 0.064062 0.087500
0 0.042969 0.110937 0.070312 0.111458
0 0.453516 0.131771 0.058594 0.076042
0 0.920312 0.142187 0.078125 0.082292
0 0.242969 0.146354 0.073438 0.090625
0 0.338281 0.153646 0.075000 0.107292
0 0.402344 0.152083 0.071875 0.102083
0 0.527734 0.173437 0.085156 0.096875
0 0.142187 0.206771 0.079687 0.071875
0 0.281250 0.209375 0.079687 0.085417
0 0.494141 0.211979 0.080469 0.094792
0 0.833203 0.220312 0.082031 0.080208
0 0.398438 0.229167 0.075000 0.091667
0 0.657813 0.242188 0.082812 0.103125
0 0.875391 0.246875 0.075781 0.095833
0 0.731250 0.256250 0.065625 0.087500
0 0.779687 0.244792 0.064062 0.106250
0 0.586328 0.265104 0.074219 0.098958
0 0.373828 0.297396 0.075781 0.082292
0 0.042969 0.292187 0.085938 0.088542
0 0.920703 0.308333 0.063281 0.085417
0 0.620703 0.335417 0.085156 0.075000
0 0.328125 0.341667 0.070312 0.102083
0 0.881250 0.356250 0.065625 0.093750
0 0.793750 0.360417 0.076563 0.095833
0 0.175391 0.376042 0.075781 0.089583
0 0.587891 0.400000 0.060156 0.089583
0 0.630859 0.416667 0.057031 0.095833
0 0.849609 0.425000 0.071094 0.097917
0 0.303125 0.431250 0.078125 0.102083
0 0.368750 0.454167 0.064062 0.097917
0 0.517578 0.459896 0.075781 0.084375
0 0.137500 0.461458 0.070312 0.093750
0 0.254297 0.479687 0.075781 0.105208
0 0.572266 0.475000 0.077344 0.112500
0 0.876563 0.485417 0.067187 0.087500
0 0.502734 0.492708 0.074219 0.083333
0 0.321094 0.511458 0.070312 0.083333
0 0.062500 0.516667 0.073438 0.091667
0 0.173437 0.510938 0.075000 0.090625
0 0.038672 0.544792 0.077344 0.095833
0 0.825391 0.548958 0.077344 0.066667
0 0.459766 0.545312 0.064844 0.098958
0 0.176563 0.568229 0.053125 0.082292
0 0.216016 0.570833 0.050781 0.091667
0 0.258594 0.579688 0.048438 0.094792
0 0.330078 0.580208 0.052344 0.087500
0 0.297266 0.580729 0.057031 0.088542
0 0.385937 0.583333 0.065625 0.085417
0 0.161719 0.603125 0.073438 0.112500
0 0.785156 0.591667 0.082812 0.110417
0 0.635156 0.606771 0.065625 0.094792
0 0.064844 0.610938 0.067187 0.082292
0 0.719141 0.613542 0.074219 0.085417
0 0.440625 0.628646 0.057813 0.092708
0 0.581641 0.648958 0.072656 0.106250
0 0.038281 0.652083 0.076563 0.095833
0 0.125000 0.650000 0.071875 0.102083
0 0.536328 0.662500 0.058594 0.091667
0 0.287500 0.675000 0.075000 0.097917
0 0.219922 0.682813 0.072656 0.098958
0 0.375391 0.680208 0.064844 0.081250
0 0.740234 0.676042 0.088281 0.079167
0 0.256641 0.734375 0.086719 0.093750
0 0.108203 0.734896 0.064844 0.088542
0 0.598828 0.718750 0.066406 0.064583
0 0.599609 0.755208 0.063281 0.075000
0 0.741797 0.751042 0.074219 0.093750
0 0.547266 0.753125 0.074219 0.106250
0 0.813281 0.794271 0.070312 0.082292
0 0.669531 0.806771 0.062500 0.088542
0 0.386719 0.802604 0.082812 0.092708
0 0.708984 0.828646 0.080469 0.094792
0 0.614062 0.837500 0.087500 0.097917
0 0.167187 0.833854 0.065625 0.115625
0 0.315234 0.837500 0.080469 0.095833
0 0.202734 0.859896 0.063281 0.098958
0 0.775391 0.872917 0.064844 0.085417
0 0.132422 0.880729 0.069531 0.107292
0 0.248828 0.882292 0.055469 0.077083
0 0.681641 0.880729 0.075781 0.080208
0 0.383984 0.887500 0.069531 0.110417
0 0.448437 0.893229 0.073438 0.084375
0 0.158203 0.943229 0.064844 0.096875
0 0.730859 0.945833 0.064844 0.083333
0 0.343750 0.954167 0.095312 0.102083
2 0.676172 0.478125 0.086719 0.097917
1 0.732812 0.505208 0.064062 0.091667
2 0.572266 0.480208 0.077344 0.089583
