0 0.376953 0.714583 0.061719 0.089583
0 0.223438 0.887500 0.057813 0.079167
0 0.170313 0.889062 0.056250 0.082292
0 0.931250 0.264062 0.067187 0.103125
0 0.520312 0.296875 0.067187 0.085417
0 0.233984 0.054167 0.063281 0.091667
0 0.294141 0.106771 0.071094 0.088542
0 0.255859 0.142708 0.078906 0.095833
0 0.085938 0.148438 0.064062 0.090625
0 0.248828 0.192708 0.096094 0.087500
0 0.358203 0.196354 0.071094 0.082292
0 0.052344 0.198958 0.064062 0.083333
0 0.224219 0.245312 0.064062 0.084375
0 0.126953 0.244271 0.069531 0.090625
0 0.393359 0.251042 0.069531 0.079167
0 0.275000 0.278646 0.064062 0.088542
0 0.896875 0.300000 0.062500 0.097917
0 0.180859 0.288021 0.066406 0.094792
0 0.085156 0.302604 0.064062 0.088542
0 0.846094 0.306250 0.059375 0.102083
0 0.445312 0.305729 0.073438 0.084375
0 0.793359 0.311979 0.071094 0.101042
0 0.625781 0.308854 0.067187 0.088542
0 0.031250 0.317188 0.062500 0.084375
0 0.693359 0.328125 0.060156 0.089583
0 0.268750 0.345833 0.076563 0.079167
0 0.375781 0.346875 0.060937 0.095833
0 0.736328 0.346354 0.064844 0.101042
0 0.328125 0.361458 0.065625 0.095833
0 0.555469 0.360417 0.070312 0.091667
0 0.442969 0.375521 0.071875 0.088542
0 0.831641 0.386979 0.069531 0.092708
0 0.891016 0.399479 0.071094 0.098958
0 0.081641 0.404167 0.071094 0.097917
0 0.497266 0.411458 0.067969 0.093750
0 0.758984 0.403125 0.077344 0.079167
0 0.141406 0.434375 0.051562 0.072917
0 0.673828 0.439063 0.071094 0.094792
0 0.557031 0.440625 0.068750 0.091667
0 0.357422 0.445833 0.072656 0.095833
0 0.740234 0.458333 0.088281 0.116667
0 0.614453 0.465104 0.066406 0.098958
0 0.853125 0.469271 0.060937 0.096875
0 0.780469 0.489063 0.068750 0.101042
0 0.438672 0.489583 0.066406 0.083333
0 0.116016 0.500521 0.060156 0.111458
0 0.164844 0.504687 0.062500 0.088542
0 0.324219 0.511458 0.065625 0.089583
0 0.070703 0.520833 0.066406 0.095833
0 0.579297 0.522396 0.067969 0.090625
0 0.919531 0.532813 0.068750 0.090625
0 0.218359 0.556771 0.067969 0.090625
0 0.545703 0.578646 0.071094 0.092708
0 0.397266 0.580208 0.061719 0.085417
0 0.161719 0.582812 0.068750 0.101042
0 0.828906 0.583854 0.062500 0.096875
0 0.335547 0.595313 0.066406 0.090625
0 0.116797 0.599479 0.063281 0.082292
0 0.897656 0.605208 0.068750 0.091667
0 0.030078 0.620313 0.060156 0.084375
0 0.214844 0.636979 0.065625 0.092708
0 0.488281 0.632292 0.096875 0.125000
0 0.072266 0.641667 0.069531 0.095833
0 0.773438 0.657292 0.060937 0.116667
0 0.821875 0.664062 0.060937 0.090625
0 0.720313 0.663542 0.070312 0.106250
0 0.654687 0.668750 0.073438 0.087500
0 0.581641 0.667708 0.078906 0.102083
0 0.523438 0.695312 0.076563 0.098958
0 0.148047 0.715104 0.066406 0.090625
0 0.250781 0.735417 0.075000 0.097917
0 0.603516 0.742188 0.071094 0.092708
0 0.561328 0.775521 0.063281 0.103125
0 0.836328 0.770833 0.063281 0.081250
0 0.500391 0.785417 0.064844 0.091667
0 0.785156 0.782813 0.064062 0.092708
0 0.373437 0.793750 0.068750 0.085417
0 0.707422 0.795312 0.074219 0.076042
0 0.156641 0.803125 0.064844 0.095833
0 0.887500 0.805729 0.064062 0.084375
0 0.258984 0.806771 0.067969 0.082292
0 0.929688 0.846875 0.073438 0.075000
0 0.827344 0.858854 0.067187 0.086458
0 0.560547 0.859896 0.077344 0.084375
0 0.745313 0.910417 0.073438 0.097917
0 0.807031 0.951042 0.064062 0.093750
0 0.866797 0.950000 0.063281 0.104167
0 0.323437 0.960417 0.092188 0.089583
0 0.096094 0.961979 0.064062 0.086458
0 0.923828 0.949479 0.066406 0.096875
1 0.722266 0.577604 0.064844 0.092708
