0 0.259766 0.096875 0.058594 0.077083
0 0.438281 0.659896 0.082812 0.086458
0 0.429688 0.725521 0.076563 0.063542
0 0.430469 0.726562 0.078125 0.061458
0 0.757812 0.914583 0.067187 0.083333
0 0.301172 0.163542 0.064844 0.106250
0 0.271484 0.225521 0.060156 0.088542
0 0.249609 0.802083 0.055469 0.072917
0 0.146875 0.893229 0.067187 0.084375
0 0.200781 0.932292 0.070312 0.072917
0 0.258594 0.881771 0.059375 0.086458
0 0.087109 0.806771 0.063281 0.071875
0 0.089844 0.633854 0.082812 0.076042
0 0.795312 0.414583 0.067187 0.085417
0 0.650391 0.055208 0.058594 0.100000
0 0.786719 0.050000 0.071875 0.095833
0 0.588281 0.071875 0.078125 0.095833
0 0.504687 0.072396 0.070312 0.094792
0 0.947266 0.083333 0.052344 0.087500
0 0.181250 0.081250 0.071875 0.087500
0 0.687891 0.093229 0.074219 0.111458
0 0.396094 0.104167 0.062500 0.104167
0 0.089453 0.098958 0.060156 0.077083
0 0.456641 0.108854 0.067969 0.094792
0 0.347656 0.128125 0.067187 0.104167
0 0.731250 0.135937 0.073438 0.096875
0 0.600391 0.150000 0.083594 0.081250
0 0.892188 0.133854 0.070312 0.098958
0 0.823047 0.152604 0.069531 0.090625
0 0.301953 0.182812 0.064844 0.069792
0 0.941797 0.155729 0.083594 0.078125
0 0.190625 0.167708 0.067187 0.083333
0 0.938281 0.221354 0.078125 0.076042
0 0.338672 0.236979 0.066406 0.094792
0 0.219922 0.234375 0.055469 0.089583
0 0.711719 0.241667 0.071875 0.079167
0 0.178516 0.252083 0.063281 0.102083
0 0.446875 0.266667 0.070312 0.104167
0 0.506641 0.272396 0.066406 0.088542
0 0.578906 0.280729 0.070312 0.080208
0 0.957422 0.283333 0.075781 0.089583
0 0.407422 0.317188 0.069531 0.088542
0 0.321875 0.317708 0.067187 0.089583
0 0.264844 0.333333 0.065625 0.089583
0 0.468359 0.334375 0.064844 0.077083
0 0.549609 0.336979 0.094531 0.096875
0 0.182031 0.338021 0.071875 0.082292
0 0.103516 0.371875 0.063281 0.087500
0 0.231641 0.381250 0.067969 0.093750
0 0.568359 0.397917 0.082031 0.087500
0 0.189844 0.419792 0.068750 0.097917
0 0.135156 0.435937 0.070312 0.096875
0 0.422656 0.446354 0.064062 0.098958
0 0.665625 0.446875 0.070312 0.106250
0 0.241016 0.458333 0.071094 0.089583
0 0.593359 0.459896 0.075781 0.096875
0 0.469141 0.465104 0.086719 0.092708
0 0.179297 0.503646 0.071094 0.088542
0 0.269141 0.527083 0.067969 0.091667
0 0.473828 0.535417 0.080469 0.085417
0 0.928516 0.543229 0.066406 0.094792
0 0.588281 0.565625 0.068750 0.085417
0 0.038281 0.575000 0.071875 0.089583
0 0.160547 0.577083 0.088281 0.070833
0 0.726562 0.604688 0.060937 0.076042
0 0.670312 0.601042 0.075000 0.093750
0 0.323437 0.609896 0.082812 0.103125
0 0.200781 0.604688 0.070312 0.096875
0 0.582422 0.627604 0.050781 0.088542
0 0.773438 0.660417 0.056250 0.066667
0 0.512500 0.636458 0.067187 0.118750
0 0.287500 0.651563 0.068750 0.096875
0 0.591797 0.659896 0.063281 0.117708
0 0.201563 0.661979 0.051562 0.078125
0 0.240234 0.669271 0.055469 0.090625
0 0.492578 0.686458 0.055469 0.087500
0 0.179688 0.700000 0.079687 0.108333
0 0.919922 0.703646 0.064844 0.080208
0 0.808984 0.717708 0.067969 0.091667
0 0.497656 0.718229 0.076563 0.067708
0 0.063672 0.744271 0.074219 0.084375
0 0.748437 0.734375 0.065625 0.110417
0 0.487109 0.773438 0.094531 0.076042
0 0.854297 0.754167 0.075781 0.097917
0 0.310156 0.771354 0.065625 0.082292
0 0.704688 0.783333 0.062500 0.093750
0 0.657031 0.802083 0.073438 0.127083
0 0.910156 0.808854 0.079687 0.090625
0 0.813672 0.809375 0.071094 0.095833
0 0.612891 0.828646 0.069531 0.090625
0 0.536719 0.827604 0.071875 0.096875
0 0.482422 0.841146 0.061719 0.090625
0 0.425000 0.843229 0.068750 0.098958
0 0.752344 0.842708 0.070312 0.077083
0 0.033203 0.865625 0.066406 0.091667
0 0.379688 0.884896 0.059375 0.094792
0 0.066797 0.890104 0.066406 0.086458
0 0.814453 0.910417 0.063281 0.116667
0 0.868750 0.926562 0.062500 0.084375
0 0.653125 0.927604 0.065625 0.094792
0 0.460547 0.938542 0.064844 0.112500
0 0.285156 0.937500 0.071875 0.097917
0 0.407031 0.941146 0.067187 0.098958
0 0.583594 0.943750 0.076563 0.075000
0 0.908594 0.951562 0.062500 0.084375
0 0.539453 0.960417 0.096094 0.089583
