0 0.042188 0.473438 0.067187 0.107292
0 0.857422 0.360938 0.064844 0.078125
0 0.335547 0.290104 0.061719 0.080208
0 0.726953 0.202604 0.067969 0.063542
0 0.364063 0.426042 0.054688 0.118750
0 0.888281 0.034375 0.060937 0.068750
0 0.039062 0.041146 0.057813 0.082292
0 0.365625 0.047917 0.065625 0.095833
0 0.575781 0.044271 0.064062 0.088542
0 0.815234 0.043229 0.072656 0.080208
0 0.675000 0.053125 0.056250 0.075000
0 0.147266 0.071354 0.057031 0.078125
0 0.080078 0.074479 0.071094 0.063542
0 0.206641 0.076042 0.064844 0.081250
0 0.327344 0.083333 0.068750 0.087500
0 0.407422 0.093750 0.058594 0.077083
0 0.620313 0.095833 0.064062 0.083333
0 0.778125 0.105729 0.056250 0.078125
0 0.562109 0.105729 0.055469 0.092708
0 0.830078 0.118229 0.060156 0.092708
0 0.723828 0.131250 0.058594 0.079167
0 0.084766 0.135417 0.069531 0.070833
0 0.167969 0.142187 0.054688 0.076042
0 0.265625 0.146354 0.068750 0.086458
0 0.444922 0.148438 0.061719 0.094792
0 0.875000 0.129167 0.060937 0.062500
0 0.510547 0.156771 0.071094 0.092708
0 0.667969 0.163021 0.064062 0.094792
0 0.920312 0.169792 0.060937 0.079167
0 0.392188 0.180208 0.067187 0.100000
0 0.612500 0.194792 0.065625 0.079167
0 0.027734 0.202604 0.055469 0.080208
0 0.319922 0.208854 0.064844 0.082292
0 0.471875 0.216667 0.065625 0.081250
0 0.843359 0.216667 0.063281 0.085417
0 0.093750 0.221875 0.057813 0.079167
0 0.153906 0.234896 0.062500 0.082292
0 0.770312 0.238021 0.068750 0.084375
0 0.219141 0.238021 0.069531 0.094792
0 0.923828 0.242188 0.074219 0.076042
0 0.530859 0.246354 0.063281 0.090625
0 0.610547 0.271354 0.066406 0.078125
0 0.034375 0.277083 0.068750 0.081250
0 0.733203 0.277083 0.060156 0.079167
0 0.441406 0.285938 0.062500 0.088542
0 0.791406 0.306771 0.065625 0.082292
0 0.909766 0.315104 0.064844 0.082292
0 0.171484 0.324479 0.066406 0.090625
0 0.286328 0.330208 0.060156 0.077083
0 0.096484 0.331250 0.066406 0.089583
0 0.400000 0.334375 0.062500 0.081250
0 0.569141 0.333333 0.061719 0.093750
0 0.507812 0.339062 0.064062 0.092708
0 0.631250 0.350000 0.073438 0.102083
0 0.754687 0.348958 0.068750 0.077083
0 0.457422 0.379688 0.061719 0.090625
0 0.219141 0.390625 0.075781 0.100000
0 0.667578 0.400521 0.063281 0.084375
0 0.550000 0.419271 0.064062 0.090625
0 0.735547 0.417708 0.066406 0.081250
0 0.976172 0.432292 0.055469 0.083333
0 0.105078 0.439583 0.067969 0.085417
0 0.848828 0.446354 0.067969 0.086458
0 0.401953 0.449479 0.063281 0.082292
0 0.261719 0.444271 0.064062 0.092708
0 0.311719 0.461458 0.067187 0.085417
0 0.607031 0.461979 0.064062 0.088542
0 0.208594 0.482292 0.065625 0.091667
0 0.707812 0.491146 0.064062 0.080208
0 0.532813 0.509896 0.067187 0.096875
0 0.962109 0.511458 0.063281 0.085417
0 0.094922 0.515104 0.071094 0.090625
0 0.828125 0.515104 0.057813 0.076042
0 0.274609 0.528646 0.067969 0.086458
0 0.626563 0.542708 0.071875 0.085417
0 0.771484 0.559896 0.060156 0.086458
0 0.494141 0.565104 0.060156 0.076042
0 0.706641 0.572917 0.069531 0.083333
0 0.440625 0.598437 0.065625 0.076042
0 0.109375 0.607292 0.059375 0.091667
0 0.913281 0.618229 0.065625 0.088542
0 0.974219 0.619792 0.059375 0.095833
0 0.616406 0.624479 0.064062 0.084375
0 0.483984 0.643229 0.064844 0.088542
0 0.681641 0.644271 0.064844 0.084375
0 0.071094 0.646875 0.064062 0.083333
0 0.821484 0.661458 0.058594 0.097917
0 0.159375 0.654687 0.060937 0.080208
0 0.741016 0.665104 0.077344 0.086458
0 0.415234 0.669792 0.066406 0.087500
0 0.332031 0.678125 0.064062 0.085417
0 0.873828 0.687500 0.063281 0.087500
0 0.957812 0.695833 0.070312 0.081250
0 0.605859 0.697396 0.066406 0.096875
0 0.204297 0.707812 0.067969 0.088542
0 0.785937 0.715625 0.071875 0.085417
0 0.368750 0.715104 0.064062 0.084375
0 0.138281 0.727604 0.060937 0.082292
0 0.287500 0.729167 0.064062 0.083333
0 0.722656 0.743750 0.065625 0.085417
0 0.877734 0.768229 0.058594 0.078125
0 0.063281 0.768750 0.056250 0.077083
0 0.642578 0.775521 0.055469 0.080208
0 0.233203 0.779687 0.064844 0.084375
0 0.800391 0.792188 0.061719 0.082292
0 0.124609 0.805729 0.063281 0.088542
0 0.399219 0.807813 0.068750 0.090625
0 0.693359 0.819271 0.074219 0.088542
0 0.188281 0.824479 0.062500 0.080208
0 0.519141 0.829688 0.077344 0.090625
0 0.911719 0.830729 0.064062 0.082292
0 0.285156 0.834896 0.065625 0.090625
0 0.755078 0.836979 0.061719 0.076042
0 0.053125 0.845833 0.065625 0.083333
0 0.355078 0.852604 0.075781 0.088542
0 0.635547 0.856771 0.066406 0.086458
0 0.833203 0.861458 0.063281 0.081250
0 0.545312 0.905208 0.071875 0.097917
0 0.133594 0.903125 0.068750 0.089583
0 0.197266 0.907813 0.060156 0.086458
0 0.753516 0.915625 0.066406 0.083333
0 0.348828 0.928125 0.069531 0.085417
0 0.414062 0.933333 0.067187 0.089583
0 0.250000 0.941667 0.065625 0.089583
0 0.848047 0.940104 0.063281 0.082292
0 0.658984 0.949479 0.058594 0.086458
0 0.503125 0.950000 0.067187 0.083333
0 0.082422 0.955729 0.060156 0.086458
0 0.584766 0.959896 0.071094 0.090625
0 0.923438 0.969271 0.060937 0.071875
3 0.435937 0.515104 0.084375 0.103125
