0 0.819922 0.804167 0.069531 0.091667
0 0.230469 0.933333 0.075000 0.083333
0 0.727344 0.458333 0.068750 0.083333
0 0.722656 0.380208 0.065625 0.077083
0 0.616406 0.600000 0.065625 0.100000
0 0.167187 0.902083 0.071875 0.089583
0 0.051172 0.572396 0.074219 0.073958
0 0.348438 0.833854 0.064062 0.076042
0 0.309766 0.931771 0.061719 0.086458
0 0.478516 0.066146 0.061719 0.084375
0 0.357031 0.338542 0.064062 0.087500
0 0.342187 0.045312 0.087500 0.090625
0 0.660156 0.055208 0.067187 0.095833
0 0.613672 0.072396 0.060156 0.086458
0 0.883984 0.069792 0.085156 0.095833
0 0.536719 0.086979 0.065625 0.090625
0 0.709375 0.090625 0.068750 0.091667
0 0.037500 0.096354 0.075000 0.101042
0 0.958203 0.098958 0.067969 0.097917
0 0.796484 0.102604 0.067969 0.107292
0 0.316016 0.110417 0.069531 0.093750
0 0.851953 0.119792 0.071094 0.106250
0 0.660156 0.148958 0.064062 0.097917
0 0.077344 0.154167 0.070312 0.087500
0 0.214062 0.158854 0.062500 0.086458
0 0.141016 0.160938 0.071094 0.090625
0 0.725391 0.168750 0.066406 0.097917
0 0.517969 0.176042 0.060937 0.085417
0 0.382031 0.196875 0.068750 0.104167
0 0.468359 0.190625 0.064844 0.104167
0 0.900391 0.192708 0.080469 0.095833
0 0.324219 0.213542 0.070312 0.095833
0 0.751563 0.222917 0.071875 0.087500
0 0.157031 0.236979 0.073438 0.094792
0 0.867188 0.242708 0.089063 0.095833
0 0.704297 0.246354 0.069531 0.084375
0 0.384766 0.274479 0.072656 0.082292
0 0.630078 0.284896 0.072656 0.094792
0 0.523828 0.283854 0.061719 0.090625
0 0.096484 0.292187 0.069531 0.098958
0 0.318359 0.294271 0.053906 0.088542
0 0.700781 0.311979 0.062500 0.080208
0 0.253125 0.303125 0.076563 0.104167
0 0.190234 0.311458 0.066406 0.087500
0 0.887891 0.338021 0.067969 0.084375
0 0.464453 0.351042 0.078906 0.095833
0 0.535547 0.354167 0.063281 0.093750
0 0.400391 0.365104 0.063281 0.088542
0 0.188281 0.379167 0.057813 0.079167
0 0.582031 0.378646 0.076563 0.096875
0 0.320312 0.392188 0.068750 0.098958
0 0.420312 0.398438 0.064062 0.092708
0 0.267578 0.406250 0.074219 0.112500
0 0.892188 0.409375 0.073438 0.089583
0 0.124219 0.410417 0.078125 0.100000
0 0.207422 0.426042 0.088281 0.110417
0 0.491016 0.412500 0.074219 0.085417
0 0.599609 0.434896 0.078906 0.092708
0 0.352734 0.469271 0.069531 0.090625
0 0.482031 0.478646 0.082812 0.080208
0 0.055078 0.473958 0.058594 0.075000
0 0.140234 0.489583 0.071094 0.089583
0 0.862109 0.507292 0.078906 0.118750
0 0.593750 0.505208 0.062500 0.079167
0 0.802734 0.522917 0.064844 0.100000
0 0.930078 0.515625 0.080469 0.097917
0 0.244922 0.519271 0.071094 0.090625
0 0.332813 0.528646 0.070312 0.094792
0 0.696484 0.543750 0.074219 0.089583
0 0.539844 0.549479 0.070312 0.080208
0 0.231250 0.559375 0.065625 0.079167
0 0.939453 0.576562 0.063281 0.076042
0 0.419922 0.585417 0.072656 0.093750
0 0.179297 0.589063 0.072656 0.092708
0 0.874219 0.596354 0.073438 0.090625
0 0.115234 0.627083 0.067969 0.087500
0 0.661719 0.645833 0.064062 0.089583
0 0.273047 0.644792 0.071094 0.091667
0 0.491016 0.651563 0.069531 0.090625
0 0.916406 0.662500 0.046875 0.085417
0 0.378906 0.659896 0.085938 0.121875
0 0.321875 0.671875 0.051562 0.097917
0 0.521875 0.683854 0.059375 0.084375
0 0.391016 0.717708 0.089844 0.114583
0 0.158594 0.729167 0.062500 0.104167
0 0.446094 0.748958 0.076563 0.085417
0 0.195312 0.747396 0.059375 0.090625
0 0.773438 0.750000 0.071875 0.072917
0 0.919922 0.759896 0.082031 0.088542
0 0.119531 0.761979 0.067187 0.098958
0 0.241406 0.748437 0.062500 0.065625
0 0.505078 0.758333 0.069531 0.100000
0 0.622266 0.770312 0.066406 0.092708
0 0.683594 0.772917 0.079687 0.110417
0 0.295312 0.779167 0.067187 0.089583
0 0.598047 0.814583 0.071094 0.095833
0 0.045703 0.806250 0.091406 0.120833
0 0.230859 0.859375 0.072656 0.091667
0 0.787109 0.869271 0.082031 0.109375
0 0.505859 0.864062 0.074219 0.096875
0 0.637891 0.898438 0.075781 0.128125
0 0.066016 0.896354 0.074219 0.096875
0 0.746875 0.906771 0.075000 0.092708
0 0.473828 0.914062 0.067969 0.094792
0 0.564063 0.907813 0.070312 0.105208
0 0.312109 0.964063 0.074219 0.082292
0 0.070703 0.965104 0.063281 0.080208
0 0.962500 0.964063 0.068750 0.082292
0 0.874609 0.964583 0.072656 0.081250
3 0.583203 0.229167 0.075781 0.104167
3 0.711719 0.699479 0.073438 0.088542
1 0.413281 0.820833 0.071875 0.104167
