0 0.085938 0.253646 0.062500 0.096875
0 0.066406 0.335938 0.064062 0.088542
0 0.123047 0.383333 0.071094 0.056250
0 0.154297 0.430208 0.060156 0.060417
0 0.073047 0.411979 0.067969 0.088542
0 0.130469 0.282813 0.064062 0.076042
0 0.231641 0.364063 0.078906 0.086458
0 0.294922 0.362500 0.058594 0.072917
0 0.401172 0.344271 0.046094 0.101042
0 0.353125 0.403646 0.071875 0.061458
0 0.512891 0.627083 0.072656 0.083333
0 0.379688 0.853125 0.062500 0.093750
0 0.240234 0.830729 0.066406 0.084375
0 0.200391 0.870833 0.060156 0.085417
0 0.250781 0.945312 0.073438 0.076042
0 0.266797 0.890625 0.064844 0.085417
0 0.330469 0.898438 0.053125 0.076042
0 0.304297 0.768750 0.061719 0.100000
0 0.354687 0.779167 0.067187 0.087500
0 0.394141 0.616667 0.069531 0.110417
0 0.385156 0.555208 0.084375 0.081250
0 0.525391 0.435937 0.057031 0.073958
0 0.349609 0.486458 0.057031 0.104167
0 0.669531 0.207292 0.082812 0.110417
0 0.800781 0.224479 0.051562 0.105208
0 0.822266 0.271875 0.069531 0.064583
0 0.838281 0.175521 0.060937 0.119792
0 0.882031 0.176563 0.064062 0.067708
0 0.879297 0.111458 0.066406 0.100000
0 0.950391 0.144792 0.072656 0.068750
0 0.912109 0.052604 0.057031 0.071875
0 0.958984 0.042708 0.055469 0.085417
0 0.942187 0.829688 0.046875 0.078125
0 0.951172 0.947396 0.063281 0.073958
0 0.462109 0.531771 0.061719 0.073958
0 0.526563 0.556250 0.068750 0.064583
0 0.136328 0.328125 0.080469 0.075000
0 0.219141 0.302604 0.080469 0.078125
0 0.453516 0.336979 0.055469 0.094792
0 0.283594 0.288021 0.084375 0.090625
0 0.887109 0.295833 0.083594 0.062500
0 0.951562 0.382292 0.070312 0.085417
0 0.475000 0.473438 0.057813 0.088542
0 0.840625 0.043229 0.060937 0.086458
0 0.732812 0.088021 0.067187 0.088542
0 0.069531 0.133854 0.071875 0.094792
0 0.252734 0.138021 0.075781 0.082292
0 0.467187 0.207292 0.065625 0.102083
0 0.745313 0.213542 0.062500 0.093750
0 0.580859 0.217188 0.071094 0.101042
0 0.520703 0.213542 0.058594 0.102083
0 0.258984 0.227604 0.077344 0.084375
0 0.035156 0.237500 0.070312 0.085417
0 0.510547 0.309375 0.071094 0.091667
0 0.609375 0.317708 0.060937 0.093750
0 0.800781 0.322917 0.071875 0.083333
0 0.339844 0.324479 0.065625 0.103125
0 0.559375 0.329167 0.062500 0.097917
0 0.869141 0.356771 0.072656 0.080208
0 0.589063 0.399479 0.068750 0.086458
0 0.848437 0.444271 0.051562 0.063542
0 0.296875 0.453646 0.060937 0.096875
0 0.569922 0.494792 0.066406 0.102083
0 0.335156 0.594792 0.073438 0.089583
0 0.294531 0.628125 0.054688 0.097917
0 0.453516 0.696354 0.085156 0.092708
0 0.335547 0.686979 0.061719 0.098958
0 0.271094 0.724479 0.068750 0.098958
0 0.396875 0.728646 0.059375 0.088542
0 0.196875 0.760417 0.065625 0.104167
0 0.472656 0.755729 0.085938 0.092708
0 0.173437 0.913542 0.073438 0.110417
0 0.377734 0.929688 0.069531 0.094792
0 0.884766 0.953646 0.061719 0.084375
3 0.430078 0.423438 0.083594 0.101042
