0 0.067187 0.249479 0.056250 0.094792
0 0.904687 0.652083 0.057813 0.106250
0 0.593750 0.074479 0.057813 0.090625
0 0.332422 0.032292 0.091406 0.064583
0 0.089063 0.040625 0.059375 0.081250
0 0.742969 0.039583 0.071875 0.079167
0 0.889062 0.045312 0.073438 0.088542
0 0.972656 0.047396 0.062500 0.086458
0 0.830469 0.063542 0.064062 0.083333
0 0.537891 0.065625 0.063281 0.081250
0 0.450000 0.070833 0.068750 0.087500
0 0.033984 0.075000 0.067969 0.100000
0 0.208594 0.072396 0.067187 0.082292
0 0.694531 0.079167 0.071875 0.095833
0 0.314063 0.103646 0.067187 0.086458
0 0.373828 0.122396 0.063281 0.088542
0 0.740234 0.128646 0.069531 0.092708
0 0.089844 0.140104 0.064062 0.090625
0 0.434375 0.139063 0.071875 0.082292
0 0.667578 0.139063 0.055469 0.084375
0 0.049609 0.161979 0.057031 0.088542
0 0.920312 0.160938 0.068750 0.098958
0 0.131250 0.199479 0.053125 0.080208
0 0.381641 0.213542 0.067969 0.093750
0 0.720703 0.212500 0.057031 0.093750
0 0.230859 0.214583 0.064844 0.087500
0 0.887109 0.232813 0.064844 0.084375
0 0.485938 0.242188 0.070312 0.088542
0 0.112500 0.255208 0.057813 0.110417
0 0.833984 0.268750 0.066406 0.068750
0 0.161328 0.300521 0.066406 0.086458
0 0.391406 0.300521 0.060937 0.084375
0 0.319141 0.303646 0.063281 0.084375
0 0.780078 0.307292 0.069531 0.093750
0 0.954297 0.306250 0.067969 0.091667
0 0.698828 0.318750 0.074219 0.104167
0 0.498047 0.323958 0.061719 0.083333
0 0.261328 0.332813 0.060156 0.092708
0 0.894922 0.341667 0.067969 0.081250
0 0.036719 0.354167 0.073438 0.097917
0 0.216406 0.358854 0.073438 0.086458
0 0.350781 0.385417 0.067187 0.091667
0 0.764453 0.384896 0.060156 0.082292
0 0.920703 0.386979 0.071094 0.084375
0 0.091797 0.390104 0.061719 0.088542
0 0.543359 0.398958 0.064844 0.083333
0 0.409375 0.419271 0.075000 0.090625
0 0.513672 0.440104 0.069531 0.090625
0 0.694531 0.454688 0.065625 0.092708
0 0.245703 0.459896 0.061719 0.088542
0 0.839844 0.463542 0.064062 0.087500
0 0.317578 0.476562 0.055469 0.098958
0 0.363281 0.476042 0.060937 0.089583
0 0.127344 0.485417 0.062500 0.083333
0 0.897656 0.497917 0.065625 0.091667
0 0.557031 0.508333 0.064062 0.091667
0 0.052734 0.513021 0.075781 0.088542
0 0.739453 0.531771 0.069531 0.094792
0 0.176563 0.529167 0.068750 0.095833
0 0.624609 0.542708 0.069531 0.095833
0 0.356641 0.563542 0.071094 0.085417
0 0.247266 0.573438 0.060156 0.105208
0 0.848437 0.590104 0.064062 0.092708
0 0.644141 0.613542 0.072656 0.085417
0 0.210938 0.613542 0.067187 0.095833
0 0.296484 0.618750 0.067969 0.091667
0 0.375000 0.656771 0.062500 0.084375
0 0.564063 0.673438 0.059375 0.096875
0 0.242578 0.688542 0.069531 0.087500
0 0.160156 0.693229 0.059375 0.088542
0 0.614062 0.688542 0.068750 0.093750
0 0.708203 0.694271 0.063281 0.082292
0 0.509375 0.708854 0.062500 0.078125
0 0.448437 0.722396 0.059375 0.078125
0 0.405859 0.743750 0.060156 0.087500
0 0.113281 0.745313 0.064062 0.084375
0 0.682813 0.752604 0.067187 0.088542
0 0.852344 0.757812 0.071875 0.078125
0 0.232422 0.772396 0.063281 0.086458
0 0.756250 0.783333 0.073438 0.087500
0 0.903516 0.784896 0.069531 0.088542
0 0.356641 0.783333 0.058594 0.079167
0 0.555078 0.800000 0.052344 0.085417
0 0.111719 0.825000 0.060937 0.083333
0 0.280469 0.835938 0.062500 0.082292
0 0.875391 0.851562 0.072656 0.101042
0 0.614453 0.850521 0.071094 0.078125
0 0.514062 0.855729 0.070312 0.094792
0 0.204687 0.863542 0.071875 0.095833
0 0.370703 0.863542 0.067969 0.089583
0 0.766016 0.865625 0.061719 0.083333
0 0.071875 0.869792 0.065625 0.093750
0 0.460547 0.877604 0.063281 0.086458
0 0.830078 0.879167 0.066406 0.091667
0 0.733594 0.894271 0.062500 0.080208
0 0.530078 0.916667 0.052344 0.085417
0 0.623047 0.929167 0.067969 0.089583
0 0.312500 0.944271 0.065625 0.086458
0 0.190625 0.947917 0.078125 0.085417
0 0.820703 0.959896 0.058594 0.086458
0 0.720313 0.967708 0.068750 0.075000
0 0.582422 0.966146 0.066406 0.078125
2 0.450781 0.635417 0.081250 0.114583
2 0.407813 0.583333 0.087500 0.097917
