0 0.041016 0.863542 0.061719 0.091667
0 0.954688 0.708854 0.068750 0.090625
0 0.702734 0.041146 0.082031 0.082292
0 0.051562 0.041667 0.065625 0.083333
0 0.642969 0.051042 0.064062 0.102083
0 0.967969 0.042708 0.065625 0.085417
0 0.824219 0.050000 0.060937 0.081250
0 0.108984 0.056250 0.063281 0.079167
0 0.232813 0.071875 0.056250 0.100000
0 0.914453 0.063021 0.066406 0.090625
0 0.417187 0.065104 0.068750 0.092708
0 0.529687 0.066667 0.065625 0.083333
0 0.292578 0.069792 0.066406 0.081250
0 0.670703 0.091667 0.071094 0.091667
0 0.473828 0.092188 0.064844 0.090625
0 0.599219 0.099479 0.065625 0.086458
0 0.734766 0.097396 0.061719 0.092708
0 0.960547 0.098437 0.055469 0.078125
0 0.795312 0.104167 0.065625 0.087500
0 0.048438 0.114062 0.062500 0.090625
0 0.140234 0.113021 0.063281 0.084375
0 0.381641 0.116667 0.058594 0.083333
0 0.326562 0.130729 0.065625 0.088542
0 0.855469 0.136979 0.068750 0.086458
0 0.553125 0.145833 0.065625 0.087500
0 0.093750 0.151562 0.065625 0.090625
0 0.204687 0.156250 0.070312 0.085417
0 0.451953 0.163542 0.057031 0.079167
0 0.405469 0.186458 0.062500 0.085417
0 0.152344 0.193229 0.070312 0.090625
0 0.031641 0.193750 0.063281 0.089583
0 0.510156 0.200000 0.070312 0.102083
0 0.875781 0.212500 0.060937 0.095833
0 0.927734 0.221354 0.060156 0.094792
0 0.075781 0.229167 0.075000 0.089583
0 0.208984 0.235417 0.063281 0.079167
0 0.463672 0.246354 0.075781 0.094792
0 0.283984 0.251563 0.067969 0.090625
0 0.540234 0.282292 0.067969 0.093750
0 0.030469 0.280208 0.060937 0.087500
0 0.950781 0.291667 0.070312 0.085417
0 0.355469 0.295312 0.068750 0.084375
0 0.069141 0.307812 0.060156 0.082292
0 0.441016 0.310937 0.069531 0.088542
0 0.495703 0.318229 0.063281 0.084375
0 0.188281 0.336458 0.057813 0.077083
0 0.916016 0.352083 0.069531 0.079167
0 0.396484 0.347396 0.071094 0.103125
0 0.317188 0.364063 0.068750 0.090625
0 0.080469 0.389062 0.065625 0.082292
0 0.245312 0.394271 0.067187 0.086458
0 0.864453 0.397396 0.052344 0.082292
0 0.496484 0.401042 0.071094 0.083333
0 0.437109 0.396354 0.072656 0.090625
0 0.337891 0.441667 0.072656 0.089583
0 0.473047 0.448958 0.050781 0.091667
0 0.276953 0.450000 0.060156 0.091667
0 0.525781 0.464583 0.064062 0.083333
0 0.880469 0.466146 0.070312 0.088542
0 0.115625 0.470833 0.070312 0.093750
0 0.218750 0.471354 0.067187 0.096875
0 0.402734 0.486458 0.061719 0.104167
0 0.953125 0.500521 0.065625 0.103125
0 0.319141 0.510417 0.071094 0.079167
0 0.160547 0.502604 0.069531 0.111458
0 0.063672 0.509896 0.074219 0.088542
0 0.453125 0.522917 0.065625 0.085417
0 0.507422 0.523958 0.066406 0.095833
0 0.253125 0.526042 0.060937 0.075000
0 0.858984 0.529167 0.058594 0.077083
0 0.195312 0.550000 0.060937 0.081250
0 0.907813 0.532813 0.060937 0.071875
0 0.048047 0.578646 0.096094 0.113542
0 0.773438 0.579167 0.079687 0.089583
0 0.129688 0.582812 0.075000 0.082292
0 0.309375 0.578646 0.068750 0.080208
0 0.964063 0.580729 0.067187 0.084375
0 0.535156 0.586458 0.067187 0.083333
0 0.238281 0.592187 0.062500 0.084375
0 0.616797 0.619271 0.053906 0.101042
0 0.413672 0.603646 0.061719 0.080208
0 0.673438 0.608854 0.071875 0.090625
0 0.479297 0.627083 0.058594 0.085417
0 0.184375 0.625521 0.068750 0.086458
0 0.806250 0.625000 0.071875 0.083333
0 0.571094 0.635417 0.064062 0.085417
0 0.726953 0.638021 0.069531 0.092708
0 0.046094 0.648438 0.067187 0.086458
0 0.105859 0.651563 0.067969 0.090625
0 0.380859 0.669792 0.061719 0.087500
0 0.676562 0.677604 0.062500 0.080208
0 0.897656 0.692187 0.054688 0.090625
0 0.548828 0.687500 0.078906 0.087500
0 0.625781 0.705208 0.071875 0.085417
0 0.154297 0.701042 0.069531 0.091667
0 0.439453 0.714063 0.058594 0.080208
0 0.494531 0.722917 0.062500 0.093750
0 0.927344 0.754687 0.057813 0.073958
0 0.539062 0.764062 0.073438 0.086458
0 0.612109 0.773438 0.061719 0.078125
0 0.446094 0.791146 0.065625 0.086458
0 0.499609 0.818229 0.058594 0.105208
0 0.946484 0.823958 0.067969 0.087500
0 0.891406 0.826562 0.053125 0.103125
0 0.554688 0.833333 0.060937 0.083333
0 0.142969 0.843229 0.068750 0.098958
0 0.605469 0.852083 0.059375 0.079167
0 0.462500 0.870313 0.071875 0.094792
0 0.091016 0.878646 0.067969 0.101042
0 0.401562 0.889583 0.065625 0.095833
0 0.530859 0.902083 0.072656 0.085417
0 0.587891 0.923958 0.060156 0.089583
0 0.641406 0.925521 0.056250 0.086458
0 0.112500 0.955208 0.067187 0.100000
0 0.430859 0.951042 0.072656 0.085417
0 0.056250 0.953646 0.059375 0.078125
0 0.970703 0.955729 0.066406 0.076042
0 0.365625 0.961979 0.064062 0.086458
0 0.175000 0.966667 0.071875 0.077083
1 0.459375 0.448958 0.076563 0.085417
1 0.929688 0.433333 0.071875 0.079167
