0 0.459375 0.188542 0.065625 0.075000
0 0.176953 0.254688 0.078906 0.086458
0 0.366406 0.310937 0.090625 0.086458
0 0.052344 0.446354 0.056250 0.071875
0 0.433984 0.107292 0.053906 0.100000
0 0.375391 0.631250 0.083594 0.064583
0 0.429297 0.037500 0.058594 0.075000
0 0.794141 0.042188 0.064844 0.084375
0 0.322266 0.042708 0.067969 0.085417
0 0.569141 0.057292 0.058594 0.077083
0 0.737891 0.054688 0.058594 0.076042
0 0.943750 0.061979 0.078125 0.078125
0 0.096094 0.070312 0.050000 0.067708
0 0.270313 0.068229 0.050000 0.088542
0 0.844141 0.084896 0.063281 0.076042
0 0.387891 0.086979 0.061719 0.080208
0 0.212500 0.088021 0.065625 0.086458
0 0.679688 0.093750 0.060937 0.085417
0 0.145313 0.095312 0.067187 0.090625
0 0.525000 0.095833 0.065625 0.087500
0 0.324219 0.110417 0.071875 0.079167
0 0.049219 0.118750 0.056250 0.072917
0 0.476953 0.118229 0.064844 0.092708
0 0.721875 0.124479 0.062500 0.078125
0 0.975391 0.125000 0.057031 0.085417
0 0.098047 0.135937 0.057031 0.073958
0 0.779297 0.135417 0.066406 0.091667
0 0.886328 0.137500 0.061719 0.079167
0 0.555469 0.149479 0.082812 0.082292
0 0.357031 0.150000 0.070312 0.075000
0 0.161328 0.157292 0.077344 0.095833
0 0.291406 0.154167 0.068750 0.089583
0 0.934766 0.179688 0.069531 0.078125
0 0.112109 0.214583 0.071094 0.091667
0 0.564453 0.219271 0.071094 0.082292
0 0.347656 0.220312 0.075000 0.073958
0 0.685937 0.231771 0.057813 0.088542
0 0.768750 0.243750 0.057813 0.083333
0 0.826562 0.246875 0.062500 0.083333
0 0.258203 0.255208 0.066406 0.083333
0 0.923828 0.259896 0.067969 0.080208
0 0.495312 0.258854 0.067187 0.080208
0 0.644141 0.273438 0.075781 0.086458
0 0.972266 0.276562 0.063281 0.078125
0 0.317578 0.283854 0.066406 0.084375
0 0.726953 0.292187 0.067969 0.082292
0 0.555859 0.294792 0.082031 0.085417
0 0.103906 0.290625 0.065625 0.093750
0 0.187109 0.319792 0.061719 0.077083
0 0.835547 0.326562 0.072656 0.082292
0 0.626172 0.344271 0.061719 0.071875
0 0.909375 0.341667 0.073438 0.089583
0 0.975000 0.343229 0.057813 0.076042
0 0.055859 0.358333 0.061719 0.087500
0 0.387500 0.353646 0.062500 0.084375
0 0.528516 0.355729 0.058594 0.084375
0 0.475781 0.366146 0.056250 0.090625
0 0.270313 0.365625 0.064062 0.081250
0 0.661719 0.377604 0.068750 0.096875
0 0.127734 0.378646 0.066406 0.092708
0 0.860547 0.395833 0.058594 0.085417
0 0.178906 0.392188 0.064062 0.076042
0 0.583203 0.398438 0.078906 0.071875
0 0.433203 0.398438 0.063281 0.107292
0 0.805859 0.408854 0.067969 0.096875
0 0.914453 0.422396 0.072656 0.078125
0 0.507812 0.426563 0.067187 0.080208
0 0.232031 0.431250 0.071875 0.085417
0 0.375391 0.434896 0.067969 0.082292
0 0.698438 0.435417 0.067187 0.089583
0 0.118750 0.451042 0.053125 0.087500
0 0.173828 0.464583 0.063281 0.083333
0 0.624609 0.468750 0.067969 0.083333
0 0.553516 0.469271 0.061719 0.082292
0 0.746094 0.479167 0.065625 0.091667
0 0.457422 0.479167 0.067969 0.081250
0 0.889453 0.486979 0.067969 0.082292
0 0.334375 0.493750 0.059375 0.079167
0 0.092188 0.503646 0.073438 0.080208
0 0.238281 0.500521 0.082812 0.080208
0 0.664062 0.500000 0.068750 0.081250
0 0.837109 0.526563 0.067969 0.084375
0 0.703516 0.529167 0.063281 0.087500
0 0.776172 0.546875 0.061719 0.083333
0 0.278125 0.539583 0.073438 0.093750
0 0.499219 0.564063 0.062500 0.094792
0 0.369141 0.563542 0.069531 0.093750
0 0.435547 0.566146 0.066406 0.101042
0 0.640234 0.568750 0.063281 0.066667
0 0.561719 0.571354 0.065625 0.084375
0 0.116406 0.577604 0.071875 0.082292
0 0.901953 0.597396 0.055469 0.098958
0 0.313672 0.595313 0.061719 0.088542
0 0.964844 0.578125 0.078125 0.131250
0 0.720703 0.610417 0.067969 0.093750
0 0.844531 0.607292 0.062500 0.083333
0 0.275391 0.636979 0.082031 0.088542
0 0.785156 0.628646 0.064062 0.076042
0 0.476172 0.630729 0.063281 0.086458
0 0.671875 0.637500 0.060937 0.085417
0 0.536328 0.639062 0.064844 0.090625
0 0.203516 0.653125 0.060156 0.087500
0 0.613281 0.647917 0.064062 0.091667
0 0.972656 0.670833 0.062500 0.070833
0 0.712891 0.689063 0.061719 0.071875
0 0.251563 0.694792 0.073438 0.089583
0 0.521094 0.704167 0.075000 0.072917
0 0.307812 0.717708 0.064062 0.091667
0 0.663281 0.720833 0.062500 0.077083
0 0.573828 0.745313 0.064844 0.080208
0 0.259375 0.773438 0.071875 0.080208
0 0.705469 0.779687 0.067187 0.086458
0 0.449609 0.853125 0.063281 0.087500
0 0.714063 0.865104 0.062500 0.078125
0 0.769531 0.882292 0.071875 0.095833
0 0.821875 0.898958 0.062500 0.072917
0 0.675391 0.900521 0.057031 0.071875
0 0.948438 0.900521 0.057813 0.067708
0 0.888672 0.897917 0.066406 0.085417
0 0.347266 0.921354 0.053906 0.076042
0 0.293750 0.922917 0.060937 0.093750
0 0.455469 0.930208 0.068750 0.072917
0 0.796484 0.928646 0.049219 0.065625
0 0.725391 0.952604 0.074219 0.101042
0 0.842969 0.955729 0.067187 0.090625
0 0.904687 0.964063 0.068750 0.082292
0 0.531641 0.965104 0.067969 0.080208
0 0.667578 0.968229 0.066406 0.073958
4 0.607422 0.110417 0.092969 0.112500
