0 0.151172 0.389062 0.071094 0.080208
0 0.853906 0.624479 0.059375 0.094792
0 0.315234 0.079167 0.066406 0.087500
0 0.952344 0.219792 0.057813 0.085417
0 0.848828 0.947396 0.058594 0.082292
0 0.707031 0.422917 0.059375 0.081250
0 0.035547 0.124479 0.058594 0.090625
0 0.419922 0.058854 0.057031 0.096875
0 0.207422 0.438021 0.072656 0.061458
0 0.043750 0.323958 0.064062 0.110417
0 0.505859 0.711979 0.080469 0.080208
0 0.467969 0.803125 0.054688 0.093750
0 0.842969 0.038542 0.056250 0.077083
0 0.343750 0.040104 0.067187 0.080208
0 0.185938 0.047917 0.059375 0.095833
0 0.623047 0.043750 0.066406 0.087500
0 0.884375 0.057813 0.059375 0.088542
0 0.125000 0.060937 0.073438 0.082292
0 0.478125 0.069271 0.059375 0.080208
0 0.242188 0.076042 0.071875 0.077083
0 0.576953 0.118750 0.069531 0.093750
0 0.744141 0.122917 0.066406 0.087500
0 0.348047 0.134896 0.055469 0.065625
0 0.221484 0.134375 0.071094 0.087500
0 0.144531 0.138542 0.078125 0.077083
0 0.088281 0.136979 0.057813 0.084375
0 0.635547 0.150521 0.053906 0.073958
0 0.688672 0.170313 0.077344 0.076042
0 0.296875 0.190625 0.059375 0.085417
0 0.379688 0.189583 0.070312 0.077083
0 0.586328 0.188542 0.069531 0.081250
0 0.678125 0.232813 0.071875 0.080208
0 0.453906 0.251563 0.062500 0.098958
0 0.842578 0.246875 0.069531 0.081250
0 0.903516 0.251563 0.055469 0.076042
0 0.332422 0.254167 0.061719 0.075000
0 0.751563 0.253125 0.059375 0.081250
0 0.513672 0.261979 0.063281 0.080208
0 0.393750 0.286979 0.079687 0.103125
0 0.965625 0.290104 0.062500 0.082292
0 0.327344 0.326042 0.067187 0.085417
0 0.528125 0.322396 0.067187 0.094792
0 0.099609 0.333333 0.060156 0.085417
0 0.854688 0.331250 0.076563 0.102083
0 0.439063 0.333854 0.065625 0.082292
0 0.745703 0.342187 0.050781 0.103125
0 0.218359 0.361458 0.066406 0.091667
0 0.389453 0.361458 0.066406 0.077083
0 0.787109 0.365104 0.061719 0.076042
0 0.565625 0.361458 0.070312 0.102083
0 0.940625 0.425521 0.064062 0.086458
0 0.619531 0.427083 0.065625 0.089583
0 0.780078 0.432292 0.064844 0.089583
0 0.383203 0.436458 0.061719 0.083333
0 0.303125 0.440104 0.062500 0.090625
0 0.067969 0.452604 0.068750 0.092708
0 0.584375 0.466667 0.067187 0.085417
0 0.527734 0.482812 0.060156 0.082292
0 0.670312 0.479687 0.081250 0.084375
0 0.234766 0.479687 0.060156 0.063542
0 0.348438 0.495833 0.070312 0.081250
0 0.813672 0.510417 0.071094 0.081250
0 0.880859 0.507812 0.067969 0.084375
0 0.254688 0.524479 0.085938 0.076042
0 0.591406 0.542708 0.067187 0.089583
0 0.661719 0.552604 0.085938 0.084375
0 0.499219 0.565104 0.073438 0.090625
0 0.179297 0.575000 0.072656 0.085417
0 0.077344 0.578125 0.067187 0.072917
0 0.808594 0.582812 0.065625 0.084375
0 0.719141 0.607292 0.077344 0.102083
0 0.651172 0.623437 0.067969 0.088542
0 0.242188 0.644271 0.068750 0.082292
0 0.187891 0.648958 0.063281 0.085417
0 0.476172 0.646354 0.069531 0.101042
0 0.357422 0.678646 0.061719 0.073958
0 0.418359 0.681771 0.064844 0.094792
0 0.517578 0.667708 0.094531 0.100000
0 0.906641 0.712500 0.067969 0.093750
0 0.219531 0.713021 0.073438 0.090625
0 0.575000 0.729167 0.059375 0.081250
0 0.728125 0.733333 0.062500 0.083333
0 0.961328 0.738542 0.058594 0.075000
0 0.428125 0.763542 0.059375 0.083333
0 0.060156 0.773958 0.070312 0.089583
0 0.324219 0.781250 0.070312 0.087500
0 0.221484 0.796354 0.072656 0.082292
0 0.894141 0.801562 0.057031 0.080208
0 0.649609 0.808333 0.060156 0.120833
0 0.608203 0.820312 0.072656 0.101042
0 0.973047 0.831771 0.061719 0.084375
0 0.399609 0.832812 0.082031 0.094792
0 0.694922 0.827083 0.066406 0.095833
0 0.030859 0.844792 0.061719 0.089583
0 0.130078 0.846875 0.061719 0.095833
0 0.253516 0.845313 0.057031 0.071875
0 0.508984 0.844792 0.077344 0.083333
0 0.814063 0.865104 0.056250 0.094792
0 0.756641 0.868750 0.066406 0.108333
0 0.541406 0.880208 0.065625 0.102083
0 0.704688 0.889583 0.062500 0.081250
0 0.902344 0.897917 0.067187 0.070833
0 0.370703 0.920833 0.071094 0.091667
0 0.040625 0.927083 0.064062 0.075000
0 0.458594 0.929688 0.065625 0.076042
0 0.796484 0.959375 0.071094 0.085417
0 0.624609 0.963021 0.071094 0.084375
1 0.141016 0.211979 0.066406 0.082292
1 0.655859 0.710417 0.064844 0.081250
