0 0.160156 0.237500 0.057813 0.079167
0 0.318359 0.876563 0.058594 0.073958
0 0.055078 0.118229 0.061719 0.078125
0 0.369531 0.035937 0.073438 0.071875
0 0.156641 0.054688 0.060156 0.082292
0 0.537891 0.078646 0.061719 0.082292
0 0.866406 0.066667 0.096875 0.133333
0 0.787109 0.085417 0.063281 0.081250
0 0.961719 0.094271 0.084375 0.084375
0 0.620703 0.113021 0.053906 0.086458
0 0.465234 0.111458 0.064844 0.077083
0 0.150391 0.121875 0.064844 0.085417
0 0.713281 0.122396 0.060937 0.084375
0 0.665234 0.118229 0.060156 0.103125
0 0.573438 0.126562 0.056250 0.086458
0 0.384766 0.132292 0.067969 0.089583
0 0.517188 0.143750 0.067187 0.083333
0 0.762891 0.153646 0.055469 0.094792
0 0.825391 0.158333 0.060156 0.083333
0 0.113672 0.164583 0.058594 0.081250
0 0.202734 0.170833 0.063281 0.081250
0 0.050781 0.182292 0.059375 0.072917
0 0.602344 0.194271 0.060937 0.084375
0 0.718359 0.195833 0.057031 0.083333
0 0.947656 0.200521 0.060937 0.080208
0 0.505469 0.208333 0.057813 0.079167
0 0.552344 0.223438 0.059375 0.084375
0 0.891406 0.225000 0.064062 0.089583
0 0.763281 0.226042 0.051562 0.083333
0 0.839453 0.239063 0.064844 0.096875
0 0.057813 0.239583 0.059375 0.075000
0 0.936719 0.254688 0.075000 0.113542
0 0.617969 0.269271 0.059375 0.084375
0 0.267188 0.278125 0.062500 0.062500
0 0.686719 0.300521 0.067187 0.084375
0 0.057813 0.304688 0.059375 0.086458
0 0.462109 0.315625 0.064844 0.083333
0 0.825781 0.311979 0.057813 0.084375
0 0.271094 0.330208 0.054688 0.075000
0 0.733203 0.329167 0.069531 0.081250
0 0.310937 0.328646 0.059375 0.092708
0 0.640625 0.338542 0.062500 0.100000
0 0.251953 0.343229 0.063281 0.094792
0 0.885547 0.349479 0.057031 0.080208
0 0.105859 0.358854 0.066406 0.090625
0 0.030078 0.378646 0.060156 0.086458
0 0.566797 0.390625 0.061719 0.081250
0 0.614453 0.407292 0.058594 0.081250
0 0.457422 0.414583 0.061719 0.081250
0 0.271094 0.416146 0.059375 0.067708
0 0.745703 0.421354 0.085156 0.069792
0 0.213281 0.440104 0.062500 0.090625
0 0.167578 0.439583 0.053906 0.066667
0 0.062891 0.444271 0.057031 0.069792
0 0.334375 0.457813 0.070312 0.094792
0 0.571094 0.470833 0.057813 0.072917
0 0.705469 0.479167 0.067187 0.083333
0 0.280078 0.490104 0.058594 0.082292
0 0.367969 0.514583 0.060937 0.095833
0 0.650391 0.517188 0.057031 0.080208
0 0.067969 0.520833 0.056250 0.079167
0 0.483984 0.517188 0.053906 0.082292
0 0.790625 0.538542 0.057813 0.079167
0 0.442578 0.548438 0.060156 0.086458
0 0.950000 0.546354 0.059375 0.080208
0 0.200391 0.548438 0.066406 0.086458
0 0.259375 0.557292 0.062500 0.085417
0 0.546094 0.566146 0.062500 0.082292
0 0.085156 0.582812 0.062500 0.086458
0 0.597656 0.595833 0.060937 0.079167
0 0.411328 0.610938 0.063281 0.082292
0 0.826953 0.614583 0.060156 0.081250
0 0.325391 0.635938 0.063281 0.082292
0 0.125781 0.648958 0.064062 0.085417
0 0.873437 0.660417 0.065625 0.093750
0 0.500391 0.676042 0.057031 0.085417
0 0.176563 0.675000 0.060937 0.081250
0 0.977344 0.679688 0.053125 0.082292
0 0.358984 0.690104 0.058594 0.082292
0 0.925000 0.693229 0.057813 0.076042
0 0.309375 0.725000 0.060937 0.085417
0 0.817187 0.728646 0.064062 0.078125
0 0.222656 0.730208 0.065625 0.089583
0 0.407813 0.733333 0.064062 0.081250
0 0.866797 0.734896 0.058594 0.086458
0 0.527344 0.738021 0.056250 0.069792
0 0.766406 0.747917 0.062500 0.077083
0 0.102734 0.759375 0.058594 0.083333
0 0.148438 0.760417 0.056250 0.085417
0 0.587891 0.760417 0.057031 0.079167
0 0.445703 0.781771 0.069531 0.082292
0 0.894922 0.798438 0.069531 0.090625
0 0.842578 0.798438 0.058594 0.073958
0 0.249609 0.798958 0.058594 0.085417
0 0.502734 0.809896 0.064844 0.090625
0 0.951953 0.815104 0.067969 0.084375
0 0.672266 0.849479 0.063281 0.082292
0 0.095312 0.852604 0.062500 0.078125
0 0.741797 0.861979 0.061719 0.092708
0 0.227734 0.863021 0.064844 0.082292
0 0.417969 0.875000 0.057813 0.081250
0 0.139844 0.884896 0.059375 0.078125
0 0.626563 0.885417 0.057813 0.081250
0 0.055469 0.896875 0.057813 0.077083
0 0.523047 0.900000 0.058594 0.077083
0 0.263281 0.910417 0.067187 0.081250
0 0.897656 0.915625 0.062500 0.077083
0 0.369922 0.931771 0.061719 0.080208
0 0.717969 0.947396 0.065625 0.115625
0 0.575000 0.935417 0.059375 0.083333
0 0.792578 0.941667 0.071094 0.085417
0 0.228906 0.955729 0.065625 0.098958
0 0.119922 0.948438 0.058594 0.073958
0 0.446094 0.957292 0.095312 0.095833
0 0.066797 0.961979 0.064844 0.086458
0 0.660937 0.969792 0.056250 0.070833
3 0.588281 0.669792 0.057813 0.091667
