0 0.527344 0.503646 0.071875 0.090625
0 0.896875 0.771354 0.070312 0.086458
0 0.312891 0.677604 0.066406 0.082292
0 0.793359 0.113542 0.063281 0.087500
0 0.742969 0.620833 0.059375 0.079167
0 0.549609 0.042188 0.069531 0.084375
0 0.787109 0.039583 0.063281 0.079167
0 0.339062 0.038021 0.068750 0.076042
0 0.868750 0.046354 0.071875 0.092708
0 0.181641 0.046875 0.071094 0.081250
0 0.969922 0.048438 0.067969 0.090625
0 0.403516 0.060417 0.063281 0.085417
0 0.682813 0.060937 0.065625 0.086458
0 0.260156 0.062500 0.059375 0.081250
0 0.461328 0.073438 0.063281 0.090625
0 0.033594 0.090625 0.067187 0.083333
0 0.587500 0.094271 0.064062 0.084375
0 0.314453 0.105208 0.071094 0.087500
0 0.499219 0.107292 0.067187 0.077083
0 0.899609 0.115625 0.063281 0.087500
0 0.713281 0.123958 0.064062 0.070833
0 0.376953 0.124479 0.057031 0.078125
0 0.188281 0.126042 0.068750 0.087500
0 0.841406 0.128646 0.059375 0.076042
0 0.950000 0.153125 0.064062 0.083333
0 0.653125 0.155208 0.068750 0.075000
0 0.571875 0.170833 0.062500 0.081250
0 0.291406 0.172396 0.075000 0.090625
0 0.505469 0.180729 0.067187 0.084375
0 0.063672 0.189062 0.066406 0.082292
0 0.394922 0.193229 0.061719 0.080208
0 0.799609 0.194271 0.071094 0.082292
0 0.731250 0.200000 0.060937 0.079167
0 0.176172 0.216146 0.066406 0.088542
0 0.917578 0.223958 0.066406 0.087500
0 0.442578 0.230208 0.072656 0.091667
0 0.653125 0.233333 0.064062 0.085417
0 0.326172 0.238542 0.061719 0.083333
0 0.840625 0.245312 0.070312 0.080208
0 0.235547 0.243750 0.066406 0.079167
0 0.128125 0.262500 0.060937 0.077083
0 0.498047 0.262500 0.061719 0.083333
0 0.594141 0.267708 0.067969 0.085417
0 0.046094 0.268229 0.073438 0.094792
0 0.706641 0.269792 0.061719 0.077083
0 0.964844 0.282292 0.064062 0.085417
0 0.278125 0.285417 0.068750 0.087500
0 0.385937 0.290625 0.067187 0.087500
0 0.749609 0.308854 0.071094 0.086458
0 0.166406 0.314583 0.064062 0.083333
0 0.226953 0.330729 0.061719 0.076042
0 0.563281 0.331771 0.067187 0.080208
0 0.925391 0.339062 0.066406 0.092708
0 0.103516 0.344792 0.061719 0.085417
0 0.493750 0.345833 0.067187 0.085417
0 0.632812 0.356771 0.059375 0.078125
0 0.303516 0.358333 0.066406 0.089583
0 0.834766 0.375000 0.064844 0.085417
0 0.714063 0.375521 0.062500 0.084375
0 0.425781 0.401562 0.068750 0.094792
0 0.889844 0.400000 0.060937 0.077083
0 0.208984 0.401562 0.066406 0.084375
0 0.558203 0.409375 0.074219 0.083333
0 0.960547 0.409375 0.055469 0.079167
0 0.034766 0.407292 0.069531 0.077083
0 0.760547 0.425000 0.064844 0.085417
0 0.075000 0.429688 0.071875 0.084375
0 0.250781 0.439583 0.076563 0.087500
0 0.803906 0.451562 0.046875 0.080208
0 0.381641 0.461979 0.069531 0.090625
0 0.591016 0.468229 0.066406 0.084375
0 0.883203 0.474479 0.064844 0.080208
0 0.458594 0.479167 0.073438 0.085417
0 0.963281 0.484896 0.060937 0.078125
0 0.662109 0.490625 0.078906 0.083333
0 0.042188 0.490104 0.070312 0.082292
0 0.241797 0.506771 0.063281 0.078125
0 0.324219 0.504687 0.075000 0.090625
0 0.175000 0.518229 0.067187 0.086458
0 0.801562 0.522396 0.070312 0.080208
0 0.102734 0.535937 0.064844 0.082292
0 0.028125 0.546354 0.056250 0.084375
0 0.444922 0.547917 0.069531 0.081250
0 0.707031 0.550000 0.064062 0.087500
0 0.935547 0.550000 0.063281 0.083333
0 0.565625 0.570833 0.073438 0.091667
0 0.267188 0.573958 0.065625 0.085417
0 0.652344 0.588542 0.070312 0.093750
0 0.329688 0.591146 0.071875 0.088542
0 0.785547 0.592187 0.063281 0.088542
0 0.846875 0.596875 0.065625 0.091667
0 0.187109 0.600000 0.058594 0.077083
0 0.037500 0.621875 0.068750 0.087500
0 0.116797 0.618229 0.063281 0.082292
0 0.433984 0.618750 0.066406 0.077083
0 0.513672 0.639583 0.066406 0.093750
0 0.592187 0.635938 0.067187 0.078125
0 0.239844 0.645833 0.065625 0.087500
0 0.976172 0.664062 0.055469 0.084375
0 0.783203 0.668750 0.072656 0.077083
0 0.154297 0.673438 0.074219 0.088542
0 0.388281 0.680208 0.071875 0.089583
0 0.066797 0.680208 0.057031 0.070833
0 0.864844 0.683854 0.068750 0.086458
0 0.928125 0.713021 0.070312 0.078125
0 0.781250 0.742188 0.060937 0.082292
0 0.071484 0.747396 0.053906 0.073958
0 0.128516 0.745833 0.072656 0.091667
0 0.302344 0.751563 0.065625 0.084375
0 0.413672 0.756250 0.075781 0.100000
0 0.667578 0.765104 0.071094 0.090625
0 0.501953 0.777083 0.063281 0.087500
0 0.188281 0.786979 0.071875 0.092708
0 0.607031 0.793750 0.068750 0.087500
0 0.033594 0.803646 0.067187 0.088542
0 0.086719 0.814063 0.065625 0.088542
0 0.369531 0.819792 0.059375 0.077083
0 0.450000 0.829167 0.067187 0.089583
0 0.290234 0.828646 0.064844 0.084375
0 0.787891 0.832812 0.060156 0.092708
0 0.621875 0.872917 0.068750 0.087500
0 0.108984 0.878125 0.061719 0.079167
0 0.482812 0.885938 0.059375 0.076042
0 0.250000 0.896875 0.060937 0.081250
0 0.828906 0.901563 0.070312 0.092708
0 0.173047 0.912500 0.066406 0.089583
0 0.308984 0.924479 0.066406 0.086458
0 0.053516 0.931771 0.067969 0.084375
0 0.369141 0.934375 0.063281 0.093750
0 0.695312 0.943229 0.065625 0.086458
0 0.121094 0.953646 0.062500 0.080208
0 0.525391 0.956250 0.064844 0.079167
0 0.925391 0.940104 0.066406 0.082292
0 0.464062 0.958333 0.065625 0.089583
0 0.227734 0.960938 0.066406 0.084375
4 0.631250 0.694792 0.106250 0.118750
