0 0.164062 0.310417 0.048438 0.083333
0 0.408984 0.894792 0.064844 0.100000
0 0.414062 0.798438 0.065625 0.084375
0 0.616797 0.907813 0.071094 0.086458
0 0.626953 0.532292 0.061719 0.077083
0 0.332813 0.172396 0.084375 0.067708
0 0.336719 0.238542 0.089063 0.083333
0 0.807813 0.051042 0.056250 0.083333
0 0.906641 0.055208 0.050781 0.077083
0 0.932813 0.330729 0.067187 0.096875
0 0.120703 0.044792 0.069531 0.087500
0 0.351172 0.063542 0.067969 0.097917
0 0.254297 0.071354 0.064844 0.084375
0 0.182812 0.095312 0.068750 0.086458
0 0.298438 0.097396 0.062500 0.086458
0 0.747656 0.110937 0.059375 0.069792
0 0.868359 0.121875 0.071094 0.083333
0 0.050781 0.122396 0.065625 0.090625
0 0.476562 0.133333 0.056250 0.097917
0 0.640234 0.131771 0.066406 0.092708
0 0.953516 0.144271 0.067969 0.088542
0 0.744922 0.169271 0.063281 0.078125
0 0.508203 0.168750 0.063281 0.087500
0 0.165625 0.172396 0.065625 0.094792
0 0.562500 0.177604 0.051562 0.096875
0 0.863672 0.185417 0.066406 0.075000
0 0.232422 0.196875 0.064844 0.085417
0 0.448047 0.196354 0.060156 0.096875
0 0.093359 0.204687 0.075781 0.090625
0 0.875781 0.239063 0.067187 0.076042
0 0.606250 0.234896 0.060937 0.080208
0 0.744531 0.243750 0.065625 0.083333
0 0.028516 0.286979 0.057031 0.088542
0 0.283594 0.297917 0.065625 0.089583
0 0.077734 0.314583 0.058594 0.085417
0 0.737109 0.316667 0.063281 0.087500
0 0.787891 0.326562 0.063281 0.080208
0 0.523047 0.355208 0.064844 0.097917
0 0.714063 0.363542 0.053125 0.079167
0 0.032813 0.369792 0.065625 0.089583
0 0.812891 0.391667 0.063281 0.083333
0 0.600000 0.398958 0.059375 0.072917
0 0.475781 0.398958 0.073438 0.097917
0 0.670312 0.400000 0.070312 0.085417
0 0.917969 0.412500 0.059375 0.093750
0 0.871484 0.408333 0.057031 0.083333
0 0.750000 0.415104 0.064062 0.084375
0 0.367969 0.408333 0.065625 0.104167
0 0.114844 0.418229 0.067187 0.092708
0 0.267188 0.421354 0.065625 0.096875
0 0.558984 0.418750 0.066406 0.085417
0 0.408594 0.435417 0.068750 0.087500
0 0.325000 0.452604 0.075000 0.078125
0 0.032813 0.464583 0.065625 0.093750
0 0.650781 0.469271 0.082812 0.084375
0 0.212891 0.473438 0.067969 0.084375
0 0.929688 0.480208 0.059375 0.072917
0 0.812500 0.489063 0.067187 0.105208
0 0.357031 0.511979 0.068750 0.090625
0 0.285156 0.511458 0.067187 0.097917
0 0.848047 0.528646 0.069531 0.094792
0 0.059375 0.532292 0.062500 0.077083
0 0.582422 0.537500 0.063281 0.095833
0 0.181250 0.541667 0.067187 0.087500
0 0.773047 0.550000 0.083594 0.089583
0 0.453125 0.576562 0.065625 0.094792
0 0.892578 0.576562 0.071094 0.096875
0 0.792578 0.606250 0.083594 0.062500
0 0.293359 0.606250 0.061719 0.087500
0 0.412500 0.606771 0.067187 0.094792
0 0.053516 0.609896 0.061719 0.090625
0 0.720703 0.605729 0.063281 0.103125
0 0.221094 0.621875 0.067187 0.091667
0 0.680469 0.625521 0.051562 0.071875
0 0.938672 0.633333 0.067969 0.089583
0 0.107422 0.650000 0.085156 0.083333
0 0.366406 0.674479 0.068750 0.086458
0 0.280859 0.680729 0.067969 0.086458
0 0.719922 0.684896 0.067969 0.086458
0 0.648828 0.686979 0.064844 0.090625
0 0.488672 0.697396 0.069531 0.090625
0 0.545312 0.708854 0.068750 0.098958
0 0.102344 0.716667 0.064062 0.083333
0 0.903516 0.717187 0.063281 0.107292
0 0.836719 0.731771 0.065625 0.101042
0 0.172656 0.747396 0.067187 0.092708
0 0.602344 0.751563 0.070312 0.086458
0 0.302344 0.764583 0.056250 0.083333
0 0.361719 0.761458 0.057813 0.095833
0 0.493359 0.793750 0.069531 0.091667
0 0.944141 0.796875 0.072656 0.089583
0 0.235156 0.802604 0.067187 0.086458
0 0.874609 0.803125 0.067969 0.095833
0 0.594922 0.810937 0.063281 0.076042
0 0.687500 0.840625 0.065625 0.093750
0 0.563281 0.873437 0.062500 0.092708
0 0.265625 0.890104 0.050000 0.092708
0 0.306641 0.897917 0.055469 0.102083
0 0.723828 0.913021 0.067969 0.084375
0 0.471484 0.918229 0.071094 0.094792
0 0.820312 0.921354 0.062500 0.086458
0 0.223438 0.940104 0.064062 0.082292
0 0.167969 0.950521 0.053125 0.086458
0 0.124609 0.954688 0.057031 0.094792
2 0.440625 0.483854 0.085938 0.096875
