0 0.709766 0.142187 0.088281 0.076042
0 0.714453 0.061458 0.069531 0.075000
0 0.742578 0.191667 0.057031 0.087500
0 0.325781 0.868229 0.068750 0.092708
0 0.301953 0.950000 0.058594 0.083333
0 0.141016 0.934375 0.088281 0.064583
0 0.137500 0.873958 0.078125 0.091667
0 0.685156 0.839583 0.057813 0.085417
0 0.224219 0.097396 0.071875 0.092708
0 0.187891 0.161979 0.072656 0.090625
0 0.336719 0.049479 0.065625 0.088542
0 0.782813 0.114583 0.062500 0.102083
0 0.241406 0.464583 0.060937 0.100000
0 0.976953 0.654687 0.046094 0.107292
0 0.662891 0.966146 0.064844 0.067708
0 0.285156 0.034896 0.059375 0.069792
0 0.037109 0.049479 0.060156 0.086458
0 0.861328 0.054167 0.066406 0.085417
0 0.558984 0.054688 0.063281 0.103125
0 0.517578 0.069792 0.055469 0.087500
0 0.653906 0.067187 0.059375 0.086458
0 0.094531 0.096875 0.064062 0.091667
0 0.155469 0.102604 0.062500 0.086458
0 0.626563 0.109375 0.065625 0.091667
0 0.045703 0.139063 0.058594 0.088542
0 0.302734 0.135417 0.060156 0.093750
0 0.532813 0.150000 0.064062 0.091667
0 0.258203 0.156250 0.061719 0.083333
0 0.442578 0.157812 0.060156 0.080208
0 0.366016 0.165104 0.063281 0.092708
0 0.834375 0.176563 0.064062 0.092708
0 0.078906 0.179688 0.062500 0.086458
0 0.494531 0.195312 0.065625 0.092708
0 0.684766 0.213542 0.063281 0.085417
0 0.264062 0.231250 0.071875 0.089583
0 0.621875 0.231771 0.067187 0.090625
0 0.168750 0.232292 0.067187 0.091667
0 0.913672 0.241667 0.060156 0.085417
0 0.088281 0.254167 0.057813 0.072917
0 0.529687 0.256771 0.071875 0.082292
0 0.763281 0.259896 0.067187 0.092708
0 0.138672 0.279167 0.069531 0.097917
0 0.719922 0.288021 0.064844 0.092708
0 0.604297 0.289062 0.053906 0.086458
0 0.419141 0.304167 0.058594 0.085417
0 0.275000 0.306771 0.071875 0.076042
0 0.785547 0.339583 0.064844 0.083333
0 0.842578 0.349479 0.057031 0.071875
0 0.076172 0.369271 0.055469 0.082292
0 0.299609 0.380208 0.074219 0.085417
0 0.686328 0.388542 0.067969 0.087500
0 0.958594 0.389583 0.060937 0.097917
0 0.858203 0.399479 0.064844 0.094792
0 0.512109 0.403646 0.066406 0.088542
0 0.460547 0.406771 0.060156 0.078125
0 0.173437 0.406250 0.092188 0.097917
0 0.908594 0.411458 0.056250 0.102083
0 0.339844 0.425521 0.065625 0.088542
0 0.593750 0.427083 0.056250 0.089583
0 0.633594 0.448437 0.053125 0.090625
0 0.180859 0.469792 0.058594 0.064583
0 0.301563 0.475000 0.070312 0.085417
0 0.951562 0.464583 0.062500 0.106250
0 0.421875 0.483854 0.056250 0.080208
0 0.471094 0.488542 0.067187 0.093750
0 0.128906 0.504687 0.064062 0.109375
0 0.842187 0.502604 0.060937 0.090625
0 0.378906 0.516146 0.060937 0.084375
0 0.773438 0.526563 0.065625 0.090625
0 0.078516 0.531771 0.058594 0.090625
0 0.168750 0.531771 0.062500 0.092708
0 0.324219 0.548438 0.079687 0.090625
0 0.685547 0.548438 0.066406 0.101042
0 0.291797 0.569792 0.067969 0.085417
0 0.201953 0.584375 0.069531 0.087500
0 0.531250 0.578125 0.060937 0.104167
0 0.063672 0.589583 0.061719 0.083333
0 0.385156 0.584375 0.056250 0.110417
0 0.425000 0.585417 0.050000 0.087500
0 0.875391 0.594792 0.061719 0.089583
0 0.578906 0.593750 0.059375 0.091667
0 0.653906 0.602604 0.070312 0.086458
0 0.475000 0.610938 0.065625 0.090625
0 0.171875 0.619271 0.079687 0.090625
0 0.809375 0.617708 0.060937 0.093750
0 0.749609 0.636458 0.066406 0.087500
0 0.692969 0.640104 0.070312 0.092708
0 0.417969 0.658854 0.059375 0.090625
0 0.490625 0.671875 0.079687 0.089583
0 0.333203 0.675000 0.052344 0.085417
0 0.287891 0.682292 0.063281 0.091667
0 0.861719 0.684896 0.062500 0.090625
0 0.163672 0.677083 0.078906 0.077083
0 0.366016 0.681250 0.072656 0.087500
0 0.158203 0.724479 0.064844 0.065625
0 0.898828 0.721354 0.067969 0.094792
0 0.688672 0.721875 0.069531 0.089583
0 0.244922 0.729688 0.061719 0.082292
0 0.760938 0.732812 0.070312 0.103125
0 0.358984 0.746875 0.071094 0.077083
0 0.543750 0.744792 0.067187 0.097917
0 0.597656 0.747917 0.065625 0.097917
0 0.971875 0.805208 0.064062 0.122917
0 0.155469 0.780729 0.065625 0.088542
0 0.207031 0.791667 0.062500 0.091667
0 0.457813 0.801562 0.062500 0.096875
0 0.501172 0.797917 0.050781 0.118750
0 0.787109 0.814583 0.064844 0.087500
0 0.543750 0.841667 0.053125 0.081250
0 0.583594 0.855208 0.054688 0.100000
0 0.032813 0.858333 0.059375 0.083333
0 0.261719 0.879167 0.070312 0.072917
0 0.196875 0.878646 0.064062 0.092708
0 0.082812 0.880729 0.053125 0.088542
0 0.398828 0.902604 0.064844 0.080208
0 0.689844 0.907292 0.059375 0.093750
0 0.511328 0.900000 0.058594 0.085417
0 0.524219 0.947396 0.085938 0.115625
0 0.587109 0.947917 0.064844 0.104167
2 0.505469 0.334375 0.084375 0.108333
1 0.636719 0.826042 0.064062 0.085417
