0 0.253516 0.606250 0.058594 0.087500
0 0.230859 0.575000 0.050781 0.068750
0 0.801562 0.036458 0.062500 0.072917
0 0.539844 0.034896 0.057813 0.069792
0 0.378906 0.040625 0.068750 0.081250
0 0.594141 0.036979 0.057031 0.073958
0 0.310547 0.043229 0.063281 0.080208
0 0.491406 0.046354 0.064062 0.092708
0 0.933203 0.055208 0.066406 0.079167
0 0.752344 0.059375 0.059375 0.072917
0 0.693359 0.077604 0.066406 0.082292
0 0.054688 0.088021 0.065625 0.084375
0 0.219922 0.090104 0.064844 0.082292
0 0.540625 0.096354 0.059375 0.078125
0 0.891406 0.107813 0.067187 0.096875
0 0.420703 0.112500 0.064844 0.085417
0 0.781250 0.125000 0.062500 0.091667
0 0.325391 0.122917 0.071094 0.093750
0 0.618750 0.143229 0.065625 0.084375
0 0.268359 0.151042 0.061719 0.085417
0 0.125781 0.152083 0.064062 0.081250
0 0.692969 0.154167 0.062500 0.075000
0 0.830469 0.157292 0.068750 0.085417
0 0.075391 0.155208 0.060156 0.083333
0 0.467969 0.164583 0.070312 0.095833
0 0.937109 0.159375 0.058594 0.085417
0 0.199609 0.165104 0.067969 0.088542
0 0.557031 0.166146 0.065625 0.080208
0 0.880078 0.200000 0.066406 0.085417
0 0.775781 0.211458 0.057813 0.081250
0 0.715625 0.215625 0.065625 0.081250
0 0.157812 0.217708 0.076563 0.102083
0 0.619141 0.230729 0.069531 0.094792
0 0.026172 0.195833 0.052344 0.125000
0 0.261328 0.230729 0.066406 0.082292
0 0.318750 0.237500 0.073438 0.085417
0 0.070312 0.239063 0.068750 0.096875
0 0.906250 0.270833 0.059375 0.085417
0 0.111328 0.279687 0.061719 0.086458
0 0.565625 0.279687 0.060937 0.090625
0 0.961328 0.278125 0.060156 0.075000
0 0.502344 0.277604 0.064062 0.088542
0 0.646875 0.281771 0.064062 0.084375
0 0.803906 0.284375 0.059375 0.081250
0 0.744141 0.288021 0.066406 0.090625
0 0.351953 0.306250 0.063281 0.095833
0 0.166016 0.309896 0.064844 0.084375
0 0.305078 0.320312 0.055469 0.082292
0 0.253516 0.334896 0.061719 0.088542
0 0.073438 0.336458 0.062500 0.097917
0 0.682422 0.342708 0.061719 0.077083
0 0.587500 0.340625 0.057813 0.072917
0 0.448437 0.342187 0.071875 0.084375
0 0.969141 0.348958 0.063281 0.083333
0 0.188672 0.350521 0.063281 0.084375
0 0.388672 0.353646 0.063281 0.090625
0 0.510547 0.359375 0.064844 0.081250
0 0.835547 0.360417 0.061719 0.083333
0 0.909375 0.364063 0.064062 0.086458
0 0.775000 0.364583 0.062500 0.081250
0 0.637891 0.377604 0.064844 0.082292
0 0.423047 0.392708 0.053906 0.079167
0 0.724609 0.383333 0.058594 0.091667
0 0.139063 0.393229 0.056250 0.088542
0 0.333594 0.404167 0.064062 0.085417
0 0.555078 0.404167 0.072656 0.091667
0 0.270313 0.407813 0.060937 0.084375
0 0.101562 0.411979 0.057813 0.086458
0 0.874219 0.425000 0.064062 0.087500
0 0.373047 0.438542 0.066406 0.085417
0 0.614453 0.439583 0.066406 0.087500
0 0.679688 0.445312 0.064062 0.084375
0 0.936328 0.447917 0.067969 0.089583
0 0.221484 0.450000 0.067969 0.083333
0 0.815625 0.454167 0.064062 0.089583
0 0.489844 0.459896 0.065625 0.084375
0 0.428906 0.472917 0.064062 0.085417
0 0.154688 0.484896 0.056250 0.084375
0 0.243750 0.491667 0.065625 0.081250
0 0.050391 0.492708 0.069531 0.085417
0 0.328906 0.495312 0.059375 0.088542
0 0.553906 0.493229 0.071875 0.090625
0 0.105078 0.517188 0.061719 0.086458
0 0.634766 0.516146 0.060156 0.082292
0 0.913672 0.522917 0.063281 0.083333
0 0.301172 0.523958 0.053906 0.081250
0 0.498437 0.534375 0.067187 0.089583
0 0.853125 0.536979 0.062500 0.082292
0 0.793359 0.535937 0.061719 0.088542
0 0.394922 0.547917 0.064844 0.089583
0 0.162891 0.561458 0.080469 0.085417
0 0.590625 0.562500 0.065625 0.077083
0 0.040234 0.591146 0.080469 0.132292
0 0.339453 0.573958 0.061719 0.081250
0 0.438672 0.588542 0.057031 0.077083
0 0.067578 0.602083 0.058594 0.085417
0 0.672266 0.603125 0.066406 0.093750
0 0.300781 0.605208 0.059375 0.089583
0 0.583203 0.629687 0.067969 0.088542
0 0.929297 0.630208 0.063281 0.091667
0 0.731250 0.638542 0.065625 0.085417
0 0.455859 0.646875 0.061719 0.079167
0 0.365234 0.644792 0.063281 0.097917
0 0.878125 0.651042 0.053125 0.089583
0 0.841406 0.672396 0.065625 0.096875
0 0.664453 0.709375 0.067969 0.089583
0 0.569531 0.713021 0.064062 0.090625
0 0.430859 0.719792 0.067969 0.095833
0 0.800781 0.727083 0.059375 0.079167
0 0.378125 0.734896 0.064062 0.082292
0 0.953125 0.743229 0.065625 0.092708
0 0.892578 0.748437 0.063281 0.084375
0 0.717969 0.759896 0.064062 0.088542
0 0.299219 0.767708 0.062500 0.085417
0 0.602344 0.781771 0.073438 0.086458
0 0.160547 0.782292 0.063281 0.116667
0 0.787891 0.806771 0.061719 0.082292
0 0.350000 0.809375 0.064062 0.093750
0 0.066016 0.820833 0.057031 0.091667
0 0.198047 0.819792 0.064844 0.083333
0 0.430859 0.819792 0.064844 0.079167
0 0.870313 0.828125 0.062500 0.085417
0 0.104297 0.830729 0.053906 0.084375
0 0.512109 0.839583 0.072656 0.089583
0 0.921875 0.846875 0.057813 0.075000
0 0.705859 0.852604 0.071094 0.090625
0 0.569141 0.871354 0.069531 0.096875
0 0.041797 0.870833 0.069531 0.089583
0 0.636719 0.877083 0.073438 0.097917
0 0.125781 0.881771 0.064062 0.080208
0 0.395703 0.883854 0.057031 0.076042
0 0.300781 0.887500 0.062500 0.085417
0 0.835547 0.884896 0.064844 0.088542
0 0.754687 0.896354 0.068750 0.094792
0 0.211719 0.889583 0.078125 0.077083
0 0.458984 0.914062 0.067969 0.092708
0 0.200781 0.936458 0.065625 0.068750
0 0.349219 0.936979 0.065625 0.084375
0 0.505859 0.943750 0.064844 0.091667
0 0.102734 0.948438 0.058594 0.088542
0 0.569531 0.948438 0.068750 0.088542
0 0.946484 0.950521 0.060156 0.082292
0 0.143750 0.965625 0.068750 0.079167
0 0.291016 0.966667 0.061719 0.077083
0 0.903125 0.967708 0.064062 0.075000
2 0.729297 0.539062 0.083594 0.113542
2 0.173047 0.673438 0.075781 0.105208
2 0.458203 0.254167 0.069531 0.120833
