0 0.753516 0.975000 0.046094 0.050000
0 0.048438 0.328125 0.064062 0.087500
0 0.604688 0.895833 0.067187 0.089583
0 0.953125 0.865625 0.067187 0.075000
0 0.844531 0.040625 0.068750 0.081250
0 0.196094 0.044271 0.096875 0.088542
0 0.777734 0.056250 0.063281 0.112500
0 0.917578 0.044792 0.064844 0.089583
0 0.118750 0.095833 0.075000 0.093750
0 0.235937 0.115104 0.068750 0.096875
0 0.184766 0.175521 0.069531 0.088542
0 0.714453 0.197396 0.071094 0.086458
0 0.946484 0.200521 0.066406 0.103125
0 0.047266 0.220312 0.066406 0.090625
0 0.103516 0.239063 0.071094 0.090625
0 0.164062 0.240625 0.075000 0.091667
0 0.658984 0.246875 0.066406 0.087500
0 0.033594 0.268750 0.067187 0.081250
0 0.230469 0.282292 0.054688 0.093750
0 0.739453 0.280729 0.074219 0.101042
0 0.186719 0.289583 0.056250 0.118750
0 0.891406 0.292187 0.068750 0.088542
0 0.438672 0.382812 0.064844 0.103125
0 0.945312 0.390625 0.068750 0.085417
0 0.758203 0.393750 0.067969 0.095833
0 0.383203 0.429167 0.063281 0.081250
0 0.613672 0.428646 0.064844 0.082292
0 0.086719 0.433854 0.064062 0.090625
0 0.142969 0.439063 0.073438 0.088542
0 0.742188 0.472917 0.071875 0.095833
0 0.671875 0.485417 0.075000 0.087500
0 0.342969 0.500000 0.073438 0.087500
0 0.514453 0.530729 0.067969 0.092708
0 0.458203 0.538542 0.069531 0.110417
0 0.969922 0.557813 0.067969 0.096875
0 0.111328 0.559896 0.066406 0.096875
0 0.409375 0.560937 0.075000 0.092708
0 0.577734 0.586458 0.066406 0.085417
0 0.039062 0.591146 0.065625 0.090625
0 0.625781 0.623437 0.067187 0.082292
0 0.950781 0.629167 0.070312 0.091667
0 0.765625 0.633333 0.062500 0.093750
0 0.473047 0.640625 0.057031 0.089583
0 0.526953 0.654687 0.075781 0.096875
0 0.891797 0.656250 0.071094 0.089583
0 0.178516 0.675000 0.064844 0.083333
0 0.125781 0.693229 0.064062 0.090625
0 0.857031 0.703125 0.071875 0.093750
0 0.420312 0.722396 0.073438 0.092708
0 0.725000 0.731771 0.065625 0.092708
0 0.469141 0.740104 0.066406 0.098958
0 0.905859 0.745313 0.066406 0.084375
0 0.798828 0.746875 0.064844 0.077083
0 0.058984 0.747396 0.075781 0.096875
0 0.373828 0.752083 0.061719 0.085417
0 0.319141 0.760938 0.066406 0.084375
0 0.218750 0.759896 0.071875 0.086458
0 0.505469 0.778125 0.059375 0.100000
0 0.552734 0.770833 0.058594 0.106250
0 0.117578 0.850000 0.066406 0.079167
0 0.567578 0.838021 0.066406 0.067708
0 0.834766 0.861458 0.061719 0.089583
0 0.778125 0.883333 0.064062 0.083333
0 0.681641 0.887500 0.060156 0.083333
0 0.354687 0.913021 0.062500 0.094792
0 0.853516 0.922396 0.049219 0.082292
0 0.103516 0.922917 0.074219 0.100000
0 0.400781 0.948438 0.090625 0.113542
0 0.045703 0.947396 0.091406 0.115625
0 0.140234 0.962500 0.063281 0.085417
0 0.210547 0.960938 0.066406 0.088542
2 0.416797 0.640625 0.083594 0.102083
