0 0.119922 0.120833 0.074219 0.072917
0 0.151953 0.039583 0.066406 0.064583
0 0.224219 0.391667 0.056250 0.085417
0 0.184375 0.454167 0.067187 0.085417
0 0.123828 0.437500 0.072656 0.070833
0 0.552344 0.482292 0.068750 0.062500
0 0.947266 0.057813 0.066406 0.071875
0 0.081641 0.729167 0.066406 0.093750
0 0.603906 0.894271 0.067187 0.067708
0 0.319141 0.945833 0.061719 0.060417
0 0.672656 0.946875 0.064062 0.087500
0 0.920312 0.644271 0.056250 0.073958
0 0.618750 0.772396 0.056250 0.084375
0 0.278906 0.633854 0.056250 0.082292
0 0.742969 0.039583 0.089063 0.079167
0 0.339453 0.041146 0.099219 0.082292
0 0.599609 0.046354 0.078906 0.092708
0 0.674219 0.045312 0.070312 0.090625
0 0.419531 0.042708 0.068750 0.085417
0 0.091016 0.050521 0.074219 0.101042
0 0.034766 0.042188 0.069531 0.084375
0 0.648438 0.078646 0.053125 0.082292
0 0.241797 0.081250 0.047656 0.087500
0 0.780469 0.084896 0.067187 0.082292
0 0.203906 0.089583 0.054688 0.095833
0 0.856641 0.092188 0.067969 0.082292
0 0.436328 0.095833 0.063281 0.097917
0 0.555859 0.107813 0.067969 0.094792
0 0.505469 0.129688 0.081250 0.134375
0 0.381641 0.135417 0.058594 0.083333
0 0.864844 0.152604 0.062500 0.076042
0 0.316016 0.150521 0.064844 0.088542
0 0.919531 0.158333 0.067187 0.127083
0 0.796875 0.161458 0.059375 0.102083
0 0.421875 0.175521 0.073438 0.094792
0 0.182812 0.184375 0.060937 0.087500
0 0.233984 0.188021 0.064844 0.086458
0 0.828125 0.208854 0.060937 0.094792
0 0.041016 0.205729 0.061719 0.084375
0 0.579688 0.210417 0.062500 0.089583
0 0.681250 0.209375 0.067187 0.095833
0 0.451172 0.213542 0.061719 0.095833
0 0.750000 0.215625 0.064062 0.089583
0 0.099609 0.217188 0.061719 0.088542
0 0.631641 0.213021 0.057031 0.094792
0 0.288281 0.218229 0.068750 0.086458
0 0.026953 0.228646 0.053906 0.086458
0 0.876563 0.239063 0.062500 0.084375
0 0.125391 0.259375 0.072656 0.079167
0 0.184766 0.259375 0.061719 0.093750
0 0.701953 0.261979 0.066406 0.088542
0 0.301172 0.264583 0.052344 0.081250
0 0.344141 0.264583 0.057031 0.093750
0 0.250391 0.272917 0.064844 0.083333
0 0.474609 0.283333 0.064844 0.097917
0 0.919141 0.288542 0.075781 0.087500
0 0.402734 0.291146 0.067969 0.080208
0 0.640234 0.297396 0.061719 0.078125
0 0.588672 0.308333 0.064844 0.095833
0 0.737500 0.322917 0.065625 0.091667
0 0.800000 0.333854 0.065625 0.092708
0 0.916406 0.352604 0.065625 0.071875
0 0.414453 0.350521 0.071094 0.071875
0 0.070312 0.356771 0.064062 0.117708
0 0.333594 0.372396 0.051562 0.073958
0 0.757031 0.372917 0.060937 0.070833
0 0.640234 0.393229 0.055469 0.082292
0 0.287891 0.386458 0.074219 0.114583
0 0.694141 0.394271 0.071094 0.090625
0 0.037500 0.386458 0.075000 0.114583
0 0.846875 0.400521 0.073438 0.094792
0 0.416797 0.409896 0.057031 0.080208
0 0.407422 0.436979 0.057031 0.103125
0 0.968750 0.438021 0.070312 0.096875
0 0.356250 0.441146 0.070312 0.121875
0 0.754297 0.465104 0.067969 0.088542
0 0.274609 0.465104 0.074219 0.076042
0 0.668750 0.465625 0.067187 0.087500
0 0.912891 0.453646 0.061719 0.107292
0 0.821094 0.482292 0.062500 0.066667
0 0.129297 0.498437 0.071094 0.084375
0 0.226562 0.513021 0.057813 0.082292
0 0.450781 0.519792 0.082812 0.083333
0 0.938281 0.523438 0.067187 0.094792
0 0.669141 0.534896 0.066406 0.084375
0 0.823047 0.538021 0.066406 0.078125
0 0.196484 0.534375 0.064844 0.089583
0 0.114062 0.549479 0.070312 0.071875
0 0.551172 0.547917 0.058594 0.091667
0 0.051172 0.557813 0.063281 0.086458
0 0.439063 0.579688 0.065625 0.071875
0 0.716016 0.583854 0.088281 0.113542
0 0.885547 0.586458 0.050781 0.112500
0 0.587891 0.595833 0.072656 0.104167
0 0.555078 0.622396 0.058594 0.078125
0 0.031250 0.626042 0.062500 0.129167
0 0.685937 0.638542 0.065625 0.095833
0 0.144531 0.625521 0.079687 0.123958
0 0.469141 0.640625 0.052344 0.085417
0 0.823828 0.645312 0.057031 0.090625
0 0.860156 0.656771 0.053125 0.101042
0 0.208203 0.662500 0.078906 0.127083
0 0.423828 0.657813 0.058594 0.082292
0 0.777734 0.702083 0.055469 0.100000
0 0.731641 0.698438 0.060156 0.107292
0 0.917578 0.710938 0.069531 0.086458
0 0.663672 0.713021 0.057031 0.090625
0 0.317188 0.723958 0.092188 0.083333
0 0.819531 0.745833 0.067187 0.081250
0 0.690234 0.754167 0.071094 0.089583
0 0.217188 0.769792 0.064062 0.100000
0 0.455078 0.781250 0.099219 0.104167
0 0.296875 0.793750 0.071875 0.091667
0 0.766406 0.788542 0.062500 0.072917
0 0.150391 0.803125 0.063281 0.083333
0 0.883594 0.791667 0.078125 0.077083
0 0.398438 0.809375 0.065625 0.081250
0 0.099219 0.818229 0.064062 0.065625
0 0.882031 0.854688 0.067187 0.080208
0 0.760938 0.865104 0.068750 0.115625
0 0.389453 0.857812 0.053906 0.080208
0 0.834766 0.851562 0.052344 0.094792
0 0.329297 0.854688 0.089844 0.103125
0 0.110547 0.871875 0.063281 0.077083
0 0.181250 0.864062 0.051562 0.098958
0 0.047656 0.876563 0.048438 0.082292
0 0.212500 0.878646 0.050000 0.076042
0 0.084766 0.882812 0.050781 0.086458
0 0.935937 0.911979 0.081250 0.063542
0 0.460547 0.963021 0.092969 0.084375
0 0.139844 0.937500 0.067187 0.077083
0 0.750781 0.957812 0.060937 0.094792
3 0.614844 0.475521 0.062500 0.115625
3 0.530859 0.760938 0.069531 0.113542
