0 0.768359 0.077083 0.067969 0.072917
0 0.767578 0.130208 0.049219 0.052083
0 0.720313 0.124479 0.056250 0.059375
0 0.601172 0.053125 0.063281 0.070833
0 0.570703 0.094271 0.063281 0.065625
0 0.556250 0.157292 0.071875 0.079167
0 0.421094 0.207292 0.062500 0.075000
0 0.471875 0.216146 0.053125 0.065625
0 0.408984 0.389583 0.060156 0.077083
0 0.448047 0.475000 0.066406 0.070833
0 0.398047 0.453646 0.053906 0.071875
0 0.468750 0.543229 0.056250 0.069792
0 0.523047 0.559896 0.046094 0.067708
0 0.562891 0.548438 0.050781 0.086458
0 0.604688 0.544271 0.053125 0.071875
0 0.293359 0.405729 0.055469 0.067708
0 0.217578 0.379167 0.067969 0.077083
0 0.184375 0.329167 0.053125 0.077083
0 0.231641 0.493229 0.067969 0.073958
0 0.224609 0.555729 0.053906 0.059375
0 0.345313 0.614583 0.054688 0.068750
0 0.488281 0.718750 0.054688 0.072917
0 0.536719 0.666667 0.056250 0.072917
0 0.494141 0.621354 0.052344 0.086458
0 0.898047 0.714063 0.050781 0.067708
0 0.872266 0.656771 0.044531 0.065625
0 0.846094 0.717708 0.050000 0.075000
0 0.137109 0.738021 0.069531 0.096875
0 0.288281 0.694792 0.059375 0.079167
0 0.393750 0.841146 0.056250 0.067708
0 0.404687 0.611979 0.057813 0.067708
0 0.061328 0.861458 0.064844 0.072917
0 0.072266 0.443229 0.052344 0.084375
0 0.352734 0.334375 0.052344 0.079167
0 0.414062 0.321875 0.045312 0.081250
0 0.458594 0.343750 0.059375 0.083333
0 0.491406 0.278646 0.060937 0.086458
0 0.511328 0.792708 0.066406 0.075000
0 0.444922 0.076042 0.052344 0.079167
0 0.507422 0.047396 0.049219 0.063542
0 0.398047 0.087500 0.050781 0.056250
0 0.933594 0.093750 0.060937 0.075000
0 0.887891 0.116667 0.050781 0.070833
0 0.891016 0.198437 0.071094 0.065625
0 0.921094 0.267188 0.056250 0.063542
0 0.902344 0.327604 0.053125 0.069792
0 0.309375 0.519271 0.060937 0.082292
0 0.328906 0.445312 0.056250 0.069792
0 0.758984 0.271354 0.058594 0.071875
0 0.766797 0.362500 0.057031 0.072917
0 0.355078 0.882812 0.061719 0.076042
0 0.226562 0.036458 0.067187 0.072917
0 0.344141 0.041667 0.075781 0.083333
0 0.279297 0.040625 0.066406 0.081250
0 0.046094 0.047396 0.092188 0.094792
0 0.101562 0.056771 0.062500 0.113542
0 0.041406 0.079167 0.068750 0.085417
0 0.220312 0.101562 0.067187 0.109375
0 0.304688 0.123958 0.065625 0.087500
0 0.643359 0.133333 0.066406 0.089583
0 0.034375 0.137500 0.068750 0.087500
0 0.135547 0.139583 0.058594 0.091667
0 0.978125 0.166146 0.051562 0.084375
0 0.221484 0.176042 0.063281 0.070833
0 0.271484 0.180208 0.060156 0.081250
0 0.332813 0.189583 0.060937 0.081250
0 0.173047 0.189062 0.063281 0.090625
0 0.659375 0.219792 0.062500 0.089583
0 0.132812 0.230729 0.068750 0.086458
0 0.970313 0.238542 0.067187 0.083333
0 0.076172 0.231771 0.067969 0.111458
0 0.034766 0.251042 0.053906 0.091667
0 0.607422 0.270833 0.080469 0.087500
0 0.152344 0.277083 0.064062 0.079167
0 0.231641 0.281250 0.066406 0.062500
0 0.564844 0.313542 0.062500 0.085417
0 0.967187 0.335417 0.073438 0.102083
0 0.519922 0.345833 0.067969 0.083333
0 0.643359 0.392188 0.060156 0.086458
0 0.126562 0.389583 0.068750 0.083333
0 0.939063 0.418750 0.060937 0.072917
0 0.599219 0.421875 0.064062 0.081250
0 0.854688 0.428646 0.085938 0.130208
0 0.741016 0.430208 0.067969 0.091667
0 0.683203 0.435417 0.061719 0.079167
0 0.547266 0.473438 0.061719 0.084375
0 0.874609 0.483333 0.057031 0.081250
0 0.897266 0.494271 0.060156 0.069792
0 0.666406 0.515104 0.060937 0.078125
0 0.888672 0.554167 0.063281 0.081250
0 0.930078 0.575000 0.085156 0.114583
0 0.702344 0.578646 0.065625 0.082292
0 0.778906 0.589063 0.059375 0.078125
0 0.112500 0.595833 0.085938 0.102083
0 0.964063 0.639062 0.079687 0.082292
0 0.092188 0.660937 0.065625 0.086458
0 0.743359 0.673438 0.064844 0.080208
0 0.048438 0.693229 0.065625 0.084375
0 0.974219 0.699479 0.059375 0.069792
0 0.585547 0.717708 0.063281 0.075000
0 0.623437 0.767188 0.064062 0.086458
0 0.674609 0.770312 0.063281 0.080208
0 0.778125 0.780208 0.060937 0.079167
0 0.852344 0.845313 0.065625 0.080208
0 0.631250 0.868750 0.062500 0.085417
0 0.834375 0.894792 0.056250 0.093750
0 0.614844 0.919271 0.051562 0.078125
0 0.574219 0.923438 0.054688 0.096875
0 0.773047 0.961979 0.082031 0.086458
1 0.677734 0.902083 0.063281 0.097917
2 0.360547 0.522917 0.066406 0.095833
