0 0.426172 0.564063 0.061719 0.090625
0 0.096875 0.083854 0.057813 0.086458
0 0.871484 0.782813 0.071094 0.086458
0 0.298828 0.043229 0.064844 0.086458
0 0.576172 0.046354 0.060156 0.092708
0 0.177734 0.044792 0.069531 0.089583
0 0.637109 0.046354 0.072656 0.084375
0 0.817187 0.056771 0.064062 0.084375
0 0.714844 0.057813 0.060937 0.084375
0 0.451172 0.063542 0.063281 0.087500
0 0.910156 0.063021 0.057813 0.078125
0 0.390234 0.071875 0.061719 0.087500
0 0.215625 0.088542 0.053125 0.079167
0 0.539453 0.109896 0.061719 0.082292
0 0.671484 0.117188 0.061719 0.086458
0 0.776172 0.122917 0.067969 0.087500
0 0.258594 0.122917 0.057813 0.083333
0 0.936328 0.135417 0.064844 0.087500
0 0.387891 0.139063 0.061719 0.078125
0 0.300391 0.144271 0.071094 0.096875
0 0.030078 0.167708 0.060156 0.081250
0 0.622266 0.166667 0.063281 0.085417
0 0.161719 0.171354 0.064062 0.082292
0 0.079687 0.188542 0.059375 0.081250
0 0.843750 0.191146 0.062500 0.082292
0 0.433984 0.193229 0.064844 0.088542
0 0.221484 0.200521 0.066406 0.088542
0 0.550000 0.201563 0.065625 0.082292
0 0.490625 0.216146 0.059375 0.076042
0 0.385547 0.216667 0.061719 0.081250
0 0.672656 0.217708 0.062500 0.087500
0 0.728125 0.246875 0.056250 0.075000
0 0.804297 0.248438 0.064844 0.088542
0 0.170313 0.250000 0.062500 0.081250
0 0.939063 0.261979 0.060937 0.080208
0 0.866016 0.269271 0.063281 0.086458
0 0.428125 0.274479 0.064062 0.076042
0 0.339453 0.282813 0.067969 0.090625
0 0.521484 0.281250 0.066406 0.083333
0 0.644922 0.285417 0.063281 0.077083
0 0.235156 0.290104 0.071875 0.096875
0 0.083594 0.314583 0.067187 0.087500
0 0.717187 0.322396 0.062500 0.082292
0 0.173828 0.328646 0.069531 0.084375
0 0.288281 0.333854 0.064062 0.080208
0 0.773828 0.346354 0.061719 0.086458
0 0.962500 0.350000 0.071875 0.093750
0 0.553906 0.349479 0.064062 0.088542
0 0.412500 0.351042 0.065625 0.085417
0 0.617578 0.352083 0.064844 0.085417
0 0.491797 0.365104 0.064844 0.088542
0 0.831641 0.366667 0.061719 0.087500
0 0.891797 0.373958 0.060156 0.079167
0 0.251953 0.383333 0.066406 0.089583
0 0.039844 0.384896 0.065625 0.090625
0 0.364844 0.402604 0.064062 0.084375
0 0.149219 0.401562 0.068750 0.084375
0 0.946094 0.420312 0.068750 0.082292
0 0.303516 0.424479 0.061719 0.088542
0 0.576172 0.425521 0.064844 0.080208
0 0.652734 0.425521 0.071094 0.096875
0 0.755078 0.427083 0.067969 0.081250
0 0.205469 0.439063 0.067187 0.076042
0 0.421094 0.442188 0.067187 0.090625
0 0.098047 0.441667 0.063281 0.093750
0 0.479687 0.446875 0.073438 0.089583
0 0.056641 0.466667 0.063281 0.083333
0 0.257812 0.480208 0.062500 0.083333
0 0.811719 0.483854 0.060937 0.088542
0 0.966797 0.495833 0.074219 0.083333
0 0.611328 0.497396 0.061719 0.082292
0 0.695703 0.502604 0.061719 0.082292
0 0.375000 0.505208 0.068750 0.087500
0 0.757422 0.504167 0.061719 0.079167
0 0.862109 0.517188 0.064844 0.082292
0 0.122656 0.533854 0.064062 0.084375
0 0.060937 0.545833 0.053125 0.077083
0 0.315234 0.547396 0.069531 0.086458
0 0.239453 0.553646 0.069531 0.082292
0 0.953906 0.572917 0.067187 0.083333
0 0.580859 0.581771 0.069531 0.088542
0 0.765625 0.582812 0.068750 0.084375
0 0.646094 0.583333 0.060937 0.077083
0 0.169531 0.596875 0.062500 0.083333
0 0.860547 0.597396 0.063281 0.082292
0 0.708203 0.602083 0.060156 0.077083
0 0.479687 0.605208 0.060937 0.097917
0 0.064844 0.620313 0.064062 0.078125
0 0.337891 0.628125 0.060156 0.089583
0 0.280859 0.629687 0.060156 0.080208
0 0.222266 0.629687 0.061719 0.088542
0 0.810547 0.632812 0.064844 0.092708
0 0.976953 0.643750 0.053906 0.077083
0 0.535547 0.643750 0.067969 0.087500
0 0.392578 0.665104 0.069531 0.094792
0 0.109375 0.669792 0.065625 0.081250
0 0.690625 0.668229 0.064062 0.071875
0 0.031250 0.691146 0.062500 0.086458
0 0.213672 0.705208 0.053906 0.079167
0 0.964844 0.705729 0.078125 0.092708
0 0.784766 0.714063 0.071094 0.086458
0 0.902344 0.720833 0.060937 0.087500
0 0.307812 0.721354 0.062500 0.084375
0 0.678516 0.727604 0.066406 0.078125
0 0.169922 0.738021 0.061719 0.088542
0 0.369531 0.740625 0.065625 0.083333
0 0.522266 0.744271 0.061719 0.086458
0 0.105859 0.748437 0.069531 0.084375
0 0.754687 0.747396 0.059375 0.082292
0 0.254297 0.756771 0.063281 0.084375
0 0.581641 0.761458 0.060156 0.083333
0 0.930469 0.772396 0.060937 0.082292
0 0.467578 0.779167 0.060156 0.085417
0 0.642578 0.785937 0.067969 0.090625
0 0.027734 0.788021 0.055469 0.080208
0 0.410938 0.797396 0.062500 0.086458
0 0.291016 0.805208 0.055469 0.077083
0 0.130469 0.818229 0.060937 0.078125
0 0.736328 0.821354 0.060156 0.080208
0 0.870313 0.850000 0.068750 0.072917
0 0.671484 0.852604 0.057031 0.082292
0 0.803906 0.854688 0.067187 0.082292
0 0.034375 0.860938 0.056250 0.076042
0 0.506250 0.861458 0.067187 0.091667
0 0.287500 0.870313 0.065625 0.084375
0 0.424219 0.876042 0.064062 0.081250
0 0.142187 0.892188 0.062500 0.082292
0 0.712500 0.897396 0.067187 0.086458
0 0.582031 0.905208 0.060937 0.087500
0 0.226562 0.911979 0.062500 0.086458
0 0.083203 0.911979 0.066406 0.076042
0 0.857031 0.913021 0.062500 0.080208
0 0.479687 0.932813 0.056250 0.073958
0 0.278516 0.956250 0.078906 0.097917
0 0.537891 0.955208 0.061719 0.079167
0 0.763281 0.955208 0.070312 0.093750
0 0.908203 0.942187 0.052344 0.086458
0 0.671875 0.966667 0.065625 0.077083
2 0.547266 0.503646 0.072656 0.103125
2 0.478906 0.692708 0.079687 0.100000
