0 0.326953 0.423958 0.058594 0.095833
0 0.291406 0.470313 0.056250 0.088542
0 0.304297 0.344792 0.055469 0.087500
0 0.184766 0.528646 0.057031 0.086458
0 0.133594 0.568750 0.065625 0.083333
0 0.160938 0.610417 0.087500 0.077083
0 0.048828 0.030208 0.078906 0.060417
0 0.159766 0.357292 0.061719 0.083333
0 0.874219 0.057813 0.059375 0.071875
0 0.527734 0.039062 0.069531 0.078125
0 0.753516 0.047917 0.072656 0.095833
0 0.121875 0.039062 0.057813 0.078125
0 0.162500 0.050521 0.048438 0.082292
0 0.665625 0.054688 0.056250 0.092708
0 0.782813 0.073438 0.070312 0.092708
0 0.966797 0.070833 0.063281 0.102083
0 0.308984 0.093750 0.063281 0.112500
0 0.062500 0.091667 0.073438 0.093750
0 0.511328 0.082812 0.057031 0.073958
0 0.823438 0.111458 0.073438 0.083333
0 0.142187 0.107292 0.071875 0.095833
0 0.928516 0.131771 0.094531 0.086458
0 0.274219 0.123958 0.065625 0.070833
0 0.374219 0.127083 0.062500 0.077083
0 0.564453 0.127083 0.067969 0.083333
0 0.490234 0.148438 0.064844 0.080208
0 0.706250 0.152604 0.059375 0.086458
0 0.660547 0.164062 0.057031 0.080208
0 0.905469 0.171875 0.078125 0.102083
0 0.127734 0.183854 0.064844 0.080208
0 0.281250 0.192708 0.084375 0.075000
0 0.039844 0.185417 0.076563 0.081250
0 0.081641 0.221875 0.064844 0.083333
0 0.396484 0.222917 0.057031 0.075000
0 0.467187 0.221875 0.070312 0.081250
0 0.691797 0.227083 0.080469 0.095833
0 0.973828 0.244792 0.060156 0.079167
0 0.737500 0.243229 0.057813 0.078125
0 0.268750 0.255208 0.062500 0.083333
0 0.062500 0.285417 0.075000 0.075000
0 0.499219 0.288542 0.071875 0.079167
0 0.875391 0.286979 0.075781 0.088542
0 0.688672 0.319271 0.060156 0.090625
0 0.368750 0.323437 0.068750 0.101042
0 0.210156 0.309375 0.070312 0.068750
0 0.732031 0.341146 0.051562 0.098958
0 0.871875 0.357292 0.078125 0.083333
0 0.622266 0.361979 0.055469 0.098958
0 0.957812 0.365625 0.067187 0.093750
0 0.569141 0.366667 0.063281 0.083333
0 0.384375 0.397917 0.071875 0.095833
0 0.782422 0.399479 0.078906 0.078125
0 0.679688 0.400000 0.079687 0.066667
0 0.043359 0.410417 0.075781 0.089583
0 0.910547 0.419792 0.071094 0.072917
0 0.803125 0.438542 0.073438 0.081250
0 0.558984 0.428646 0.071094 0.076042
0 0.030078 0.450521 0.060156 0.086458
0 0.674219 0.455208 0.068750 0.077083
0 0.918750 0.474479 0.064062 0.069792
0 0.528125 0.483854 0.082812 0.084375
0 0.850391 0.501563 0.067969 0.105208
0 0.620313 0.497396 0.060937 0.084375
0 0.797266 0.520833 0.063281 0.083333
0 0.923438 0.539583 0.068750 0.089583
0 0.299609 0.540625 0.066406 0.087500
0 0.066797 0.544792 0.072656 0.091667
0 0.739062 0.550000 0.067187 0.091667
0 0.351172 0.561458 0.066406 0.083333
0 0.869922 0.560417 0.067969 0.081250
0 0.632031 0.576562 0.059375 0.086458
0 0.233984 0.583333 0.069531 0.093750
0 0.816797 0.605208 0.058594 0.097917
0 0.034766 0.608854 0.069531 0.098958
0 0.568750 0.618750 0.085938 0.091667
0 0.676562 0.620313 0.062500 0.094792
0 0.769531 0.620833 0.060937 0.091667
0 0.940234 0.628646 0.066406 0.080208
0 0.617188 0.656771 0.060937 0.090625
0 0.183594 0.659896 0.078125 0.086458
0 0.719922 0.664583 0.069531 0.091667
0 0.490625 0.668750 0.059375 0.083333
0 0.427734 0.677604 0.072656 0.086458
0 0.318750 0.678125 0.070312 0.085417
0 0.837109 0.701042 0.067969 0.091667
0 0.785547 0.697917 0.058594 0.083333
0 0.257812 0.696875 0.067187 0.097917
0 0.950000 0.716146 0.059375 0.094792
0 0.905469 0.710938 0.071875 0.086458
0 0.357812 0.723958 0.067187 0.068750
0 0.157812 0.730729 0.068750 0.088542
0 0.459766 0.742188 0.069531 0.084375
0 0.529687 0.751042 0.067187 0.085417
0 0.671484 0.761458 0.066406 0.089583
0 0.721094 0.768229 0.059375 0.094792
0 0.837109 0.772396 0.066406 0.084375
0 0.355078 0.779687 0.080469 0.086458
0 0.597266 0.786979 0.064844 0.092708
0 0.085156 0.794271 0.071875 0.094792
0 0.764062 0.796354 0.081250 0.078125
0 0.255078 0.809375 0.074219 0.100000
0 0.132812 0.824479 0.062500 0.090625
0 0.477734 0.827083 0.061719 0.089583
0 0.951953 0.846354 0.069531 0.082292
0 0.655859 0.834896 0.071094 0.080208
0 0.830078 0.855729 0.072656 0.084375
0 0.347266 0.866667 0.072656 0.091667
0 0.703906 0.881771 0.060937 0.090625
0 0.577344 0.890625 0.079687 0.089583
0 0.299609 0.896354 0.074219 0.076042
0 0.635156 0.900000 0.068750 0.081250
0 0.124219 0.907813 0.067187 0.088542
0 0.509375 0.904687 0.071875 0.092708
0 0.824219 0.918750 0.065625 0.085417
0 0.057813 0.924479 0.071875 0.080208
0 0.763672 0.933854 0.078906 0.084375
0 0.429297 0.949479 0.058594 0.111458
0 0.383203 0.945833 0.058594 0.085417
0 0.973047 0.954167 0.061719 0.091667
0 0.889844 0.952604 0.098437 0.105208
0 0.474219 0.954167 0.073438 0.081250
0 0.321875 0.956250 0.068750 0.093750
0 0.160938 0.962500 0.089063 0.085417
3 0.606250 0.064583 0.068750 0.093750
