0 0.115625 0.120313 0.068750 0.067708
0 0.496094 0.946875 0.065625 0.075000
0 0.957031 0.518750 0.071875 0.079167
0 0.471094 0.627083 0.071875 0.114583
0 0.345703 0.825000 0.060156 0.087500
0 0.277734 0.034896 0.096094 0.069792
0 0.755859 0.043750 0.067969 0.087500
0 0.412109 0.035937 0.057031 0.071875
0 0.318750 0.073438 0.068750 0.078125
0 0.423828 0.084375 0.075781 0.085417
0 0.659375 0.082292 0.064062 0.081250
0 0.919141 0.083333 0.067969 0.070833
0 0.535547 0.091146 0.069531 0.090625
0 0.717187 0.102083 0.081250 0.112500
0 0.271875 0.100000 0.067187 0.085417
0 0.855078 0.110937 0.071094 0.073958
0 0.395703 0.117708 0.067969 0.072917
0 0.791406 0.133854 0.070312 0.084375
0 0.498828 0.137500 0.063281 0.089583
0 0.258203 0.152604 0.058594 0.094792
0 0.617578 0.138021 0.075781 0.123958
0 0.405078 0.186458 0.085156 0.095833
0 0.231250 0.182292 0.062500 0.085417
0 0.554688 0.186458 0.060937 0.064583
0 0.164844 0.201563 0.060937 0.086458
0 0.790234 0.203125 0.064844 0.085417
0 0.725000 0.192188 0.073438 0.080208
0 0.663672 0.222917 0.072656 0.100000
0 0.728125 0.236979 0.073438 0.065625
0 0.551562 0.237500 0.062500 0.070833
0 0.047656 0.226562 0.064062 0.073958
0 0.383594 0.260417 0.067187 0.125000
0 0.889844 0.235417 0.067187 0.112500
0 0.839844 0.261458 0.064062 0.085417
0 0.216406 0.275521 0.067187 0.086458
0 0.284766 0.284896 0.053906 0.073958
0 0.940234 0.305208 0.057031 0.083333
0 0.857422 0.323437 0.067969 0.092708
0 0.913281 0.323958 0.067187 0.089583
0 0.790234 0.327083 0.091406 0.097917
0 0.117969 0.341667 0.059375 0.089583
0 0.051562 0.358854 0.062500 0.082292
0 0.334375 0.360938 0.060937 0.078125
0 0.207813 0.375000 0.065625 0.077083
0 0.799609 0.397396 0.069531 0.086458
0 0.366406 0.383854 0.053125 0.086458
0 0.031250 0.395833 0.062500 0.081250
0 0.415625 0.394271 0.070312 0.080208
0 0.237109 0.408854 0.074219 0.080208
0 0.571875 0.418750 0.056250 0.091667
0 0.856250 0.435417 0.078125 0.112500
0 0.422656 0.446875 0.065625 0.068750
0 0.919141 0.422917 0.074219 0.118750
0 0.694141 0.450000 0.080469 0.104167
0 0.668359 0.513021 0.064844 0.105208
0 0.749609 0.512500 0.071094 0.100000
0 0.303516 0.523958 0.058594 0.087500
0 0.492969 0.523958 0.062500 0.087500
0 0.220312 0.534896 0.085938 0.107292
0 0.613672 0.539583 0.063281 0.087500
0 0.466797 0.548438 0.071094 0.107292
0 0.583594 0.559896 0.064062 0.071875
0 0.744531 0.583854 0.057813 0.076042
0 0.061328 0.577604 0.063281 0.088542
0 0.109375 0.582812 0.057813 0.084375
0 0.367578 0.594271 0.066406 0.128125
0 0.693750 0.580729 0.071875 0.098958
0 0.050781 0.630729 0.068750 0.065625
0 0.663281 0.641146 0.092188 0.098958
0 0.586328 0.650521 0.061719 0.069792
0 0.141797 0.663021 0.060156 0.088542
0 0.705469 0.682813 0.084375 0.086458
0 0.093750 0.691667 0.062500 0.095833
0 0.041406 0.706250 0.082812 0.118750
0 0.584766 0.717187 0.061719 0.096875
0 0.146484 0.757292 0.057031 0.100000
0 0.101562 0.766667 0.056250 0.087500
0 0.700000 0.773438 0.095312 0.128125
0 0.882422 0.780729 0.050781 0.096875
0 0.839453 0.787500 0.060156 0.091667
0 0.953125 0.793750 0.073438 0.100000
0 0.177344 0.776563 0.064062 0.080208
0 0.750000 0.798958 0.057813 0.093750
0 0.900391 0.797396 0.063281 0.096875
0 0.573828 0.829688 0.061719 0.071875
0 0.175781 0.836979 0.059375 0.073958
0 0.682031 0.847917 0.065625 0.077083
0 0.240625 0.851562 0.053125 0.090625
0 0.827344 0.857292 0.065625 0.089583
0 0.149219 0.873437 0.085938 0.128125
0 0.082422 0.860417 0.071094 0.135417
0 0.585547 0.876042 0.078906 0.108333
0 0.411328 0.897917 0.067969 0.083333
0 0.772266 0.877604 0.089844 0.094792
0 0.879297 0.915104 0.066406 0.069792
0 0.661328 0.923958 0.086719 0.089583
0 0.729297 0.947396 0.074219 0.115625
0 0.317188 0.945312 0.056250 0.067708
0 0.364063 0.945312 0.062500 0.111458
0 0.563672 0.958333 0.071094 0.093750
0 0.079687 0.965104 0.075000 0.080208
0 0.610156 0.965104 0.054688 0.080208
