0 0.191797 0.409896 0.061719 0.069792
0 0.161328 0.574479 0.060156 0.090625
0 0.186719 0.859896 0.067187 0.082292
0 0.528125 0.605729 0.048438 0.080208
0 0.707031 0.329167 0.075000 0.072917
0 0.706250 0.390104 0.070312 0.078125
0 0.198828 0.034896 0.066406 0.069792
0 0.351172 0.315104 0.072656 0.082292
0 0.326562 0.354687 0.060937 0.065625
0 0.058594 0.885938 0.059375 0.076042
0 0.128906 0.037500 0.065625 0.075000
0 0.070703 0.036979 0.058594 0.073958
0 0.025781 0.057813 0.051562 0.115625
0 0.296094 0.041667 0.070312 0.083333
0 0.434375 0.042708 0.070312 0.085417
0 0.766797 0.075521 0.063281 0.086458
0 0.349609 0.081250 0.082031 0.077083
0 0.671094 0.083333 0.070312 0.068750
0 0.046484 0.090625 0.067969 0.091667
0 0.091797 0.126042 0.066406 0.095833
0 0.248828 0.130729 0.060156 0.086458
0 0.322656 0.144271 0.073438 0.094792
0 0.527734 0.148958 0.066406 0.089583
0 0.971484 0.151042 0.064844 0.091667
0 0.472266 0.167187 0.066406 0.082292
0 0.196094 0.169792 0.070312 0.091667
0 0.914062 0.170313 0.070312 0.088542
0 0.126562 0.181250 0.065625 0.087500
0 0.635547 0.188021 0.071094 0.090625
0 0.260156 0.217708 0.073438 0.102083
0 0.067578 0.227083 0.071094 0.093750
0 0.936719 0.239063 0.062500 0.088542
0 0.191406 0.244271 0.062500 0.090625
0 0.314063 0.259375 0.065625 0.087500
0 0.661719 0.250521 0.054688 0.096875
0 0.839844 0.264062 0.068750 0.092708
0 0.235547 0.277604 0.066406 0.086458
0 0.891406 0.278646 0.059375 0.105208
0 0.573828 0.295833 0.067969 0.072917
0 0.955859 0.335417 0.064844 0.091667
0 0.831250 0.328646 0.075000 0.073958
0 0.208984 0.338021 0.074219 0.084375
0 0.485938 0.335938 0.067187 0.090625
0 0.400391 0.357812 0.067969 0.094792
0 0.642969 0.357292 0.065625 0.116667
0 0.136328 0.377083 0.066406 0.087500
0 0.896875 0.382812 0.054688 0.092708
0 0.532813 0.389583 0.070312 0.112500
0 0.837891 0.403646 0.069531 0.103125
0 0.460547 0.407813 0.089844 0.080208
0 0.973828 0.422917 0.060156 0.083333
0 0.788281 0.440625 0.064062 0.085417
0 0.683984 0.442708 0.066406 0.079167
0 0.280078 0.444792 0.071094 0.089583
0 0.409766 0.448958 0.064844 0.081250
0 0.114844 0.455729 0.064062 0.090625
0 0.476562 0.460938 0.067187 0.082292
0 0.040625 0.467708 0.064062 0.085417
0 0.531641 0.478646 0.066406 0.098958
0 0.358594 0.493229 0.064062 0.086458
0 0.741016 0.486458 0.071094 0.085417
0 0.865234 0.496354 0.069531 0.092708
0 0.578125 0.502604 0.060937 0.078125
0 0.243359 0.508854 0.075781 0.088542
0 0.416016 0.534896 0.066406 0.092708
0 0.936719 0.539062 0.067187 0.086458
0 0.811719 0.540104 0.070312 0.084375
0 0.666016 0.559375 0.069531 0.104167
0 0.560937 0.572396 0.054688 0.101042
0 0.721484 0.581250 0.064844 0.081250
0 0.632422 0.601562 0.067969 0.088542
0 0.235156 0.607292 0.070312 0.079167
0 0.796875 0.619792 0.068750 0.089583
0 0.382812 0.620313 0.068750 0.117708
0 0.730469 0.644792 0.092188 0.079167
0 0.323828 0.642188 0.061719 0.090625
0 0.940234 0.648438 0.067969 0.092708
0 0.038672 0.651563 0.077344 0.111458
0 0.857422 0.652604 0.057031 0.086458
0 0.664844 0.676562 0.068750 0.088542
0 0.419922 0.695833 0.064844 0.083333
0 0.284766 0.696354 0.067969 0.094792
0 0.575391 0.692187 0.057031 0.073958
0 0.801562 0.718750 0.060937 0.087500
0 0.042188 0.731250 0.084375 0.087500
0 0.960156 0.731771 0.087500 0.103125
0 0.855859 0.746354 0.060156 0.084375
0 0.115625 0.770833 0.059375 0.079167
0 0.529297 0.779167 0.063281 0.077083
0 0.060547 0.798958 0.066406 0.085417
0 0.701953 0.798438 0.077344 0.092708
0 0.791016 0.813542 0.072656 0.087500
0 0.881641 0.826562 0.085156 0.115625
0 0.356250 0.820833 0.064062 0.075000
0 0.483984 0.839583 0.066406 0.100000
0 0.105469 0.844271 0.065625 0.078125
0 0.538281 0.847396 0.065625 0.092708
0 0.847656 0.858333 0.060937 0.083333
0 0.314453 0.875521 0.069531 0.084375
0 0.282813 0.886979 0.059375 0.067708
0 0.457813 0.904167 0.068750 0.093750
0 0.627344 0.909375 0.064062 0.085417
0 0.105469 0.908854 0.067187 0.082292
0 0.871875 0.920312 0.065625 0.082292
0 0.289062 0.939583 0.075000 0.070833
0 0.515234 0.926042 0.063281 0.087500
0 0.058594 0.958333 0.089063 0.093750
2 0.600000 0.423438 0.095312 0.113542
2 0.247656 0.873437 0.078125 0.094792
