0 0.446484 0.517188 0.057031 0.078125
0 0.566406 0.618229 0.071875 0.065625
0 0.588281 0.560937 0.068750 0.069792
0 0.363672 0.911458 0.053906 0.066667
0 0.312500 0.944271 0.060937 0.101042
0 0.246094 0.151562 0.059375 0.088542
0 0.212891 0.117188 0.061719 0.084375
0 0.071875 0.144792 0.057813 0.085417
0 0.328906 0.510938 0.053125 0.094792
0 0.275000 0.506771 0.062500 0.098958
0 0.922656 0.576042 0.060937 0.089583
0 0.560547 0.753125 0.053906 0.085417
0 0.331250 0.840625 0.064062 0.079167
0 0.751172 0.057292 0.082031 0.114583
0 0.553516 0.042708 0.060156 0.085417
0 0.064844 0.051562 0.071875 0.084375
0 0.249219 0.073438 0.089063 0.084375
0 0.131250 0.078125 0.062500 0.087500
0 0.910547 0.089583 0.049219 0.083333
0 0.083203 0.088021 0.067969 0.092708
0 0.615234 0.113542 0.064844 0.093750
0 0.330859 0.117188 0.071094 0.094792
0 0.739453 0.130208 0.071094 0.095833
0 0.383984 0.144271 0.072656 0.092708
0 0.542969 0.147917 0.079687 0.133333
0 0.863672 0.179167 0.063281 0.087500
0 0.700000 0.180729 0.075000 0.092708
0 0.496875 0.204687 0.073438 0.126042
0 0.312109 0.201563 0.082031 0.071875
0 0.830078 0.204167 0.066406 0.075000
0 0.400781 0.213021 0.054688 0.086458
0 0.162500 0.216146 0.067187 0.080208
0 0.079687 0.218750 0.064062 0.079167
0 0.437891 0.222917 0.057031 0.095833
0 0.065625 0.263021 0.073438 0.098958
0 0.359766 0.291146 0.064844 0.086458
0 0.127344 0.297917 0.075000 0.108333
0 0.031641 0.292187 0.063281 0.103125
0 0.733984 0.306250 0.064844 0.102083
0 0.660547 0.320312 0.069531 0.090625
0 0.264453 0.363021 0.061719 0.086458
0 0.163281 0.364583 0.060937 0.093750
0 0.487109 0.369271 0.071094 0.082292
0 0.426563 0.379167 0.075000 0.102083
0 0.867578 0.385417 0.050781 0.081250
0 0.911328 0.388021 0.061719 0.084375
0 0.121094 0.393229 0.064062 0.092708
0 0.734375 0.390104 0.068750 0.078125
0 0.843750 0.405729 0.062500 0.088542
0 0.494531 0.422396 0.067187 0.073958
0 0.396094 0.425000 0.070312 0.093750
0 0.722266 0.429688 0.069531 0.076042
0 0.658984 0.444271 0.085156 0.119792
0 0.610156 0.458854 0.057813 0.088542
0 0.785937 0.473958 0.084375 0.085417
0 0.180469 0.480729 0.075000 0.094792
0 0.085547 0.467708 0.050781 0.095833
0 0.489453 0.481250 0.074219 0.075000
0 0.362500 0.489063 0.062500 0.088542
0 0.109766 0.493750 0.052344 0.087500
0 0.044141 0.546875 0.066406 0.085417
0 0.284766 0.560417 0.092969 0.095833
0 0.650000 0.571875 0.062500 0.093750
0 0.140625 0.572917 0.075000 0.087500
0 0.217578 0.580729 0.066406 0.088542
0 0.296875 0.630208 0.090625 0.097917
0 0.406250 0.622917 0.065625 0.093750
0 0.143359 0.641146 0.066406 0.080208
0 0.941016 0.635938 0.061719 0.098958
0 0.362500 0.652604 0.065625 0.092708
0 0.878516 0.655729 0.086719 0.092708
0 0.098437 0.710938 0.070312 0.092708
0 0.571094 0.694271 0.068750 0.065625
0 0.316797 0.714063 0.057031 0.088542
0 0.274609 0.721354 0.052344 0.084375
0 0.747656 0.726042 0.060937 0.081250
0 0.857812 0.733854 0.062500 0.096875
0 0.387109 0.728125 0.066406 0.112500
0 0.255859 0.744792 0.061719 0.091667
0 0.489453 0.746875 0.064844 0.091667
0 0.152344 0.755208 0.075000 0.091667
0 0.058594 0.762500 0.068750 0.093750
0 0.332031 0.792188 0.067187 0.065625
0 0.182422 0.825521 0.066406 0.096875
0 0.669531 0.816146 0.070312 0.126042
0 0.087500 0.829167 0.062500 0.085417
0 0.885547 0.845313 0.050781 0.084375
0 0.624219 0.842187 0.053125 0.090625
0 0.919141 0.846354 0.058594 0.076042
0 0.150391 0.860938 0.074219 0.096875
0 0.258203 0.864062 0.066406 0.090625
0 0.725000 0.855729 0.068750 0.069792
0 0.073047 0.890625 0.067969 0.083333
0 0.542578 0.896875 0.060156 0.079167
0 0.727734 0.910937 0.069531 0.071875
0 0.844531 0.914062 0.050000 0.088542
0 0.797656 0.935937 0.065625 0.078125
0 0.708984 0.957292 0.067969 0.095833
0 0.657813 0.958333 0.073438 0.093750
0 0.835156 0.964583 0.060937 0.081250
0 0.170313 0.964583 0.068750 0.081250
3 0.537109 0.684375 0.077344 0.091667
2 0.938281 0.190625 0.071875 0.135417
