0 0.339062 0.895312 0.054688 0.088542
0 0.847656 0.668750 0.059375 0.083333
0 0.597266 0.176563 0.063281 0.071875
0 0.827734 0.264062 0.075781 0.071875
0 0.454688 0.038542 0.068750 0.077083
0 0.953516 0.043750 0.100781 0.087500
0 0.773438 0.048438 0.065625 0.096875
0 0.672266 0.040104 0.066406 0.078125
0 0.879297 0.053125 0.067969 0.087500
0 0.332422 0.061979 0.092969 0.123958
0 0.437891 0.077083 0.067969 0.070833
0 0.958203 0.100521 0.061719 0.082292
0 0.624609 0.102083 0.072656 0.077083
0 0.793359 0.109896 0.069531 0.080208
0 0.194922 0.114583 0.060156 0.114583
0 0.259766 0.126562 0.083594 0.103125
0 0.449219 0.155208 0.098437 0.125000
0 0.871094 0.133854 0.071875 0.105208
0 0.318750 0.142187 0.059375 0.096875
0 0.167187 0.148958 0.062500 0.110417
0 0.695703 0.155729 0.067969 0.092708
0 0.512891 0.152083 0.061719 0.106250
0 0.791016 0.177083 0.061719 0.085417
0 0.850391 0.191667 0.058594 0.100000
0 0.902734 0.188021 0.058594 0.088542
0 0.125781 0.190625 0.065625 0.106250
0 0.030078 0.201563 0.060156 0.094792
0 0.648047 0.206771 0.066406 0.084375
0 0.257422 0.215104 0.058594 0.119792
0 0.369922 0.233854 0.071094 0.088542
0 0.578906 0.238021 0.060937 0.090625
0 0.530078 0.237500 0.060156 0.083333
0 0.307422 0.217708 0.058594 0.070833
0 0.463281 0.244792 0.068750 0.085417
0 0.305078 0.265104 0.064844 0.067708
0 0.169141 0.264583 0.058594 0.108333
0 0.636328 0.280208 0.066406 0.093750
0 0.227344 0.280729 0.062500 0.098958
0 0.124219 0.290625 0.060937 0.110417
0 0.900781 0.296875 0.062500 0.085417
0 0.774219 0.297917 0.062500 0.079167
0 0.058203 0.302604 0.061719 0.088542
0 0.533984 0.314063 0.069531 0.101042
0 0.334375 0.315625 0.076563 0.097917
0 0.467578 0.342708 0.055469 0.075000
0 0.792969 0.346875 0.065625 0.081250
0 0.282031 0.348958 0.062500 0.106250
0 0.355859 0.356250 0.069531 0.070833
0 0.701172 0.359896 0.067969 0.090625
0 0.901172 0.366146 0.074219 0.086458
0 0.637109 0.387500 0.063281 0.087500
0 0.172656 0.397917 0.073438 0.079167
0 0.825391 0.414062 0.052344 0.086458
0 0.344531 0.417187 0.068750 0.082292
0 0.436719 0.416667 0.068750 0.089583
0 0.247656 0.433854 0.068750 0.082292
0 0.687109 0.447396 0.064844 0.103125
0 0.870313 0.451562 0.079687 0.086458
0 0.148828 0.439583 0.064844 0.062500
0 0.032422 0.465625 0.064844 0.116667
0 0.462109 0.469271 0.064844 0.086458
0 0.259375 0.488542 0.048438 0.070833
0 0.798047 0.479167 0.071094 0.085417
0 0.623437 0.493750 0.068750 0.089583
0 0.541406 0.497917 0.060937 0.087500
0 0.670703 0.502083 0.060156 0.075000
0 0.892969 0.514583 0.075000 0.087500
0 0.758594 0.514583 0.064062 0.085417
0 0.206641 0.528125 0.058594 0.083333
0 0.331250 0.523438 0.057813 0.086458
0 0.052344 0.531771 0.057813 0.078125
0 0.724219 0.544792 0.065625 0.075000
0 0.666016 0.556771 0.061719 0.067708
0 0.470703 0.558333 0.074219 0.095833
0 0.421484 0.565625 0.049219 0.097917
0 0.566797 0.573438 0.066406 0.090625
0 0.894531 0.595833 0.060937 0.079167
0 0.195703 0.611458 0.064844 0.087500
0 0.614844 0.623958 0.070312 0.081250
0 0.069922 0.619792 0.055469 0.091667
0 0.371094 0.646354 0.071875 0.080208
0 0.159375 0.656250 0.062500 0.122917
0 0.262891 0.678125 0.047656 0.079167
0 0.075391 0.683854 0.050781 0.067708
0 0.446875 0.687500 0.059375 0.081250
0 0.228125 0.690104 0.046875 0.080208
0 0.040234 0.701562 0.080469 0.103125
0 0.527344 0.694792 0.065625 0.085417
0 0.289844 0.689063 0.054688 0.105208
0 0.932813 0.695833 0.059375 0.093750
0 0.098828 0.708333 0.066406 0.087500
0 0.618750 0.711979 0.062500 0.082292
0 0.675781 0.725521 0.068750 0.090625
0 0.962500 0.722917 0.075000 0.097917
0 0.341406 0.742708 0.071875 0.085417
0 0.582422 0.747917 0.058594 0.085417
0 0.874609 0.742708 0.071094 0.083333
0 0.707031 0.759896 0.059375 0.111458
0 0.425000 0.755729 0.062500 0.101042
0 0.483203 0.763021 0.055469 0.078125
0 0.530469 0.763021 0.064062 0.082292
0 0.967578 0.786979 0.072656 0.069792
0 0.221094 0.780729 0.071875 0.107292
0 0.783984 0.789583 0.052344 0.079167
0 0.138672 0.800000 0.058594 0.093750
0 0.087891 0.811979 0.067969 0.088542
0 0.657031 0.814063 0.071875 0.088542
0 0.733594 0.819271 0.059375 0.094792
0 0.476562 0.819792 0.060937 0.093750
0 0.534766 0.829688 0.066406 0.088542
0 0.378125 0.834896 0.062500 0.076042
0 0.796094 0.856250 0.076563 0.095833
0 0.580078 0.862500 0.072656 0.070833
0 0.449609 0.860417 0.067969 0.083333
0 0.026172 0.870833 0.052344 0.089583
0 0.673438 0.867708 0.068750 0.070833
0 0.246875 0.878646 0.064062 0.082292
0 0.053125 0.891146 0.059375 0.080208
0 0.105469 0.898958 0.073438 0.097917
0 0.669531 0.930729 0.065625 0.086458
0 0.396875 0.929167 0.070312 0.083333
0 0.880078 0.930208 0.060156 0.085417
0 0.204297 0.933333 0.069531 0.093750
0 0.029687 0.956250 0.059375 0.097917
0 0.936328 0.967708 0.096094 0.075000
0 0.251953 0.962500 0.077344 0.085417
0 0.083594 0.968229 0.060937 0.073958
3 0.089063 0.376042 0.068750 0.091667
1 0.717187 0.626042 0.064062 0.102083
2 0.953906 0.608854 0.078125 0.115625
