0 0.287109 0.547396 0.067969 0.113542
0 0.959375 0.733854 0.068750 0.090625
0 0.751172 0.946354 0.075781 0.078125
0 0.662500 0.953646 0.078125 0.092708
0 0.575781 0.297396 0.062500 0.092708
0 0.620703 0.294792 0.050781 0.106250
0 0.684375 0.219792 0.067187 0.079167
0 0.571484 0.214583 0.069531 0.068750
0 0.437109 0.244271 0.064844 0.080208
0 0.892578 0.045833 0.072656 0.091667
0 0.968750 0.276562 0.062500 0.096875
0 0.812109 0.890104 0.064844 0.098958
0 0.079297 0.639583 0.075781 0.104167
0 0.339062 0.550521 0.064062 0.109375
0 0.659375 0.061979 0.068750 0.090625
0 0.421484 0.096875 0.071094 0.093750
0 0.565234 0.105208 0.075781 0.089583
0 0.947266 0.116146 0.074219 0.098958
0 0.174219 0.125000 0.076563 0.100000
0 0.468750 0.133333 0.075000 0.093750
0 0.715625 0.145833 0.075000 0.102083
0 0.252344 0.154167 0.079687 0.102083
0 0.526953 0.159375 0.071094 0.102083
0 0.787891 0.161458 0.085156 0.102083
0 0.855078 0.192708 0.075781 0.093750
0 0.615625 0.197917 0.070312 0.095833
0 0.481641 0.208854 0.072656 0.088542
0 0.323047 0.220312 0.082031 0.094792
0 0.910937 0.237500 0.075000 0.100000
0 0.148047 0.246875 0.074219 0.083333
0 0.217188 0.247396 0.071875 0.094792
0 0.096094 0.266667 0.073438 0.102083
0 0.482422 0.295312 0.075781 0.096875
0 0.305469 0.322396 0.075000 0.107292
0 0.399609 0.331771 0.072656 0.092708
0 0.792578 0.332813 0.072656 0.105208
0 0.734375 0.336458 0.068750 0.100000
0 0.112500 0.352083 0.084375 0.093750
0 0.186719 0.364583 0.070312 0.095833
0 0.656641 0.361458 0.074219 0.110417
0 0.926953 0.390625 0.069531 0.102083
0 0.542188 0.398438 0.073438 0.101042
0 0.848437 0.405208 0.078125 0.093750
0 0.109375 0.422917 0.078125 0.093750
0 0.780469 0.423438 0.070312 0.094792
0 0.471094 0.433333 0.070312 0.083333
0 0.690234 0.437500 0.077344 0.085417
0 0.832812 0.474479 0.068750 0.086458
0 0.747656 0.484375 0.060937 0.093750
0 0.472656 0.505208 0.078125 0.095833
0 0.674609 0.519271 0.074219 0.086458
0 0.564063 0.523438 0.073438 0.090625
0 0.902734 0.525521 0.061719 0.121875
0 0.081250 0.549479 0.068750 0.098958
0 0.751953 0.563021 0.072656 0.096875
0 0.806250 0.569271 0.060937 0.096875
0 0.031641 0.576042 0.063281 0.089583
0 0.862891 0.587500 0.077344 0.085417
0 0.257031 0.591667 0.079687 0.100000
0 0.170313 0.599479 0.082812 0.101042
0 0.623437 0.618229 0.078125 0.105208
0 0.735547 0.625521 0.075781 0.092708
0 0.931250 0.630208 0.079687 0.102083
0 0.347656 0.646354 0.073438 0.092708
0 0.573828 0.668229 0.069531 0.107292
0 0.810156 0.669271 0.078125 0.080208
0 0.691016 0.681771 0.067969 0.109375
0 0.861328 0.701562 0.055469 0.086458
0 0.203906 0.715625 0.075000 0.097917
0 0.757422 0.727083 0.072656 0.097917
0 0.811719 0.730208 0.060937 0.072917
0 0.121094 0.740104 0.076563 0.090625
0 0.560156 0.759375 0.078125 0.097917
0 0.617969 0.764062 0.062500 0.094792
0 0.725000 0.760938 0.065625 0.086458
0 0.281641 0.763542 0.078906 0.102083
0 0.343750 0.788542 0.071875 0.100000
0 0.821484 0.797917 0.077344 0.093750
0 0.167187 0.797396 0.076563 0.092708
0 0.410547 0.790104 0.072656 0.121875
0 0.448828 0.823958 0.072656 0.106250
0 0.651563 0.829688 0.071875 0.098958
0 0.914062 0.836458 0.076563 0.091667
0 0.737891 0.836458 0.080469 0.095833
0 0.504297 0.851562 0.078906 0.090625
0 0.294141 0.861979 0.077344 0.103125
0 0.140234 0.872396 0.067969 0.101042
0 0.868359 0.875521 0.082031 0.094792
0 0.034766 0.880208 0.069531 0.091667
0 0.566797 0.893229 0.069531 0.088542
0 0.349609 0.898958 0.069531 0.104167
0 0.401953 0.909896 0.074219 0.109375
0 0.448828 0.919271 0.055469 0.109375
1 0.619141 0.493229 0.044531 0.082292
