0 0.781250 0.169271 0.056250 0.071875
0 0.891406 0.944792 0.042188 0.058333
0 0.057422 0.328125 0.063281 0.072917
0 0.636719 0.034375 0.060937 0.068750
0 0.474219 0.034375 0.057813 0.068750
0 0.301563 0.035417 0.059375 0.070833
0 0.877344 0.040625 0.065625 0.081250
0 0.250781 0.055208 0.054688 0.077083
0 0.107031 0.057292 0.065625 0.114583
0 0.669141 0.078646 0.060156 0.073958
0 0.755859 0.078125 0.052344 0.077083
0 0.382812 0.093229 0.060937 0.084375
0 0.875391 0.098958 0.066406 0.087500
0 0.028906 0.102083 0.057813 0.077083
0 0.289062 0.105729 0.059375 0.076042
0 0.614844 0.108333 0.056250 0.075000
0 0.653906 0.141667 0.067187 0.075000
0 0.246484 0.148958 0.057031 0.072917
0 0.076953 0.171354 0.057031 0.078125
0 0.428125 0.190625 0.057813 0.079167
0 0.179297 0.201563 0.066406 0.080208
0 0.353516 0.226042 0.057031 0.077083
0 0.236719 0.226042 0.056250 0.079167
0 0.298047 0.231771 0.060156 0.080208
0 0.836328 0.233333 0.061719 0.083333
0 0.508984 0.250521 0.067969 0.092708
0 0.066797 0.255208 0.057031 0.075000
0 0.948047 0.260937 0.063281 0.084375
0 0.157812 0.273958 0.062500 0.085417
0 0.767969 0.277083 0.056250 0.077083
0 0.367969 0.292708 0.060937 0.079167
0 0.212891 0.295833 0.055469 0.077083
0 0.441797 0.324479 0.060156 0.078125
0 0.639844 0.327604 0.057813 0.078125
0 0.860156 0.329688 0.053125 0.076042
0 0.274219 0.338021 0.057813 0.076042
0 0.714844 0.340625 0.057813 0.075000
0 0.333203 0.347396 0.061719 0.082292
0 0.173437 0.351562 0.064062 0.078125
0 0.515234 0.367708 0.058594 0.079167
0 0.668750 0.388021 0.060937 0.084375
0 0.032031 0.390104 0.054688 0.078125
0 0.835547 0.393229 0.058594 0.082292
0 0.433203 0.395833 0.055469 0.079167
0 0.132812 0.410417 0.059375 0.081250
0 0.558594 0.413542 0.057813 0.079167
0 0.746875 0.418229 0.059375 0.073958
0 0.887891 0.418750 0.058594 0.077083
0 0.205469 0.423958 0.059375 0.072917
0 0.277734 0.428646 0.058594 0.082292
0 0.077344 0.438542 0.060937 0.081250
0 0.976172 0.442188 0.055469 0.078125
0 0.392578 0.443750 0.053906 0.072917
0 0.680859 0.451562 0.060156 0.073958
0 0.622266 0.468229 0.066406 0.080208
0 0.898047 0.492708 0.058594 0.079167
0 0.154688 0.498437 0.054688 0.076042
0 0.088672 0.517188 0.058594 0.080208
0 0.742969 0.517188 0.059375 0.080208
0 0.596094 0.535937 0.060937 0.084375
0 0.046094 0.551562 0.059375 0.076042
0 0.932031 0.552083 0.053125 0.068750
0 0.805078 0.554167 0.060156 0.081250
0 0.368359 0.555729 0.057031 0.078125
0 0.133594 0.589063 0.054688 0.076042
0 0.855469 0.589583 0.060937 0.075000
0 0.627734 0.594792 0.057031 0.072917
0 0.487891 0.621354 0.057031 0.082292
0 0.183203 0.621354 0.057031 0.080208
0 0.540625 0.621875 0.059375 0.081250
0 0.253125 0.623437 0.057813 0.082292
0 0.048047 0.629167 0.057031 0.075000
0 0.725000 0.629687 0.062500 0.078125
0 0.892188 0.645833 0.057813 0.079167
0 0.611719 0.660417 0.060937 0.083333
0 0.668750 0.672917 0.057813 0.075000
0 0.844141 0.672917 0.058594 0.081250
0 0.945312 0.676562 0.062500 0.084375
0 0.340625 0.686458 0.059375 0.079167
0 0.530078 0.695833 0.058594 0.081250
0 0.189062 0.698438 0.057813 0.076042
0 0.767188 0.709375 0.057813 0.079167
0 0.397266 0.727083 0.058594 0.079167
0 0.243750 0.731771 0.056250 0.080208
0 0.592187 0.729167 0.053125 0.075000
0 0.898047 0.735417 0.058594 0.079167
0 0.671875 0.744792 0.056250 0.077083
0 0.097266 0.748958 0.058594 0.083333
0 0.291016 0.772396 0.057031 0.080208
0 0.187891 0.782813 0.063281 0.080208
0 0.469922 0.790625 0.055469 0.077083
0 0.389453 0.797396 0.057031 0.080208
0 0.901953 0.806250 0.057031 0.072917
0 0.689063 0.814063 0.056250 0.071875
0 0.533984 0.824479 0.060156 0.084375
0 0.030859 0.831771 0.058594 0.078125
0 0.087500 0.854688 0.056250 0.080208
0 0.726562 0.869792 0.062500 0.079167
0 0.372656 0.865625 0.064062 0.091667
0 0.264453 0.874479 0.061719 0.084375
0 0.447656 0.892188 0.056250 0.073958
0 0.837109 0.908333 0.058594 0.072917
0 0.568750 0.910937 0.056250 0.073958
0 0.212500 0.911458 0.053125 0.077083
0 0.324219 0.916146 0.060937 0.082292
0 0.117188 0.924479 0.064062 0.086458
0 0.713672 0.941667 0.060156 0.077083
0 0.490625 0.946875 0.059375 0.081250
0 0.603125 0.963542 0.062500 0.079167
2 0.426563 0.509375 0.065625 0.089583
