0 0.605469 0.219792 0.060937 0.081250
0 0.712109 0.348958 0.050781 0.066667
0 0.828906 0.686979 0.059375 0.067708
0 0.589844 0.635417 0.071875 0.091667
0 0.133594 0.940625 0.045312 0.058333
0 0.530859 0.864583 0.047656 0.062500
0 0.207813 0.456250 0.064062 0.075000
0 0.914062 0.034375 0.056250 0.068750
0 0.841797 0.034896 0.063281 0.069792
0 0.685547 0.036458 0.057031 0.072917
0 0.062891 0.042188 0.058594 0.078125
0 0.126172 0.048958 0.052344 0.072917
0 0.201953 0.066667 0.053906 0.077083
0 0.601172 0.073958 0.057031 0.072917
0 0.261719 0.075000 0.048438 0.064583
0 0.775781 0.080208 0.048438 0.085417
0 0.304688 0.090104 0.050000 0.069792
0 0.650391 0.104688 0.055469 0.071875
0 0.819141 0.114583 0.058594 0.085417
0 0.244531 0.112500 0.059375 0.075000
0 0.937109 0.117188 0.057031 0.078125
0 0.089844 0.117708 0.060937 0.075000
0 0.695703 0.136979 0.057031 0.073958
0 0.966797 0.139583 0.055469 0.077083
0 0.872266 0.142708 0.061719 0.072917
0 0.511719 0.143229 0.064062 0.078125
0 0.398828 0.153646 0.055469 0.078125
0 0.755078 0.164583 0.061719 0.081250
0 0.242969 0.188542 0.060937 0.079167
0 0.089844 0.201042 0.053125 0.072917
0 0.881641 0.204167 0.061719 0.081250
0 0.689063 0.208333 0.053125 0.070833
0 0.283594 0.215625 0.053125 0.068750
0 0.204687 0.228646 0.053125 0.078125
0 0.040625 0.232292 0.065625 0.089583
0 0.822656 0.261979 0.059375 0.073958
0 0.421094 0.266146 0.056250 0.076042
0 0.135156 0.268229 0.053125 0.069792
0 0.278906 0.281250 0.054688 0.075000
0 0.679688 0.302604 0.056250 0.065625
0 0.448437 0.320833 0.059375 0.070833
0 0.141797 0.325000 0.057031 0.075000
0 0.804688 0.334896 0.057813 0.073958
0 0.520312 0.346354 0.060937 0.082292
0 0.945312 0.355729 0.057813 0.071875
0 0.223047 0.356771 0.058594 0.073958
0 0.402734 0.358333 0.060156 0.077083
0 0.561328 0.371875 0.055469 0.075000
0 0.757812 0.376563 0.059375 0.082292
0 0.620313 0.384375 0.057813 0.081250
0 0.450781 0.382292 0.056250 0.064583
0 0.171094 0.390104 0.057813 0.080208
0 0.242969 0.400521 0.057813 0.067708
0 0.500391 0.407813 0.052344 0.073958
0 0.928516 0.419271 0.057031 0.073958
0 0.443750 0.430729 0.057813 0.065625
0 0.800000 0.430729 0.059375 0.078125
0 0.651563 0.446875 0.064062 0.075000
0 0.408984 0.478646 0.057031 0.088542
0 0.588672 0.489583 0.052344 0.070833
0 0.867578 0.489583 0.053906 0.070833
0 0.353906 0.490625 0.060937 0.083333
0 0.698438 0.494792 0.059375 0.079167
0 0.262891 0.495312 0.060156 0.076042
0 0.802734 0.513021 0.057031 0.076042
0 0.160156 0.519271 0.056250 0.076042
0 0.210938 0.520833 0.060937 0.081250
0 0.114844 0.537500 0.059375 0.085417
0 0.061719 0.555208 0.057813 0.083333
0 0.854688 0.558854 0.059375 0.076042
0 0.162109 0.582292 0.061719 0.083333
0 0.909375 0.600000 0.059375 0.081250
0 0.322266 0.606250 0.064844 0.087500
0 0.817187 0.617188 0.051562 0.065625
0 0.210547 0.620833 0.064844 0.072917
0 0.747266 0.627083 0.061719 0.083333
0 0.264844 0.649479 0.056250 0.071875
0 0.358984 0.670312 0.058594 0.073958
0 0.047266 0.671875 0.057031 0.081250
0 0.477344 0.674479 0.057813 0.084375
0 0.534766 0.677083 0.058594 0.077083
0 0.182031 0.679167 0.059375 0.081250
0 0.285156 0.709375 0.057813 0.075000
0 0.438672 0.731771 0.060156 0.078125
0 0.223438 0.733333 0.057813 0.081250
0 0.084375 0.748958 0.056250 0.077083
0 0.955078 0.748437 0.060156 0.080208
0 0.838281 0.753646 0.048438 0.088542
0 0.317969 0.764062 0.051562 0.071875
0 0.674609 0.778646 0.058594 0.078125
0 0.146094 0.793750 0.048438 0.070833
0 0.226953 0.801562 0.061719 0.078125
0 0.921484 0.806250 0.055469 0.079167
0 0.360938 0.808333 0.056250 0.077083
0 0.106641 0.824479 0.052344 0.071875
0 0.437500 0.850000 0.053125 0.089583
0 0.801953 0.826042 0.063281 0.118750
0 0.689453 0.852083 0.060156 0.083333
0 0.583984 0.851042 0.058594 0.083333
0 0.198437 0.860417 0.065625 0.083333
0 0.744922 0.857292 0.075781 0.097917
0 0.857422 0.870313 0.050781 0.084375
0 0.376172 0.868229 0.052344 0.076042
0 0.262500 0.882812 0.056250 0.076042
0 0.147266 0.887500 0.058594 0.075000
0 0.090625 0.891146 0.057813 0.078125
0 0.467969 0.895312 0.060937 0.080208
0 0.681641 0.925000 0.057031 0.070833
0 0.326172 0.927083 0.060156 0.075000
0 0.589453 0.926562 0.055469 0.073958
0 0.214844 0.932292 0.059375 0.072917
0 0.043750 0.933333 0.053125 0.077083
0 0.736328 0.941667 0.060156 0.079167
0 0.286328 0.965104 0.052344 0.080208
0 0.449609 0.966146 0.061719 0.078125
0 0.632031 0.968229 0.060937 0.073958
2 0.432422 0.531250 0.067969 0.079167
1 0.189453 0.781250 0.058594 0.070833
