0 0.823047 0.209375 0.072656 0.102083
0 0.637109 0.082292 0.069531 0.093750
0 0.350000 0.342708 0.064062 0.100000
0 0.603516 0.618229 0.077344 0.098958
0 0.681641 0.630729 0.061719 0.090625
0 0.645703 0.575000 0.066406 0.102083
0 0.839063 0.808854 0.062500 0.080208
0 0.871094 0.769271 0.060937 0.094792
0 0.877344 0.930729 0.070312 0.090625
0 0.964063 0.912500 0.071875 0.077083
0 0.441016 0.098958 0.075781 0.081250
0 0.975000 0.144792 0.050000 0.097917
0 0.945703 0.582812 0.066406 0.086458
0 0.041016 0.405208 0.072656 0.097917
0 0.710156 0.263542 0.054688 0.081250
0 0.717187 0.316146 0.085938 0.076042
0 0.446875 0.039583 0.065625 0.079167
0 0.856250 0.041667 0.067187 0.083333
0 0.096875 0.043750 0.081250 0.087500
0 0.514844 0.056250 0.082812 0.087500
0 0.372266 0.078125 0.069531 0.106250
0 0.709766 0.090625 0.086719 0.106250
0 0.867578 0.106771 0.069531 0.101042
0 0.507812 0.133854 0.068750 0.098958
0 0.439844 0.167708 0.067187 0.085417
0 0.712891 0.177604 0.082031 0.092708
0 0.546094 0.189062 0.073438 0.090625
0 0.892578 0.192188 0.077344 0.096875
0 0.035937 0.214062 0.071875 0.115625
0 0.342578 0.225521 0.074219 0.096875
0 0.658594 0.241667 0.062500 0.104167
0 0.593750 0.243750 0.085938 0.120833
0 0.397266 0.259896 0.075781 0.096875
0 0.946875 0.280729 0.081250 0.092708
0 0.780469 0.285417 0.073438 0.102083
0 0.252344 0.321875 0.075000 0.093750
0 0.405859 0.346354 0.060156 0.096875
0 0.694922 0.368750 0.078906 0.114583
0 0.841797 0.344792 0.069531 0.116667
0 0.474219 0.365104 0.062500 0.107292
0 0.788281 0.360417 0.064062 0.091667
0 0.887891 0.376563 0.067969 0.090625
0 0.113281 0.379688 0.073438 0.092708
0 0.545312 0.382292 0.070312 0.110417
0 0.934766 0.415104 0.074219 0.084375
0 0.744531 0.423438 0.075000 0.090625
0 0.588281 0.426042 0.065625 0.091667
0 0.240234 0.421354 0.075781 0.088542
0 0.438281 0.439063 0.078125 0.094792
0 0.153516 0.437500 0.072656 0.095833
0 0.872266 0.442708 0.069531 0.093750
0 0.076172 0.450000 0.082031 0.100000
0 0.505469 0.452083 0.071875 0.093750
0 0.248438 0.459896 0.064062 0.080208
0 0.297656 0.463021 0.059375 0.101042
0 0.351562 0.473958 0.071875 0.089583
0 0.235156 0.498437 0.085938 0.086458
0 0.098437 0.500521 0.070312 0.082292
0 0.407422 0.505729 0.077344 0.086458
0 0.606250 0.518750 0.065625 0.104167
0 0.038672 0.519271 0.072656 0.090625
0 0.548438 0.525521 0.079687 0.105208
0 0.887500 0.546875 0.073438 0.112500
0 0.708594 0.561979 0.065625 0.094792
0 0.205859 0.567708 0.082031 0.114583
0 0.345703 0.588542 0.069531 0.097917
0 0.118750 0.598958 0.085938 0.100000
0 0.430469 0.605208 0.050000 0.093750
0 0.833594 0.613021 0.081250 0.096875
0 0.290234 0.627083 0.085156 0.110417
0 0.175000 0.659375 0.068750 0.127083
0 0.228906 0.658854 0.071875 0.105208
0 0.966797 0.657292 0.074219 0.114583
0 0.086719 0.670833 0.067187 0.106250
0 0.720313 0.670833 0.070312 0.097917
0 0.557813 0.677083 0.070312 0.100000
0 0.639844 0.697396 0.070312 0.073958
0 0.028125 0.690104 0.056250 0.092708
0 0.780469 0.692187 0.068750 0.088542
0 0.745703 0.697917 0.053906 0.066667
0 0.135937 0.711979 0.068750 0.092708
0 0.916016 0.726562 0.078906 0.101042
0 0.279297 0.746875 0.074219 0.112500
0 0.395703 0.749479 0.058594 0.086458
0 0.751172 0.756250 0.080469 0.093750
0 0.037500 0.757292 0.071875 0.093750
0 0.197266 0.768229 0.077344 0.094792
0 0.529297 0.772396 0.067969 0.101042
0 0.665234 0.783333 0.074219 0.095833
0 0.726172 0.798958 0.075781 0.095833
0 0.909375 0.842708 0.100000 0.072917
0 0.311719 0.845833 0.065625 0.118750
0 0.261719 0.848958 0.059375 0.104167
0 0.475781 0.853125 0.089063 0.085417
0 0.405859 0.869271 0.074219 0.096875
0 0.595703 0.877604 0.088281 0.078125
0 0.170313 0.917708 0.057813 0.089583
0 0.220312 0.921875 0.065625 0.108333
0 0.755859 0.919792 0.071094 0.102083
0 0.483203 0.928646 0.071094 0.098958
0 0.684375 0.925521 0.075000 0.092708
0 0.603906 0.942187 0.076563 0.084375
0 0.316016 0.953646 0.060156 0.103125
0 0.270313 0.949479 0.056250 0.111458
0 0.814453 0.966146 0.082031 0.078125
1 0.598437 0.754687 0.075000 0.107292
