0 0.265234 0.125521 0.057031 0.096875
0 0.367188 0.053125 0.065625 0.075000
0 0.245312 0.170313 0.062500 0.096875
0 0.125781 0.120313 0.070312 0.080208
0 0.092188 0.075000 0.059375 0.104167
0 0.045703 0.053646 0.047656 0.090625
0 0.439844 0.468750 0.064062 0.083333
0 0.560547 0.443750 0.066406 0.089583
0 0.586719 0.525000 0.089063 0.060417
0 0.648828 0.466146 0.067969 0.088542
0 0.617969 0.404687 0.062500 0.105208
0 0.553125 0.366146 0.071875 0.086458
0 0.909766 0.703646 0.072656 0.088542
0 0.912891 0.775521 0.060156 0.080208
0 0.816406 0.935937 0.070312 0.090625
0 0.959375 0.259375 0.070312 0.083333
0 0.648828 0.069792 0.078906 0.108333
0 0.053516 0.870833 0.074219 0.087500
0 0.933594 0.952604 0.060937 0.076042
0 0.148828 0.052604 0.075781 0.105208
0 0.500781 0.072396 0.082812 0.098958
0 0.887500 0.104688 0.068750 0.103125
0 0.711719 0.113542 0.073438 0.093750
0 0.328516 0.126042 0.077344 0.106250
0 0.541016 0.157292 0.071094 0.089583
0 0.794141 0.160938 0.085156 0.109375
0 0.958594 0.181771 0.082812 0.094792
0 0.630469 0.188542 0.082812 0.114583
0 0.438672 0.197917 0.089844 0.093750
0 0.308594 0.213021 0.076563 0.092708
0 0.052734 0.220312 0.072656 0.111458
0 0.576172 0.223958 0.071094 0.100000
0 0.840625 0.230208 0.084375 0.091667
0 0.375000 0.236458 0.078125 0.091667
0 0.471094 0.255729 0.082812 0.086458
0 0.731641 0.261979 0.078906 0.090625
0 0.644141 0.282292 0.067969 0.089583
0 0.889844 0.283854 0.081250 0.113542
0 0.319141 0.294271 0.063281 0.082292
0 0.368359 0.316667 0.072656 0.100000
0 0.246484 0.323437 0.071094 0.107292
0 0.590625 0.317188 0.079687 0.088542
0 0.480469 0.330729 0.085938 0.096875
0 0.681250 0.352083 0.076563 0.108333
0 0.776953 0.353646 0.077344 0.092708
0 0.869922 0.356250 0.074219 0.089583
0 0.476172 0.404687 0.085156 0.088542
0 0.914844 0.409896 0.073438 0.105208
0 0.828906 0.419271 0.084375 0.094792
0 0.229687 0.465104 0.075000 0.098958
0 0.734375 0.475000 0.071875 0.083333
0 0.113281 0.480208 0.068750 0.095833
0 0.808594 0.484896 0.079687 0.080208
0 0.355859 0.491667 0.086719 0.108333
0 0.673438 0.522917 0.084375 0.108333
0 0.913672 0.542188 0.071094 0.084375
0 0.121875 0.574479 0.070312 0.105208
0 0.701562 0.580729 0.076563 0.096875
0 0.244922 0.586979 0.080469 0.105208
0 0.564844 0.586458 0.075000 0.097917
0 0.771484 0.598958 0.074219 0.106250
0 0.831641 0.603125 0.071094 0.097917
0 0.298828 0.639062 0.077344 0.094792
0 0.083594 0.647917 0.073438 0.095833
0 0.687891 0.655729 0.069531 0.115625
0 0.197656 0.689583 0.076563 0.087500
0 0.775781 0.685937 0.073438 0.101042
0 0.485547 0.699479 0.078906 0.103125
0 0.116406 0.700000 0.078125 0.093750
0 0.038672 0.718229 0.077344 0.092708
0 0.839453 0.730729 0.078906 0.132292
0 0.626172 0.754167 0.077344 0.100000
0 0.238672 0.756771 0.088281 0.101042
0 0.690625 0.764062 0.076563 0.090625
0 0.120703 0.777604 0.082031 0.092708
0 0.837891 0.788021 0.078906 0.098958
0 0.060937 0.790625 0.081250 0.106250
0 0.222266 0.821875 0.082031 0.093750
0 0.947266 0.833854 0.080469 0.113542
0 0.592187 0.850000 0.062500 0.104167
0 0.403516 0.872917 0.085156 0.129167
0 0.689453 0.863021 0.072656 0.105208
0 0.340625 0.882292 0.071875 0.114583
0 0.769141 0.893229 0.075781 0.113542
0 0.042578 0.964583 0.075781 0.081250
1 0.639062 0.651042 0.062500 0.108333
