0 0.055078 0.121354 0.066406 0.084375
0 0.051953 0.047917 0.066406 0.077083
0 0.202344 0.757292 0.071875 0.081250
0 0.142187 0.333333 0.056250 0.085417
0 0.300781 0.685937 0.064062 0.076042
0 0.268750 0.725521 0.060937 0.076042
0 0.308984 0.764583 0.053906 0.079167
0 0.543359 0.521354 0.064844 0.076042
0 0.906641 0.039583 0.063281 0.079167
0 0.833203 0.037500 0.069531 0.075000
0 0.179297 0.039583 0.078906 0.079167
0 0.115234 0.047396 0.058594 0.094792
0 0.047266 0.060937 0.094531 0.121875
0 0.722266 0.053646 0.091406 0.107292
0 0.578516 0.065104 0.080469 0.130208
0 0.629687 0.057813 0.057813 0.086458
0 0.215234 0.063021 0.064844 0.101042
0 0.264062 0.091667 0.054688 0.066667
0 0.426172 0.088542 0.063281 0.083333
0 0.677734 0.090625 0.053906 0.085417
0 0.469531 0.100000 0.064062 0.079167
0 0.775781 0.100521 0.064062 0.076042
0 0.707812 0.108333 0.053125 0.091667
0 0.908203 0.106771 0.064844 0.080208
0 0.131641 0.117188 0.072656 0.092708
0 0.840625 0.135417 0.054688 0.079167
0 0.369141 0.140104 0.061719 0.088542
0 0.772656 0.158333 0.067187 0.072917
0 0.283203 0.162500 0.074219 0.089583
0 0.455859 0.176563 0.061719 0.080208
0 0.657813 0.183333 0.050000 0.093750
0 0.620313 0.190625 0.053125 0.077083
0 0.835156 0.203646 0.070312 0.090625
0 0.941406 0.211979 0.057813 0.084375
0 0.459766 0.240104 0.057031 0.090625
0 0.748437 0.223438 0.071875 0.084375
0 0.391016 0.221354 0.071094 0.094792
0 0.312891 0.223438 0.075781 0.078125
0 0.137891 0.234375 0.060156 0.081250
0 0.892188 0.249479 0.062500 0.080208
0 0.502344 0.270833 0.065625 0.089583
0 0.606250 0.279167 0.060937 0.095833
0 0.684375 0.281771 0.067187 0.076042
0 0.775000 0.291146 0.057813 0.076042
0 0.040625 0.291667 0.067187 0.093750
0 0.300781 0.297396 0.073438 0.082292
0 0.407422 0.304167 0.060156 0.087500
0 0.960547 0.301563 0.086719 0.109375
0 0.867578 0.344792 0.064844 0.093750
0 0.545703 0.358854 0.071094 0.090625
0 0.299609 0.364063 0.064844 0.084375
0 0.619141 0.363542 0.066406 0.081250
0 0.350781 0.369792 0.064062 0.087500
0 0.728125 0.381250 0.059375 0.091667
0 0.946484 0.380208 0.067969 0.087500
0 0.079297 0.387500 0.066406 0.085417
0 0.237891 0.388542 0.071094 0.093750
0 0.833594 0.397917 0.062500 0.093750
0 0.635156 0.402604 0.067187 0.080208
0 0.182031 0.402604 0.065625 0.084375
0 0.287891 0.436979 0.066406 0.094792
0 0.812891 0.443229 0.069531 0.092708
0 0.749609 0.446354 0.061719 0.096875
0 0.089063 0.452083 0.067187 0.085417
0 0.165625 0.469271 0.059375 0.082292
0 0.646875 0.463542 0.078125 0.081250
0 0.392188 0.479687 0.059375 0.092708
0 0.703125 0.479687 0.059375 0.094792
0 0.871094 0.483333 0.064062 0.083333
0 0.492969 0.488021 0.057813 0.096875
0 0.341016 0.491667 0.067969 0.095833
0 0.287891 0.530208 0.069531 0.083333
0 0.030078 0.532813 0.060156 0.090625
0 0.670703 0.534375 0.069531 0.083333
0 0.825391 0.540104 0.072656 0.090625
0 0.153906 0.544792 0.089063 0.102083
0 0.906641 0.546875 0.057031 0.081250
0 0.435547 0.551042 0.063281 0.081250
0 0.626953 0.581250 0.061719 0.091667
0 0.855469 0.584896 0.059375 0.084375
0 0.941016 0.590625 0.067969 0.085417
0 0.690234 0.599479 0.069531 0.084375
0 0.308984 0.598437 0.074219 0.084375
0 0.046484 0.601562 0.067969 0.090625
0 0.494922 0.604167 0.061719 0.093750
0 0.436719 0.619271 0.065625 0.086458
0 0.196875 0.626563 0.067187 0.080208
0 0.950781 0.649479 0.068750 0.063542
0 0.091797 0.645833 0.047656 0.091667
0 0.786719 0.644271 0.064062 0.078125
0 0.051172 0.653125 0.057031 0.089583
0 0.387109 0.651042 0.066406 0.087500
0 0.884766 0.657813 0.072656 0.078125
0 0.139844 0.661458 0.057813 0.083333
0 0.187500 0.667708 0.060937 0.081250
0 0.544141 0.667708 0.061719 0.089583
0 0.738672 0.679688 0.060156 0.084375
0 0.528906 0.716146 0.064062 0.084375
0 0.119922 0.731771 0.074219 0.090625
0 0.926953 0.734896 0.066406 0.092708
0 0.604688 0.739583 0.064062 0.093750
0 0.551172 0.751042 0.066406 0.097917
0 0.401562 0.761458 0.064062 0.087500
0 0.794922 0.777604 0.058594 0.088542
0 0.652344 0.787500 0.067187 0.079167
0 0.834375 0.803125 0.067187 0.114583
0 0.097266 0.803646 0.066406 0.086458
0 0.528125 0.827083 0.060937 0.108333
0 0.717969 0.805208 0.059375 0.068750
0 0.409766 0.822396 0.061719 0.067708
0 0.895312 0.828646 0.065625 0.096875
0 0.277344 0.839583 0.053125 0.095833
0 0.966797 0.820312 0.074219 0.107292
0 0.237500 0.843750 0.050000 0.091667
0 0.192969 0.846875 0.064062 0.091667
0 0.617188 0.856250 0.064062 0.093750
0 0.718750 0.872396 0.071875 0.096875
0 0.330078 0.878125 0.077344 0.112500
0 0.826562 0.893229 0.071875 0.096875
0 0.756250 0.905208 0.064062 0.091667
0 0.589844 0.922396 0.048438 0.063542
0 0.505469 0.905729 0.060937 0.103125
0 0.124609 0.923438 0.058594 0.092708
0 0.078906 0.922917 0.056250 0.085417
0 0.697656 0.946875 0.071875 0.116667
0 0.171094 0.920312 0.060937 0.069792
0 0.636328 0.949479 0.063281 0.111458
0 0.463281 0.938021 0.068750 0.090625
0 0.297266 0.953125 0.060156 0.083333
0 0.778516 0.956250 0.067969 0.075000
0 0.419141 0.964063 0.063281 0.082292
0 0.976562 0.939063 0.054688 0.132292
0 0.357031 0.967708 0.089063 0.075000
3 0.647656 0.702604 0.068750 0.096875
