0 0.374219 0.402604 0.060937 0.082292
0 0.401172 0.450000 0.088281 0.075000
0 0.376563 0.507812 0.075000 0.059375
0 0.362109 0.571875 0.066406 0.064583
0 0.300000 0.531250 0.059375 0.070833
0 0.289453 0.453646 0.053906 0.098958
0 0.334375 0.476042 0.059375 0.072917
0 0.349219 0.389583 0.067187 0.104167
0 0.033594 0.901042 0.067187 0.097917
0 0.612500 0.807813 0.075000 0.082292
0 0.701172 0.778125 0.074219 0.064583
0 0.691406 0.721875 0.076563 0.070833
0 0.950000 0.908333 0.071875 0.095833
0 0.756641 0.234375 0.075781 0.087500
0 0.874609 0.186458 0.066406 0.085417
0 0.921875 0.063542 0.068750 0.079167
0 0.910937 0.130729 0.075000 0.069792
0 0.856641 0.099479 0.075781 0.084375
0 0.776563 0.101562 0.068750 0.071875
0 0.753125 0.157292 0.059375 0.081250
0 0.813672 0.194792 0.074219 0.085417
0 0.082422 0.763021 0.060156 0.053125
0 0.028516 0.733333 0.055469 0.075000
0 0.730859 0.076042 0.067969 0.112500
0 0.656250 0.146875 0.051562 0.106250
0 0.698047 0.160417 0.058594 0.104167
0 0.254688 0.427083 0.062500 0.102083
0 0.451953 0.497917 0.074219 0.089583
0 0.242188 0.504687 0.059375 0.063542
0 0.192578 0.518229 0.053906 0.094792
0 0.300000 0.595833 0.079687 0.081250
0 0.124219 0.580208 0.067187 0.106250
0 0.068359 0.604688 0.060156 0.105208
0 0.227734 0.596875 0.071094 0.095833
0 0.645703 0.634375 0.061719 0.097917
0 0.131641 0.656771 0.089844 0.090625
0 0.219922 0.666146 0.080469 0.076042
0 0.341406 0.662500 0.076563 0.085417
0 0.668750 0.680208 0.068750 0.089583
0 0.083984 0.698958 0.071094 0.085417
0 0.151953 0.714583 0.077344 0.083333
0 0.590625 0.719271 0.065625 0.092708
0 0.519531 0.730729 0.064062 0.101042
0 0.227734 0.740625 0.060156 0.083333
0 0.547656 0.771354 0.060937 0.103125
0 0.057813 0.819792 0.064062 0.083333
0 0.516406 0.824479 0.062500 0.084375
0 0.306641 0.844271 0.063281 0.107292
0 0.694141 0.844271 0.075781 0.069792
0 0.352344 0.851562 0.070312 0.090625
0 0.588281 0.855208 0.071875 0.093750
0 0.385156 0.882292 0.073438 0.102083
0 0.639453 0.891667 0.061719 0.083333
0 0.688281 0.925521 0.067187 0.084375
0 0.876953 0.925000 0.066406 0.085417
0 0.280078 0.926042 0.057031 0.079167
0 0.335156 0.939583 0.076563 0.104167
0 0.064453 0.926562 0.067969 0.101042
3 0.634766 0.764583 0.078906 0.104167
1 0.171875 0.601042 0.059375 0.097917
