0 0.757812 0.933333 0.059375 0.070833
0 0.112500 0.567708 0.068750 0.087500
0 0.068750 0.543750 0.064062 0.091667
0 0.103125 0.487500 0.070312 0.095833
0 0.137500 0.478646 0.056250 0.098958
0 0.441406 0.765625 0.070312 0.091667
0 0.389062 0.776042 0.067187 0.097917
0 0.706641 0.046354 0.052344 0.092708
0 0.223047 0.043229 0.066406 0.086458
0 0.661719 0.045312 0.068750 0.090625
0 0.565234 0.048958 0.053906 0.091667
0 0.607422 0.047917 0.053906 0.095833
0 0.928906 0.073958 0.053125 0.072917
0 0.235937 0.079167 0.064062 0.079167
0 0.067969 0.081250 0.070312 0.087500
0 0.677734 0.128125 0.047656 0.077083
0 0.714453 0.150521 0.063281 0.126042
0 0.098437 0.158333 0.065625 0.087500
0 0.929688 0.152083 0.076563 0.100000
0 0.279297 0.151042 0.055469 0.102083
0 0.182422 0.181771 0.060156 0.094792
0 0.242969 0.186458 0.054688 0.079167
0 0.328125 0.191667 0.070312 0.068750
0 0.804297 0.196875 0.060156 0.077083
0 0.468359 0.222917 0.058594 0.081250
0 0.521875 0.222396 0.060937 0.086458
0 0.671094 0.234375 0.051562 0.077083
0 0.410938 0.236979 0.059375 0.090625
0 0.333594 0.247396 0.062500 0.076042
0 0.920703 0.263542 0.083594 0.077083
0 0.029297 0.284896 0.058594 0.094792
0 0.273828 0.304167 0.061719 0.091667
0 0.344531 0.313021 0.067187 0.086458
0 0.765625 0.317708 0.062500 0.081250
0 0.215625 0.321875 0.048438 0.091667
0 0.174609 0.328125 0.064844 0.091667
0 0.918750 0.336979 0.065625 0.096875
0 0.789062 0.355729 0.067187 0.086458
0 0.692187 0.356250 0.062500 0.097917
0 0.101562 0.363542 0.048438 0.062500
0 0.375781 0.382292 0.054688 0.089583
0 0.965625 0.399479 0.070312 0.096875
0 0.086328 0.410938 0.091406 0.082292
0 0.239063 0.432292 0.067187 0.081250
0 0.755859 0.433854 0.057031 0.080208
0 0.418359 0.439063 0.060156 0.080208
0 0.566406 0.445833 0.065625 0.100000
0 0.798047 0.450000 0.060156 0.089583
0 0.858594 0.472917 0.057813 0.085417
0 0.353906 0.486979 0.065625 0.094792
0 0.633594 0.502083 0.054688 0.091667
0 0.257031 0.495312 0.070312 0.088542
0 0.198437 0.501563 0.071875 0.092708
0 0.725000 0.501042 0.068750 0.091667
0 0.574609 0.517188 0.066406 0.088542
0 0.487500 0.527604 0.075000 0.084375
0 0.919922 0.557813 0.082031 0.069792
0 0.268359 0.558854 0.072656 0.076042
0 0.436328 0.572396 0.057031 0.090625
0 0.189062 0.575521 0.059375 0.088542
0 0.812500 0.585938 0.060937 0.084375
0 0.712109 0.603646 0.064844 0.092708
0 0.275781 0.613021 0.068750 0.063542
0 0.365234 0.630729 0.088281 0.073958
0 0.910547 0.629687 0.058594 0.090625
0 0.446875 0.635938 0.082812 0.069792
0 0.152344 0.644792 0.060937 0.083333
0 0.872266 0.654167 0.055469 0.114583
0 0.766797 0.666146 0.067969 0.092708
0 0.539844 0.666667 0.062500 0.083333
0 0.828125 0.680208 0.065625 0.095833
0 0.075781 0.686458 0.068750 0.079167
0 0.794141 0.710938 0.064844 0.113542
0 0.411328 0.693750 0.074219 0.077083
0 0.608984 0.713542 0.072656 0.087500
0 0.033594 0.710417 0.067187 0.102083
0 0.178906 0.720313 0.068750 0.092708
0 0.350391 0.723437 0.063281 0.088542
0 0.678125 0.731771 0.062500 0.082292
0 0.954688 0.755729 0.098437 0.101042
0 0.883984 0.745833 0.058594 0.079167
0 0.541797 0.776042 0.067969 0.085417
0 0.134375 0.781771 0.068750 0.080208
0 0.838672 0.797396 0.060156 0.086458
0 0.274609 0.803646 0.064844 0.086458
0 0.589844 0.811979 0.062500 0.092708
0 0.644531 0.798958 0.070312 0.106250
0 0.212891 0.820312 0.071094 0.088542
0 0.810156 0.829688 0.060937 0.082292
0 0.706250 0.831771 0.057813 0.080208
0 0.424609 0.836979 0.060156 0.067708
0 0.109766 0.843750 0.060156 0.089583
0 0.529687 0.856771 0.067187 0.084375
0 0.193359 0.877083 0.066406 0.095833
0 0.288281 0.885417 0.060937 0.081250
0 0.470703 0.887500 0.066406 0.083333
0 0.697266 0.894271 0.058594 0.088542
0 0.379688 0.925521 0.062500 0.082292
0 0.852344 0.951562 0.051562 0.092708
0 0.626953 0.950521 0.053906 0.080208
0 0.581250 0.958333 0.060937 0.093750
0 0.497266 0.958854 0.066406 0.092708
0 0.331641 0.963021 0.077344 0.084375
1 0.508203 0.596354 0.060156 0.092708
2 0.886719 0.153646 0.092188 0.090625
1 0.414062 0.355729 0.060937 0.094792
