0 0.257031 0.155208 0.056250 0.079167
0 0.230469 0.060937 0.056250 0.069792
0 0.598437 0.110937 0.057813 0.073958
0 0.203516 0.152604 0.055469 0.069792
0 0.305078 0.188542 0.053906 0.064583
0 0.303906 0.113021 0.059375 0.067708
0 0.071094 0.675521 0.062500 0.078125
0 0.050781 0.870313 0.062500 0.076042
0 0.698047 0.818229 0.058594 0.086458
0 0.738672 0.812500 0.057031 0.093750
0 0.931250 0.839583 0.051562 0.077083
0 0.915625 0.489583 0.059375 0.077083
0 0.951172 0.394271 0.060156 0.080208
0 0.932422 0.056250 0.057031 0.079167
0 0.896484 0.118229 0.050781 0.071875
0 0.295703 0.766667 0.057031 0.070833
0 0.044922 0.413542 0.063281 0.081250
0 0.513672 0.056250 0.064844 0.075000
0 0.622656 0.432812 0.096875 0.094792
0 0.115625 0.046354 0.090625 0.092708
0 0.725781 0.046875 0.081250 0.093750
0 0.430859 0.035417 0.063281 0.070833
0 0.366016 0.051042 0.086719 0.102083
0 0.656250 0.058854 0.076563 0.086458
0 0.823438 0.052083 0.059375 0.087500
0 0.424219 0.089063 0.065625 0.080208
0 0.100391 0.111979 0.066406 0.090625
0 0.718750 0.117188 0.062500 0.071875
0 0.946484 0.122396 0.066406 0.086458
0 0.798828 0.148958 0.064844 0.077083
0 0.437891 0.151562 0.061719 0.082292
0 0.044922 0.155208 0.063281 0.083333
0 0.730859 0.163021 0.066406 0.078125
0 0.384375 0.169792 0.062500 0.085417
0 0.600391 0.191667 0.075781 0.093750
0 0.673828 0.190104 0.058594 0.084375
0 0.098047 0.199479 0.061719 0.080208
0 0.722266 0.210938 0.061719 0.101042
0 0.167578 0.216146 0.067969 0.088542
0 0.503906 0.209375 0.090625 0.110417
0 0.373828 0.240625 0.064844 0.087500
0 0.417578 0.240625 0.052344 0.089583
0 0.139453 0.242708 0.060156 0.083333
0 0.975781 0.251563 0.056250 0.076042
0 0.931641 0.258854 0.057031 0.082292
0 0.298047 0.272396 0.058594 0.069792
0 0.758203 0.276562 0.064844 0.086458
0 0.545312 0.282292 0.059375 0.081250
0 0.105469 0.285938 0.064062 0.088542
0 0.849609 0.285938 0.058594 0.088542
0 0.054688 0.288542 0.060937 0.089583
0 0.806641 0.297917 0.058594 0.085417
0 0.251172 0.312500 0.064844 0.072917
0 0.603906 0.329688 0.060937 0.088542
0 0.682813 0.329167 0.076563 0.091667
0 0.738281 0.333333 0.057813 0.081250
0 0.345703 0.335938 0.086719 0.101042
0 0.157812 0.349479 0.078125 0.109375
0 0.254297 0.366146 0.063281 0.065625
0 0.512500 0.350521 0.078125 0.092708
0 0.449219 0.370833 0.076563 0.106250
0 0.840625 0.384896 0.062500 0.111458
0 0.666797 0.384375 0.063281 0.068750
0 0.222656 0.390104 0.070312 0.090625
0 0.505859 0.412500 0.066406 0.064583
0 0.574609 0.396354 0.060156 0.086458
0 0.282813 0.401562 0.056250 0.078125
0 0.398828 0.400521 0.063281 0.086458
0 0.328516 0.398958 0.060156 0.075000
0 0.095312 0.420312 0.065625 0.086458
0 0.730469 0.433333 0.057813 0.083333
0 0.168359 0.431250 0.061719 0.087500
0 0.441406 0.451042 0.059375 0.085417
0 0.326953 0.460417 0.047656 0.081250
0 0.366797 0.465625 0.057031 0.095833
0 0.796875 0.461458 0.064062 0.085417
0 0.196094 0.470313 0.067187 0.088542
0 0.312500 0.475000 0.057813 0.085417
0 0.669141 0.488542 0.063281 0.087500
0 0.719922 0.500521 0.061719 0.084375
0 0.611328 0.507292 0.066406 0.091667
0 0.173437 0.510938 0.059375 0.082292
0 0.517188 0.507812 0.062500 0.086458
0 0.273438 0.522917 0.059375 0.079167
0 0.763281 0.523438 0.059375 0.080208
0 0.817969 0.523958 0.056250 0.075000
0 0.974609 0.552083 0.058594 0.108333
0 0.044141 0.540625 0.088281 0.108333
0 0.553906 0.542188 0.064062 0.078125
0 0.416406 0.543750 0.060937 0.083333
0 0.124609 0.563542 0.057031 0.093750
0 0.488281 0.572396 0.059375 0.080208
0 0.050391 0.585938 0.072656 0.073958
0 0.167578 0.581250 0.060156 0.100000
0 0.306641 0.584896 0.066406 0.084375
0 0.814063 0.588542 0.060937 0.085417
0 0.223438 0.606250 0.067187 0.087500
0 0.614844 0.606771 0.067187 0.092708
0 0.955078 0.610417 0.057031 0.066667
0 0.728516 0.615625 0.060156 0.081250
0 0.475781 0.622396 0.057813 0.073958
0 0.562891 0.639062 0.063281 0.086458
0 0.880469 0.645833 0.062500 0.081250
0 0.638672 0.644792 0.066406 0.085417
0 0.322656 0.649479 0.068750 0.090625
0 0.185156 0.660937 0.076563 0.113542
0 0.509375 0.688021 0.065625 0.117708
0 0.277344 0.684896 0.062500 0.076042
0 0.672266 0.688021 0.049219 0.080208
0 0.714063 0.682813 0.059375 0.090625
0 0.762500 0.691667 0.065625 0.085417
0 0.563672 0.709375 0.074219 0.087500
0 0.880078 0.719271 0.060156 0.086458
0 0.928516 0.729688 0.061719 0.076042
0 0.124219 0.729688 0.064062 0.082292
0 0.716016 0.737500 0.060156 0.072917
0 0.341016 0.739062 0.067969 0.094792
0 0.435937 0.747917 0.067187 0.093750
0 0.594531 0.752083 0.062500 0.083333
0 0.829297 0.757292 0.060156 0.081250
0 0.212891 0.768750 0.063281 0.091667
0 0.517188 0.791667 0.057813 0.077083
0 0.873437 0.806250 0.062500 0.083333
0 0.560547 0.807813 0.063281 0.080208
0 0.584766 0.846354 0.066406 0.080208
0 0.805469 0.846875 0.064062 0.087500
0 0.391797 0.846875 0.064844 0.089583
0 0.137500 0.853646 0.065625 0.084375
0 0.198828 0.880729 0.063281 0.086458
0 0.309375 0.888542 0.059375 0.077083
0 0.433203 0.903646 0.063281 0.080208
0 0.875781 0.921354 0.064062 0.088542
0 0.703906 0.927604 0.064062 0.084375
0 0.152734 0.932292 0.060156 0.085417
0 0.585156 0.955208 0.101562 0.100000
0 0.197266 0.960417 0.057031 0.081250
0 0.351953 0.965625 0.063281 0.079167
0 0.119531 0.968229 0.087500 0.073958
2 0.485938 0.940625 0.057813 0.075000
2 0.494141 0.213542 0.066406 0.087500
2 0.252734 0.897917 0.064844 0.081250
1 0.338672 0.326042 0.064844 0.077083
