0 0.135156 0.526563 0.068750 0.088542
0 0.246094 0.123958 0.070312 0.075000
0 0.807031 0.050521 0.068750 0.082292
0 0.092578 0.345833 0.060156 0.083333
0 0.455078 0.034896 0.063281 0.069792
0 0.346875 0.041146 0.062500 0.082292
0 0.393750 0.041667 0.059375 0.083333
0 0.305078 0.043750 0.055469 0.087500
0 0.244531 0.049479 0.064062 0.078125
0 0.962500 0.076042 0.059375 0.081250
0 0.892578 0.077604 0.061719 0.084375
0 0.426953 0.086458 0.072656 0.089583
0 0.342187 0.100000 0.085938 0.077083
0 0.834766 0.104167 0.061719 0.081250
0 0.382422 0.139583 0.067969 0.085417
0 0.937109 0.138542 0.074219 0.100000
0 0.483984 0.155208 0.050781 0.068750
0 0.898828 0.176563 0.066406 0.101042
0 0.841797 0.177083 0.066406 0.083333
0 0.874609 0.234896 0.060156 0.084375
0 0.940234 0.240104 0.066406 0.094792
0 0.188672 0.248958 0.058594 0.081250
0 0.825781 0.254688 0.064062 0.092708
0 0.555469 0.283854 0.064062 0.090625
0 0.748437 0.294271 0.064062 0.086458
0 0.365625 0.305208 0.064062 0.085417
0 0.614453 0.304688 0.066406 0.096875
0 0.148438 0.307812 0.073438 0.096875
0 0.698047 0.312500 0.052344 0.066667
0 0.859375 0.310417 0.079687 0.079167
0 0.958203 0.322396 0.064844 0.092708
0 0.514062 0.341667 0.067187 0.091667
0 0.791016 0.336979 0.067969 0.082292
0 0.572656 0.348438 0.068750 0.082292
0 0.903906 0.346354 0.065625 0.096875
0 0.031641 0.356771 0.061719 0.094792
0 0.225000 0.348438 0.059375 0.086458
0 0.660937 0.353646 0.071875 0.092708
0 0.725391 0.366667 0.064844 0.085417
0 0.183203 0.368229 0.053906 0.088542
0 0.362500 0.380729 0.064062 0.080208
0 0.133203 0.384375 0.060156 0.077083
0 0.066406 0.406250 0.059375 0.079167
0 0.626172 0.410938 0.060156 0.098958
0 0.577344 0.419792 0.057813 0.075000
0 0.815625 0.418229 0.059375 0.076042
0 0.932813 0.415625 0.068750 0.095833
0 0.682422 0.426042 0.066406 0.089583
0 0.025781 0.426042 0.051562 0.075000
0 0.106250 0.447917 0.068750 0.091667
0 0.166797 0.457813 0.067969 0.096875
0 0.534766 0.443229 0.055469 0.111458
0 0.704297 0.505208 0.064844 0.104167
0 0.913672 0.498958 0.064844 0.083333
0 0.214453 0.506250 0.064844 0.089583
0 0.071484 0.524479 0.063281 0.080208
0 0.387109 0.541146 0.057031 0.086458
0 0.733984 0.542708 0.061719 0.095833
0 0.846875 0.551562 0.056250 0.076042
0 0.793359 0.542708 0.063281 0.104167
0 0.953516 0.565104 0.063281 0.092708
0 0.186719 0.565625 0.071875 0.093750
0 0.543750 0.577083 0.054688 0.102083
0 0.487891 0.571354 0.067969 0.084375
0 0.626172 0.574479 0.064844 0.084375
0 0.038281 0.586458 0.065625 0.087500
0 0.427734 0.592708 0.061719 0.087500
0 0.920703 0.608854 0.052344 0.084375
0 0.763281 0.610938 0.064062 0.096875
0 0.706250 0.618750 0.062500 0.087500
0 0.822656 0.618229 0.068750 0.098958
0 0.591016 0.624479 0.064844 0.086458
0 0.498437 0.636979 0.065625 0.071875
0 0.221875 0.645833 0.062500 0.093750
0 0.171484 0.646354 0.063281 0.086458
0 0.886719 0.661979 0.078125 0.076042
0 0.441406 0.664583 0.068750 0.091667
0 0.545703 0.675000 0.060156 0.100000
0 0.043359 0.676562 0.086719 0.105208
0 0.743359 0.685937 0.067969 0.090625
0 0.624219 0.693229 0.064062 0.090625
0 0.683984 0.701042 0.057031 0.089583
0 0.493750 0.708333 0.060937 0.083333
0 0.804688 0.704167 0.068750 0.095833
0 0.265234 0.707812 0.064844 0.084375
0 0.881641 0.733854 0.063281 0.073958
0 0.214453 0.745833 0.063281 0.085417
0 0.028516 0.747917 0.057031 0.091667
0 0.399609 0.758854 0.061719 0.080208
0 0.457031 0.753125 0.065625 0.087500
0 0.762109 0.763542 0.058594 0.085417
0 0.641016 0.776563 0.057031 0.086458
0 0.137891 0.775521 0.047656 0.067708
0 0.705859 0.781771 0.063281 0.090625
0 0.069922 0.807292 0.060156 0.079167
0 0.240625 0.814583 0.060937 0.089583
0 0.294922 0.828125 0.057031 0.093750
0 0.389844 0.822917 0.062500 0.077083
0 0.031641 0.835417 0.063281 0.093750
0 0.451562 0.831771 0.067187 0.086458
0 0.671484 0.833333 0.061719 0.079167
0 0.135937 0.846875 0.060937 0.083333
0 0.744922 0.849479 0.061719 0.088542
0 0.932031 0.845833 0.064062 0.070833
0 0.193750 0.846875 0.062500 0.083333
0 0.485547 0.880729 0.066406 0.080208
0 0.338672 0.880208 0.067969 0.095833
0 0.078906 0.888542 0.064062 0.087500
0 0.884375 0.885938 0.057813 0.069792
0 0.652734 0.907813 0.067969 0.090625
0 0.713672 0.905208 0.063281 0.083333
0 0.546875 0.910417 0.062500 0.087500
0 0.933203 0.942708 0.080469 0.125000
0 0.197266 0.928646 0.067969 0.080208
0 0.450000 0.942708 0.056250 0.091667
0 0.505859 0.943229 0.063281 0.080208
0 0.878516 0.952604 0.063281 0.082292
0 0.807422 0.960938 0.063281 0.088542
0 0.617578 0.967187 0.060156 0.071875
0 0.685156 0.966146 0.068750 0.078125
0 0.065625 0.968229 0.062500 0.073958
0 0.735156 0.964583 0.054688 0.081250
