0 0.131641 0.421354 0.053906 0.082292
0 0.327344 0.929688 0.059375 0.067708
0 0.755078 0.234896 0.061719 0.065625
0 0.045703 0.040625 0.060156 0.081250
0 0.600391 0.041667 0.069531 0.083333
0 0.148438 0.045312 0.067187 0.090625
0 0.669922 0.042708 0.066406 0.085417
0 0.746094 0.040625 0.067187 0.081250
0 0.202734 0.067187 0.061719 0.080208
0 0.433203 0.058333 0.088281 0.116667
0 0.843750 0.069271 0.064062 0.080208
0 0.383203 0.077604 0.066406 0.086458
0 0.299219 0.084375 0.059375 0.077083
0 0.955078 0.086979 0.057031 0.078125
0 0.064062 0.101042 0.057813 0.085417
0 0.542578 0.123438 0.060156 0.080208
0 0.598828 0.123958 0.057031 0.089583
0 0.790625 0.126042 0.065625 0.085417
0 0.880859 0.135417 0.066406 0.089583
0 0.108594 0.140625 0.070312 0.089583
0 0.217188 0.144271 0.064062 0.084375
0 0.357812 0.148438 0.071875 0.090625
0 0.656250 0.155729 0.060937 0.082292
0 0.717578 0.172396 0.069531 0.090625
0 0.446484 0.174479 0.060156 0.080208
0 0.053516 0.190104 0.063281 0.082292
0 0.156641 0.193750 0.066406 0.087500
0 0.949219 0.197396 0.064062 0.086458
0 0.303125 0.207813 0.059375 0.094792
0 0.394922 0.208333 0.058594 0.077083
0 0.247656 0.219792 0.057813 0.079167
0 0.492188 0.229687 0.070312 0.084375
0 0.109375 0.248438 0.064062 0.086458
0 0.653516 0.251563 0.058594 0.086458
0 0.345313 0.261458 0.068750 0.087500
0 0.201953 0.263542 0.057031 0.075000
0 0.053125 0.267188 0.059375 0.071875
0 0.921875 0.271875 0.057813 0.079167
0 0.704297 0.289583 0.064844 0.085417
0 0.596484 0.298958 0.077344 0.097917
0 0.782422 0.307292 0.066406 0.085417
0 0.860938 0.313542 0.067187 0.072917
0 0.124219 0.324479 0.065625 0.084375
0 0.306641 0.325521 0.066406 0.086458
0 0.383984 0.328125 0.069531 0.087500
0 0.046875 0.334375 0.053125 0.066667
0 0.207031 0.338021 0.065625 0.073958
0 0.926562 0.383333 0.065625 0.083333
0 0.814844 0.384375 0.064062 0.085417
0 0.570703 0.385937 0.060156 0.078125
0 0.414062 0.398438 0.075000 0.078125
0 0.677344 0.397396 0.064062 0.084375
0 0.298047 0.409375 0.058594 0.079167
0 0.476562 0.439583 0.050000 0.062500
0 0.607422 0.444792 0.066406 0.093750
0 0.189844 0.451562 0.056250 0.071875
0 0.765234 0.452604 0.060156 0.080208
0 0.085938 0.454167 0.057813 0.079167
0 0.928516 0.470833 0.060156 0.085417
0 0.414453 0.472917 0.064844 0.083333
0 0.234375 0.493750 0.064062 0.083333
0 0.651953 0.495833 0.071094 0.083333
0 0.572656 0.497396 0.065625 0.088542
0 0.359766 0.503125 0.061719 0.077083
0 0.297656 0.505729 0.060937 0.084375
0 0.881641 0.507812 0.064844 0.084375
0 0.725781 0.513542 0.067187 0.083333
0 0.176172 0.539583 0.066406 0.087500
0 0.053516 0.539583 0.066406 0.081250
0 0.816016 0.553125 0.064844 0.087500
0 0.500391 0.576042 0.064844 0.089583
0 0.648047 0.577083 0.066406 0.079167
0 0.429297 0.594271 0.060156 0.076042
0 0.219141 0.597917 0.064844 0.087500
0 0.164453 0.625521 0.058594 0.078125
0 0.030078 0.631250 0.060156 0.085417
0 0.723828 0.636979 0.058594 0.086458
0 0.924219 0.635938 0.067187 0.090625
0 0.280078 0.634896 0.066406 0.088542
0 0.781250 0.640625 0.059375 0.089583
0 0.541016 0.650000 0.067969 0.091667
0 0.336719 0.652083 0.068750 0.077083
0 0.626563 0.656250 0.078125 0.089583
0 0.083203 0.658854 0.061719 0.078125
0 0.397656 0.663542 0.054688 0.077083
0 0.458984 0.665625 0.063281 0.083333
0 0.832031 0.677083 0.062500 0.083333
0 0.203906 0.677604 0.054688 0.078125
0 0.975000 0.681771 0.057813 0.082292
0 0.679297 0.684375 0.066406 0.087500
0 0.129688 0.697396 0.067187 0.071875
0 0.876953 0.722396 0.063281 0.076042
0 0.337891 0.724479 0.060156 0.073958
0 0.507422 0.724479 0.064844 0.084375
0 0.060547 0.725000 0.067969 0.081250
0 0.812109 0.735938 0.064844 0.076042
0 0.606641 0.741667 0.064844 0.087500
0 0.187891 0.747396 0.055469 0.084375
0 0.394141 0.743229 0.061719 0.084375
0 0.244922 0.756771 0.067969 0.088542
0 0.953516 0.754167 0.069531 0.081250
0 0.133203 0.766146 0.064844 0.082292
0 0.312500 0.797396 0.057813 0.088542
0 0.654687 0.794271 0.062500 0.086458
0 0.864453 0.796354 0.064844 0.080208
0 0.035547 0.802083 0.071094 0.091667
0 0.560156 0.812500 0.064062 0.079167
0 0.260547 0.827083 0.061719 0.081250
0 0.159766 0.843750 0.063281 0.085417
0 0.901563 0.844792 0.070312 0.079167
0 0.619922 0.855729 0.061719 0.080208
0 0.433984 0.858854 0.071094 0.088542
0 0.708594 0.860417 0.062500 0.083333
0 0.349219 0.860417 0.065625 0.081250
0 0.065234 0.878125 0.064844 0.083333
0 0.833984 0.887500 0.069531 0.091667
0 0.258984 0.912500 0.067969 0.089583
0 0.753516 0.915625 0.064844 0.085417
0 0.137109 0.917188 0.052344 0.084375
0 0.532813 0.917708 0.067187 0.087500
0 0.878906 0.918229 0.057813 0.084375
0 0.190234 0.926042 0.055469 0.075000
0 0.594922 0.927604 0.060156 0.088542
0 0.684375 0.931250 0.065625 0.083333
0 0.102734 0.950521 0.066406 0.078125
0 0.429688 0.955208 0.060937 0.083333
2 0.461719 0.779167 0.090625 0.093750
2 0.485547 0.358333 0.096094 0.077083
2 0.463672 0.781250 0.091406 0.091667
