0 0.499219 0.232813 0.053125 0.086458
0 0.104297 0.196354 0.061719 0.084375
0 0.159766 0.331250 0.067969 0.081250
0 0.566406 0.045833 0.059375 0.077083
0 0.424219 0.061979 0.067187 0.092708
0 0.175391 0.037500 0.067969 0.075000
0 0.472266 0.045312 0.057031 0.090625
0 0.110547 0.038542 0.058594 0.077083
0 0.692578 0.047917 0.057031 0.095833
0 0.246484 0.052604 0.057031 0.078125
0 0.303906 0.060937 0.057813 0.088542
0 0.357812 0.083333 0.064062 0.083333
0 0.795312 0.085938 0.064062 0.096875
0 0.516016 0.084375 0.067969 0.095833
0 0.954297 0.101042 0.067969 0.108333
0 0.637500 0.115104 0.062500 0.094792
0 0.174609 0.119792 0.061719 0.085417
0 0.033203 0.131250 0.066406 0.085417
0 0.466016 0.132812 0.061719 0.082292
0 0.742188 0.143229 0.060937 0.084375
0 0.367188 0.163542 0.071875 0.085417
0 0.869922 0.171354 0.064844 0.088542
0 0.667188 0.184896 0.062500 0.073958
0 0.435937 0.190625 0.059375 0.079167
0 0.801953 0.191667 0.063281 0.089583
0 0.948828 0.194271 0.061719 0.078125
0 0.590234 0.200000 0.061719 0.083333
0 0.331641 0.205208 0.058594 0.081250
0 0.040625 0.211979 0.064062 0.082292
0 0.241406 0.227083 0.064062 0.087500
0 0.873437 0.250521 0.073438 0.082292
0 0.730469 0.259896 0.064062 0.086458
0 0.453516 0.261458 0.057031 0.077083
0 0.128516 0.266146 0.069531 0.090625
0 0.939453 0.268229 0.064844 0.078125
0 0.811719 0.280208 0.057813 0.091667
0 0.542578 0.281771 0.058594 0.076042
0 0.330078 0.289062 0.061719 0.090625
0 0.602734 0.288021 0.061719 0.086458
0 0.211719 0.290625 0.062500 0.079167
0 0.070312 0.310937 0.065625 0.086458
0 0.977344 0.319792 0.053125 0.087500
0 0.413672 0.326562 0.052344 0.073958
0 0.292578 0.328125 0.066406 0.089583
0 0.467578 0.339062 0.060156 0.086458
0 0.707812 0.340104 0.057813 0.084375
0 0.774219 0.339583 0.064062 0.089583
0 0.907813 0.342708 0.062500 0.083333
0 0.645312 0.357292 0.060937 0.085417
0 0.364453 0.359896 0.060156 0.082292
0 0.096875 0.366667 0.073438 0.079167
0 0.520312 0.369792 0.060937 0.072917
0 0.826562 0.389583 0.067187 0.087500
0 0.255469 0.417708 0.059375 0.081250
0 0.408984 0.418229 0.077344 0.090625
0 0.900781 0.425521 0.062500 0.084375
0 0.669141 0.434375 0.061719 0.085417
0 0.081641 0.446354 0.063281 0.090625
0 0.202734 0.443229 0.064844 0.082292
0 0.323828 0.452083 0.066406 0.089583
0 0.730078 0.463542 0.064844 0.085417
0 0.580859 0.464583 0.063281 0.081250
0 0.138281 0.473438 0.057813 0.078125
0 0.378516 0.483333 0.063281 0.091667
0 0.800391 0.486979 0.069531 0.092708
0 0.949219 0.482292 0.065625 0.089583
0 0.445703 0.494271 0.058594 0.080208
0 0.046094 0.503646 0.067187 0.105208
0 0.187109 0.511979 0.066406 0.073958
0 0.692187 0.516667 0.065625 0.089583
0 0.629687 0.523438 0.062500 0.086458
0 0.837500 0.535417 0.073438 0.085417
0 0.297266 0.529167 0.061719 0.085417
0 0.904297 0.530208 0.060156 0.085417
0 0.548438 0.537500 0.067187 0.079167
0 0.083984 0.576042 0.069531 0.081250
0 0.433984 0.580208 0.060156 0.085417
0 0.184766 0.585417 0.067969 0.081250
0 0.770312 0.587500 0.060937 0.083333
0 0.258594 0.587500 0.060937 0.077083
0 0.321484 0.606250 0.064844 0.081250
0 0.831641 0.607292 0.071094 0.077083
0 0.710938 0.611979 0.062500 0.080208
0 0.540234 0.615104 0.069531 0.088542
0 0.905078 0.617708 0.063281 0.089583
0 0.960938 0.637500 0.057813 0.104167
0 0.148047 0.630208 0.063281 0.081250
0 0.396875 0.642708 0.062500 0.089583
0 0.074219 0.650000 0.053125 0.077083
0 0.660547 0.651042 0.064844 0.087500
0 0.498437 0.659375 0.068750 0.102083
0 0.346094 0.668750 0.057813 0.077083
0 0.748437 0.674479 0.062500 0.088542
0 0.808594 0.678646 0.062500 0.092708
0 0.028516 0.689063 0.057031 0.084375
0 0.447656 0.698438 0.064062 0.088542
0 0.294141 0.702083 0.057031 0.085417
0 0.167578 0.706250 0.060156 0.081250
0 0.237109 0.711979 0.061719 0.086458
0 0.108984 0.720313 0.069531 0.088542
0 0.915625 0.725521 0.062500 0.090625
0 0.860938 0.724479 0.057813 0.073958
0 0.534375 0.731250 0.071875 0.085417
0 0.972656 0.746875 0.057813 0.102083
0 0.778125 0.750000 0.062500 0.083333
0 0.678906 0.756250 0.062500 0.087500
0 0.319922 0.770312 0.075781 0.082292
0 0.420312 0.777604 0.059375 0.090625
0 0.521094 0.806250 0.064062 0.081250
0 0.869141 0.807813 0.067969 0.086458
0 0.172266 0.810417 0.064844 0.089583
0 0.619531 0.815104 0.056250 0.082292
0 0.362500 0.817187 0.070312 0.088542
0 0.966016 0.847396 0.067969 0.090625
0 0.287891 0.841146 0.060156 0.088542
0 0.228906 0.851042 0.065625 0.093750
0 0.817969 0.853125 0.062500 0.093750
0 0.754687 0.858854 0.067187 0.092708
0 0.446484 0.866146 0.061719 0.086458
0 0.117188 0.874479 0.064062 0.088542
0 0.529297 0.879687 0.066406 0.076042
0 0.061719 0.886979 0.057813 0.086458
0 0.611328 0.893229 0.066406 0.082292
0 0.922266 0.919271 0.058594 0.078125
0 0.488672 0.920833 0.064844 0.087500
0 0.664844 0.934375 0.064062 0.083333
0 0.348438 0.950521 0.054688 0.080208
0 0.753125 0.950521 0.073438 0.092708
0 0.033984 0.959375 0.064844 0.091667
0 0.400000 0.960938 0.056250 0.088542
0 0.093359 0.965625 0.060156 0.079167
0 0.573828 0.964583 0.060156 0.081250
0 0.962109 0.963542 0.061719 0.083333
0 0.813281 0.967187 0.059375 0.076042
4 0.511719 0.490625 0.082812 0.102083
