0 0.366406 0.380729 0.060937 0.084375
0 0.948438 0.555729 0.067187 0.086458
0 0.961328 0.234896 0.055469 0.069792
0 0.048438 0.657813 0.051562 0.090625
0 0.087500 0.785417 0.059375 0.102083
0 0.047656 0.792188 0.060937 0.090625
0 0.253906 0.900000 0.081250 0.072917
0 0.420312 0.948438 0.059375 0.084375
0 0.468359 0.964583 0.060156 0.070833
0 0.893359 0.822396 0.060156 0.076042
0 0.755469 0.046875 0.070312 0.077083
0 0.492969 0.055208 0.056250 0.064583
0 0.585547 0.473958 0.057031 0.085417
0 0.868750 0.084375 0.056250 0.066667
0 0.036328 0.944271 0.061719 0.078125
0 0.221094 0.043229 0.060937 0.078125
0 0.115234 0.055208 0.061719 0.089583
0 0.813281 0.067187 0.059375 0.080208
0 0.315234 0.070833 0.067969 0.079167
0 0.623047 0.078125 0.061719 0.083333
0 0.391016 0.083333 0.061719 0.077083
0 0.565625 0.084375 0.065625 0.079167
0 0.978125 0.085417 0.051562 0.075000
0 0.066797 0.089583 0.072656 0.087500
0 0.429688 0.101562 0.067187 0.078125
0 0.919922 0.117708 0.066406 0.079167
0 0.531250 0.127604 0.067187 0.082292
0 0.657813 0.117188 0.064062 0.101042
0 0.828906 0.129167 0.057813 0.075000
0 0.334766 0.135417 0.063281 0.079167
0 0.096094 0.145833 0.064062 0.087500
0 0.440625 0.152083 0.059375 0.081250
0 0.704688 0.161979 0.064062 0.073958
0 0.188281 0.165104 0.057813 0.076042
0 0.750781 0.182812 0.056250 0.090625
0 0.922266 0.182812 0.071094 0.084375
0 0.803516 0.182812 0.072656 0.080208
0 0.035937 0.191146 0.064062 0.082292
0 0.365625 0.202083 0.062500 0.077083
0 0.232422 0.216667 0.067969 0.079167
0 0.667188 0.219792 0.060937 0.083333
0 0.878516 0.234375 0.064844 0.077083
0 0.291797 0.244271 0.067969 0.076042
0 0.706641 0.248958 0.058594 0.079167
0 0.122656 0.256771 0.060937 0.082292
0 0.516797 0.258854 0.061719 0.084375
0 0.033984 0.267708 0.064844 0.083333
0 0.798438 0.289583 0.076563 0.095833
0 0.250391 0.293229 0.066406 0.076042
0 0.866406 0.302083 0.065625 0.089583
0 0.188672 0.322396 0.061719 0.071875
0 0.410938 0.333854 0.060937 0.094792
0 0.528906 0.336458 0.060937 0.085417
0 0.119531 0.356771 0.059375 0.078125
0 0.683203 0.372917 0.061719 0.083333
0 0.729688 0.392708 0.059375 0.100000
0 0.194531 0.395313 0.057813 0.069792
0 0.264062 0.405729 0.060937 0.086458
0 0.494922 0.404687 0.053906 0.076042
0 0.769922 0.433333 0.053906 0.083333
0 0.324609 0.437500 0.063281 0.087500
0 0.435156 0.442708 0.057813 0.077083
0 0.643359 0.447917 0.061719 0.085417
0 0.041406 0.456771 0.053125 0.078125
0 0.125391 0.456771 0.069531 0.082292
0 0.177344 0.472917 0.057813 0.085417
0 0.249219 0.474479 0.057813 0.084375
0 0.294922 0.485417 0.058594 0.075000
0 0.362109 0.492188 0.072656 0.076042
0 0.808203 0.489583 0.067969 0.091667
0 0.485938 0.494792 0.067187 0.085417
0 0.899609 0.504167 0.058594 0.083333
0 0.082812 0.507812 0.068750 0.088542
0 0.648438 0.517188 0.064062 0.076042
0 0.709766 0.548958 0.077344 0.102083
0 0.326953 0.553646 0.060156 0.090625
0 0.771875 0.562500 0.070312 0.089583
0 0.226562 0.565625 0.070312 0.081250
0 0.823047 0.573438 0.063281 0.088542
0 0.605469 0.575521 0.060937 0.086458
0 0.103516 0.577083 0.069531 0.081250
0 0.286328 0.582812 0.060156 0.090625
0 0.243359 0.620313 0.064844 0.094792
0 0.683984 0.622917 0.063281 0.079167
0 0.346875 0.637500 0.075000 0.087500
0 0.100391 0.645833 0.066406 0.087500
0 0.805078 0.644271 0.066406 0.090625
0 0.155078 0.646875 0.066406 0.095833
0 0.603906 0.650521 0.065625 0.094792
0 0.398438 0.659375 0.068750 0.100000
0 0.737891 0.657813 0.092969 0.092708
0 0.292187 0.709375 0.079687 0.085417
0 0.547656 0.717708 0.060937 0.087500
0 0.966797 0.702604 0.074219 0.105208
0 0.635938 0.719271 0.070312 0.092708
0 0.079687 0.717708 0.081250 0.072917
0 0.889453 0.734896 0.066406 0.082292
0 0.757422 0.739062 0.071094 0.103125
0 0.432812 0.747917 0.065625 0.085417
0 0.298047 0.769271 0.063281 0.065625
0 0.903516 0.771354 0.057031 0.078125
0 0.667188 0.772917 0.067187 0.087500
0 0.382422 0.798438 0.067969 0.090625
0 0.498828 0.805208 0.063281 0.083333
0 0.165234 0.804688 0.066406 0.092708
0 0.764062 0.818229 0.070312 0.088542
0 0.838281 0.831771 0.062500 0.084375
0 0.033203 0.872917 0.063281 0.083333
0 0.080469 0.874479 0.054688 0.090625
0 0.166406 0.883333 0.070312 0.095833
0 0.596094 0.908854 0.070312 0.090625
0 0.103906 0.925000 0.065625 0.087500
0 0.292187 0.956771 0.092188 0.096875
0 0.222656 0.960938 0.064062 0.088542
0 0.658594 0.963542 0.059375 0.083333
1 0.171094 0.102083 0.071875 0.070833
