0 0.074609 0.493229 0.060156 0.069792
0 0.921875 0.761979 0.060937 0.090625
0 0.832422 0.770833 0.060156 0.072917
0 0.771875 0.772917 0.064062 0.070833
0 0.957812 0.358854 0.059375 0.082292
0 0.755078 0.035417 0.061719 0.070833
0 0.148047 0.038021 0.053906 0.076042
0 0.071094 0.040104 0.075000 0.080208
0 0.200781 0.039583 0.056250 0.079167
0 0.828516 0.042188 0.063281 0.084375
0 0.614062 0.075000 0.067187 0.087500
0 0.925000 0.078125 0.060937 0.079167
0 0.543750 0.079167 0.060937 0.081250
0 0.412891 0.084896 0.058594 0.080208
0 0.315625 0.085417 0.057813 0.079167
0 0.680859 0.106250 0.063281 0.079167
0 0.082031 0.109896 0.060937 0.084375
0 0.210156 0.115625 0.056250 0.077083
0 0.814844 0.118229 0.062500 0.080208
0 0.025781 0.134375 0.051562 0.081250
0 0.373047 0.135417 0.061719 0.081250
0 0.735938 0.137500 0.062500 0.085417
0 0.255469 0.142708 0.051562 0.075000
0 0.562891 0.143750 0.061719 0.077083
0 0.945312 0.154167 0.067187 0.085417
0 0.859375 0.165104 0.057813 0.080208
0 0.459766 0.177604 0.060156 0.082292
0 0.168359 0.194271 0.064844 0.096875
0 0.913281 0.191667 0.064062 0.072917
0 0.639844 0.209375 0.059375 0.091667
0 0.053906 0.212500 0.068750 0.089583
0 0.585156 0.217708 0.054688 0.087500
0 0.697266 0.223438 0.064844 0.080208
0 0.214453 0.229687 0.057031 0.078125
0 0.120703 0.234375 0.061719 0.085417
0 0.802344 0.244271 0.065625 0.084375
0 0.488281 0.249479 0.060937 0.088542
0 0.337109 0.253125 0.058594 0.081250
0 0.901953 0.260417 0.067969 0.091667
0 0.543359 0.256771 0.058594 0.090625
0 0.068359 0.287500 0.064844 0.077083
0 0.682422 0.288021 0.047656 0.084375
0 0.179688 0.286979 0.065625 0.086458
0 0.293750 0.303125 0.057813 0.075000
0 0.845313 0.311979 0.073438 0.090625
0 0.421875 0.341667 0.062500 0.087500
0 0.478906 0.357812 0.064062 0.098958
0 0.676953 0.355729 0.063281 0.084375
0 0.153516 0.352083 0.060156 0.095833
0 0.362500 0.355729 0.062500 0.080208
0 0.031250 0.361979 0.062500 0.080208
0 0.103516 0.372396 0.060156 0.082292
0 0.892578 0.372917 0.061719 0.085417
0 0.287109 0.377604 0.069531 0.080208
0 0.838281 0.404687 0.067187 0.092708
0 0.222656 0.405208 0.065625 0.081250
0 0.526563 0.410417 0.067187 0.087500
0 0.063281 0.412500 0.050000 0.068750
0 0.629297 0.418229 0.063281 0.090625
0 0.945312 0.421875 0.064062 0.081250
0 0.683203 0.434375 0.067969 0.077083
0 0.400391 0.448437 0.060156 0.078125
0 0.341406 0.453125 0.064062 0.091667
0 0.278906 0.451042 0.060937 0.085417
0 0.791797 0.457813 0.064844 0.086458
0 0.558984 0.482292 0.060156 0.091667
0 0.455078 0.481250 0.064844 0.077083
0 0.617578 0.505729 0.067969 0.080208
0 0.180859 0.517708 0.053906 0.091667
0 0.679688 0.514583 0.068750 0.085417
0 0.513672 0.512500 0.060156 0.089583
0 0.376953 0.517188 0.064844 0.086458
0 0.123047 0.522917 0.064844 0.081250
0 0.236719 0.523438 0.065625 0.088542
0 0.951953 0.532813 0.071094 0.082292
0 0.837500 0.538542 0.057813 0.093750
0 0.785156 0.549479 0.054688 0.094792
0 0.883984 0.551562 0.064844 0.092708
0 0.314063 0.551042 0.064062 0.081250
0 0.042578 0.551562 0.058594 0.076042
0 0.455859 0.560937 0.061719 0.086458
0 0.602344 0.570312 0.071875 0.078125
0 0.687109 0.586979 0.071094 0.076042
0 0.200000 0.586979 0.059375 0.080208
0 0.369922 0.598958 0.055469 0.077083
0 0.756250 0.598958 0.067187 0.083333
0 0.501172 0.607812 0.061719 0.076042
0 0.102344 0.618229 0.060937 0.088542
0 0.899219 0.625000 0.065625 0.085417
0 0.824219 0.629167 0.057813 0.081250
0 0.314453 0.632812 0.061719 0.084375
0 0.156641 0.635938 0.061719 0.082292
0 0.589844 0.640625 0.070312 0.075000
0 0.043750 0.645833 0.065625 0.089583
0 0.420703 0.650000 0.063281 0.081250
0 0.696875 0.656771 0.062500 0.080208
0 0.251172 0.662500 0.067969 0.085417
0 0.946875 0.675000 0.065625 0.087500
0 0.523828 0.683854 0.069531 0.094792
0 0.787500 0.691146 0.060937 0.084375
0 0.655859 0.710417 0.061719 0.075000
0 0.356641 0.714063 0.063281 0.088542
0 0.166797 0.713021 0.063281 0.086458
0 0.588672 0.717187 0.061719 0.088542
0 0.229687 0.742188 0.071875 0.086458
0 0.061719 0.761979 0.065625 0.078125
0 0.714063 0.760417 0.057813 0.095833
0 0.468359 0.763542 0.063281 0.091667
0 0.533984 0.768750 0.069531 0.081250
0 0.124219 0.780729 0.064062 0.096875
0 0.407031 0.780208 0.060937 0.087500
0 0.659766 0.789062 0.071094 0.088542
0 0.231641 0.823958 0.064844 0.077083
0 0.355469 0.826042 0.060937 0.085417
0 0.052734 0.831250 0.067969 0.091667
0 0.754297 0.839583 0.060156 0.079167
0 0.622656 0.841146 0.070312 0.082292
0 0.815625 0.843229 0.054688 0.078125
0 0.906250 0.867188 0.062500 0.067708
0 0.300781 0.860938 0.064062 0.082292
0 0.559375 0.869271 0.076563 0.082292
0 0.397266 0.872917 0.064844 0.083333
0 0.701172 0.884896 0.066406 0.082292
0 0.144531 0.890104 0.073438 0.084375
0 0.479687 0.888021 0.060937 0.090625
0 0.083984 0.910937 0.055469 0.082292
0 0.773047 0.909375 0.075781 0.077083
0 0.211719 0.920833 0.056250 0.083333
0 0.651953 0.926562 0.066406 0.084375
0 0.280078 0.951042 0.074219 0.108333
0 0.359766 0.940104 0.061719 0.088542
0 0.564453 0.942187 0.061719 0.076042
0 0.841016 0.961458 0.058594 0.077083
0 0.948047 0.964063 0.057031 0.082292
0 0.142187 0.968229 0.076563 0.073958
0 0.047266 0.967708 0.063281 0.075000
4 0.591406 0.373437 0.073438 0.126042
