0 0.399219 0.141146 0.053125 0.094792
0 0.432812 0.098958 0.070312 0.085417
0 0.434766 0.729167 0.052344 0.085417
0 0.966016 0.933854 0.063281 0.088542
0 0.319922 0.824479 0.049219 0.076042
0 0.742188 0.039062 0.067187 0.078125
0 0.847656 0.047917 0.062500 0.095833
0 0.027344 0.052083 0.054688 0.104167
0 0.700781 0.048438 0.056250 0.096875
0 0.516016 0.064062 0.058594 0.086458
0 0.276953 0.073958 0.069531 0.081250
0 0.213672 0.087500 0.061719 0.083333
0 0.062109 0.091667 0.060156 0.087500
0 0.621094 0.071354 0.054688 0.063542
0 0.311719 0.095833 0.051562 0.079167
0 0.112500 0.094271 0.056250 0.073958
0 0.721875 0.121354 0.060937 0.080208
0 0.931641 0.125000 0.053906 0.077083
0 0.840625 0.124479 0.054688 0.063542
0 0.029687 0.152083 0.059375 0.083333
0 0.655469 0.160938 0.064062 0.078125
0 0.069531 0.168229 0.065625 0.076042
0 0.237891 0.168229 0.063281 0.078125
0 0.352734 0.166667 0.058594 0.081250
0 0.780859 0.193229 0.061719 0.080208
0 0.919922 0.191146 0.061719 0.086458
0 0.184375 0.196875 0.062500 0.085417
0 0.721484 0.200521 0.064844 0.105208
0 0.871875 0.206771 0.059375 0.073958
0 0.615234 0.217188 0.055469 0.084375
0 0.069141 0.236979 0.058594 0.082292
0 0.216406 0.243750 0.056250 0.075000
0 0.662891 0.245312 0.057031 0.073958
0 0.336328 0.253125 0.061719 0.079167
0 0.716406 0.272917 0.062500 0.072917
0 0.140625 0.281771 0.054688 0.078125
0 0.254297 0.283854 0.067969 0.088542
0 0.582422 0.288021 0.050781 0.073958
0 0.797656 0.282292 0.064062 0.083333
0 0.752344 0.307292 0.057813 0.079167
0 0.832812 0.320833 0.060937 0.087500
0 0.082031 0.332813 0.060937 0.092708
0 0.610156 0.337500 0.064062 0.087500
0 0.729688 0.344792 0.054688 0.077083
0 0.169141 0.364063 0.058594 0.082292
0 0.026562 0.370312 0.053125 0.080208
0 0.780469 0.376563 0.059375 0.076042
0 0.555859 0.403125 0.064844 0.093750
0 0.817187 0.408333 0.054688 0.083333
0 0.607812 0.405208 0.064062 0.081250
0 0.858984 0.407813 0.061719 0.101042
0 0.171484 0.425521 0.060156 0.071875
0 0.062500 0.430208 0.057813 0.081250
0 0.925000 0.436979 0.056250 0.080208
0 0.653516 0.451042 0.061719 0.079167
0 0.864453 0.472917 0.055469 0.075000
0 0.156641 0.491667 0.052344 0.077083
0 0.816406 0.498958 0.046875 0.079167
0 0.850391 0.523958 0.055469 0.114583
0 0.372656 0.509896 0.064062 0.086458
0 0.326172 0.529687 0.052344 0.084375
0 0.892188 0.528125 0.051562 0.079167
0 0.585938 0.536979 0.059375 0.080208
0 0.402344 0.546354 0.064062 0.082292
0 0.080078 0.552083 0.057031 0.083333
0 0.128125 0.560417 0.056250 0.079167
0 0.397656 0.608333 0.062500 0.075000
0 0.571875 0.613021 0.060937 0.082292
0 0.910547 0.627083 0.060156 0.077083
0 0.670703 0.634375 0.058594 0.081250
0 0.239844 0.629687 0.056250 0.069792
0 0.286328 0.631250 0.060156 0.093750
0 0.089844 0.645312 0.057813 0.080208
0 0.306641 0.671875 0.072656 0.079167
0 0.941406 0.668750 0.062500 0.097917
0 0.278516 0.714063 0.067969 0.094792
0 0.039062 0.735938 0.056250 0.076042
0 0.583594 0.740625 0.062500 0.087500
0 0.673047 0.749479 0.055469 0.090625
0 0.629687 0.755729 0.054688 0.088542
0 0.373828 0.752604 0.064844 0.082292
0 0.548438 0.771354 0.051562 0.088542
0 0.458594 0.804688 0.062500 0.078125
0 0.389844 0.816667 0.067187 0.095833
0 0.926562 0.843229 0.060937 0.071875
0 0.407031 0.867188 0.051562 0.082292
0 0.340234 0.882812 0.053906 0.086458
0 0.599609 0.917188 0.052344 0.082292
0 0.430859 0.926562 0.057031 0.084375
0 0.546094 0.940625 0.059375 0.085417
0 0.474609 0.947917 0.060156 0.087500
0 0.776172 0.956771 0.085156 0.096875
0 0.709766 0.964583 0.053906 0.081250
0 0.290234 0.967187 0.058594 0.076042
1 0.591016 0.465104 0.066406 0.078125
1 0.321094 0.029687 0.062500 0.059375
