0 0.603906 0.321354 0.065625 0.084375
0 0.252344 0.038542 0.057813 0.072917
0 0.057422 0.069792 0.057031 0.093750
0 0.097656 0.203125 0.056250 0.095833
0 0.055078 0.204687 0.071094 0.088542
0 0.061328 0.742708 0.069531 0.081250
0 0.455859 0.920833 0.050781 0.102083
0 0.508203 0.931250 0.067969 0.104167
0 0.227734 0.946354 0.071094 0.082292
0 0.345313 0.652604 0.062500 0.080208
0 0.387891 0.674479 0.069531 0.096875
0 0.062891 0.814583 0.057031 0.081250
0 0.261328 0.314583 0.078906 0.081250
0 0.691797 0.037500 0.063281 0.075000
0 0.354687 0.051042 0.075000 0.087500
0 0.818359 0.056250 0.075781 0.112500
0 0.110156 0.058854 0.070312 0.117708
0 0.163672 0.060937 0.066406 0.094792
0 0.611328 0.060937 0.064844 0.121875
0 0.745313 0.071354 0.093750 0.092708
0 0.404687 0.072917 0.071875 0.100000
0 0.300391 0.123438 0.080469 0.086458
0 0.970703 0.122917 0.066406 0.091667
0 0.555859 0.131250 0.061719 0.087500
0 0.644922 0.132812 0.071094 0.092708
0 0.088281 0.129688 0.082812 0.076042
0 0.894922 0.149479 0.061719 0.084375
0 0.764844 0.153125 0.071875 0.095833
0 0.031641 0.160417 0.063281 0.091667
0 0.441016 0.161979 0.064844 0.084375
0 0.305078 0.189583 0.064844 0.079167
0 0.674609 0.182812 0.066406 0.092708
0 0.963672 0.211979 0.080469 0.130208
0 0.387891 0.211979 0.063281 0.090625
0 0.507422 0.218750 0.063281 0.083333
0 0.771094 0.231250 0.070312 0.091667
0 0.167969 0.218750 0.057813 0.093750
0 0.901172 0.232292 0.066406 0.091667
0 0.846875 0.246354 0.065625 0.086458
0 0.175000 0.295833 0.068750 0.093750
0 0.931641 0.283333 0.071094 0.091667
0 0.041406 0.286979 0.062500 0.084375
0 0.088281 0.287500 0.054688 0.091667
0 0.111719 0.339583 0.065625 0.087500
0 0.903125 0.358854 0.064062 0.094792
0 0.041797 0.360417 0.072656 0.083333
0 0.428516 0.359896 0.064844 0.088542
0 0.295312 0.361979 0.082812 0.080208
0 0.230078 0.376042 0.064844 0.089583
0 0.667188 0.378646 0.059375 0.086458
0 0.475000 0.382812 0.065625 0.094792
0 0.526172 0.393750 0.061719 0.079167
0 0.311719 0.409375 0.068750 0.089583
0 0.823047 0.437500 0.071094 0.087500
0 0.941406 0.437500 0.067187 0.087500
0 0.265625 0.446354 0.071875 0.084375
0 0.598437 0.446875 0.064062 0.087500
0 0.047266 0.451562 0.066406 0.086458
0 0.319922 0.491667 0.058594 0.083333
0 0.726953 0.523438 0.063281 0.086458
0 0.844922 0.522917 0.063281 0.087500
0 0.910156 0.532292 0.070312 0.087500
0 0.062891 0.549479 0.069531 0.080208
0 0.582812 0.552083 0.062500 0.083333
0 0.706250 0.594271 0.070312 0.086458
0 0.549219 0.603646 0.067187 0.082292
0 0.950000 0.604688 0.068750 0.080208
0 0.088672 0.650521 0.067969 0.080208
0 0.732031 0.650000 0.062500 0.087500
0 0.942578 0.673438 0.064844 0.088542
0 0.291406 0.673438 0.060937 0.086458
0 0.889453 0.675000 0.066406 0.083333
0 0.486719 0.700000 0.067187 0.083333
0 0.765234 0.702604 0.066406 0.086458
0 0.142969 0.716146 0.057813 0.073958
0 0.684375 0.716146 0.068750 0.090625
0 0.346094 0.728125 0.073438 0.081250
0 0.414844 0.725000 0.070312 0.085417
0 0.843359 0.733854 0.063281 0.086458
0 0.975781 0.743229 0.056250 0.088542
0 0.930469 0.745833 0.060937 0.075000
0 0.238281 0.768229 0.060937 0.080208
0 0.679688 0.784896 0.062500 0.071875
0 0.308594 0.786979 0.065625 0.086458
0 0.741406 0.789583 0.060937 0.081250
0 0.403125 0.815625 0.070312 0.097917
0 0.168750 0.817187 0.062500 0.088542
0 0.969531 0.818750 0.064062 0.083333
0 0.133984 0.859375 0.058594 0.104167
0 0.842187 0.876563 0.059375 0.076042
0 0.966406 0.884896 0.059375 0.071875
0 0.083594 0.880208 0.065625 0.081250
0 0.367969 0.878125 0.073438 0.089583
0 0.199609 0.880729 0.071094 0.090625
0 0.619531 0.881250 0.065625 0.081250
0 0.789062 0.892188 0.056250 0.078125
0 0.680078 0.893750 0.067969 0.079167
0 0.554688 0.920833 0.059375 0.081250
0 0.717187 0.933333 0.062500 0.083333
0 0.074219 0.946354 0.060937 0.082292
0 0.372266 0.948438 0.064844 0.086458
0 0.116406 0.953646 0.060937 0.092708
0 0.027344 0.965625 0.054688 0.079167
0 0.922656 0.969271 0.059375 0.071875
2 0.754687 0.438542 0.087500 0.087500
