0 0.685547 0.797917 0.053906 0.087500
0 0.633594 0.758333 0.056250 0.079167
0 0.604688 0.813542 0.054688 0.083333
0 0.703516 0.962500 0.064844 0.075000
0 0.675391 0.908854 0.074219 0.076042
0 0.650781 0.850000 0.067187 0.079167
0 0.725000 0.880208 0.051562 0.085417
0 0.775391 0.902083 0.069531 0.072917
0 0.730078 0.828125 0.064844 0.083333
0 0.706641 0.737500 0.071094 0.068750
0 0.669922 0.658333 0.066406 0.072917
0 0.626172 0.632812 0.064844 0.065625
0 0.609766 0.675000 0.074219 0.070833
0 0.575000 0.929688 0.064062 0.105208
0 0.772656 0.964583 0.093750 0.070833
0 0.831250 0.203125 0.068750 0.093750
0 0.839063 0.143750 0.060937 0.081250
0 0.908203 0.061458 0.071094 0.095833
0 0.906250 0.184375 0.060937 0.079167
0 0.133984 0.871354 0.066406 0.090625
0 0.090234 0.606250 0.067969 0.087500
0 0.053516 0.541667 0.052344 0.081250
0 0.096875 0.523438 0.067187 0.092708
0 0.177734 0.522917 0.041406 0.087500
0 0.031250 0.317708 0.057813 0.072917
0 0.042578 0.150521 0.060156 0.090625
0 0.054297 0.088021 0.077344 0.069792
0 0.175391 0.041146 0.053906 0.065625
0 0.676953 0.211979 0.067969 0.094792
0 0.468750 0.145313 0.073438 0.092708
0 0.450000 0.068229 0.062500 0.080208
0 0.321484 0.035937 0.061719 0.071875
0 0.124609 0.041667 0.063281 0.083333
0 0.670312 0.045833 0.065625 0.070833
0 0.601562 0.047396 0.053125 0.094792
0 0.724609 0.054167 0.086719 0.108333
0 0.558984 0.076563 0.063281 0.107292
0 0.430078 0.060417 0.094531 0.120833
0 0.829297 0.073958 0.067969 0.081250
0 0.621875 0.092708 0.059375 0.087500
0 0.105078 0.087500 0.067969 0.081250
0 0.398438 0.094271 0.062500 0.082292
0 0.512500 0.096354 0.059375 0.082292
0 0.347266 0.100000 0.063281 0.081250
0 0.977344 0.102604 0.053125 0.084375
0 0.221875 0.110417 0.059375 0.087500
0 0.883984 0.108333 0.067969 0.066667
0 0.746094 0.127083 0.092188 0.091667
0 0.944531 0.141667 0.057813 0.079167
0 0.103516 0.153646 0.069531 0.082292
0 0.171094 0.163021 0.067187 0.086458
0 0.601172 0.157812 0.061719 0.076042
0 0.535547 0.173958 0.069531 0.083333
0 0.343750 0.183333 0.065625 0.081250
0 0.399609 0.183333 0.069531 0.089583
0 0.731250 0.195312 0.068750 0.080208
0 0.592187 0.202083 0.068750 0.081250
0 0.962891 0.199479 0.064844 0.078125
0 0.208203 0.201563 0.057031 0.073958
0 0.458594 0.212500 0.068750 0.089583
0 0.107031 0.219271 0.054688 0.080208
0 0.297656 0.222917 0.064062 0.085417
0 0.147266 0.226562 0.052344 0.082292
0 0.247656 0.242708 0.065625 0.070833
0 0.910937 0.260417 0.067187 0.085417
0 0.766016 0.263542 0.060156 0.081250
0 0.646094 0.279167 0.060937 0.085417
0 0.247266 0.294271 0.053906 0.065625
0 0.547656 0.284375 0.057813 0.075000
0 0.697266 0.288021 0.064844 0.076042
0 0.216797 0.305208 0.057031 0.079167
0 0.273438 0.309896 0.067187 0.088542
0 0.400000 0.305208 0.065625 0.081250
0 0.902344 0.323958 0.057813 0.077083
0 0.970703 0.338021 0.066406 0.113542
0 0.544922 0.340625 0.060156 0.070833
0 0.594141 0.331771 0.061719 0.076042
0 0.153906 0.335417 0.056250 0.089583
0 0.760156 0.340625 0.057813 0.083333
0 0.661719 0.336979 0.056250 0.063542
0 0.098437 0.334375 0.078125 0.114583
0 0.406641 0.370312 0.066406 0.082292
0 0.053906 0.384896 0.064062 0.101042
0 0.321484 0.379167 0.061719 0.081250
0 0.955469 0.386458 0.064062 0.083333
0 0.859766 0.378646 0.060156 0.063542
0 0.617578 0.395833 0.050781 0.087500
0 0.260937 0.420833 0.062500 0.087500
0 0.854297 0.436979 0.066406 0.084375
0 0.780078 0.426042 0.063281 0.085417
0 0.169141 0.439583 0.066406 0.089583
0 0.924219 0.458854 0.065625 0.107292
0 0.571094 0.462500 0.070312 0.091667
0 0.059766 0.464583 0.061719 0.089583
0 0.679688 0.473438 0.065625 0.073958
0 0.971484 0.494271 0.064844 0.082292
0 0.225000 0.497917 0.062500 0.085417
0 0.873437 0.496354 0.064062 0.082292
0 0.358203 0.491667 0.063281 0.066667
0 0.621094 0.501042 0.059375 0.085417
0 0.136719 0.509375 0.054688 0.087500
0 0.820312 0.514062 0.059375 0.084375
0 0.528516 0.525000 0.064844 0.083333
0 0.360938 0.540104 0.057813 0.073958
0 0.706250 0.545312 0.064062 0.109375
0 0.758203 0.536458 0.064844 0.129167
0 0.401953 0.543229 0.047656 0.080208
0 0.347266 0.560417 0.069531 0.085417
0 0.975000 0.559896 0.057813 0.080208
0 0.267188 0.561979 0.060937 0.084375
0 0.920312 0.564583 0.062500 0.089583
0 0.217578 0.565625 0.063281 0.081250
0 0.624609 0.566667 0.060156 0.079167
0 0.472266 0.569792 0.066406 0.083333
0 0.544141 0.587500 0.072656 0.079167
0 0.803125 0.599479 0.067187 0.082292
0 0.160156 0.618229 0.060937 0.088542
0 0.887109 0.628646 0.061719 0.084375
0 0.344141 0.629167 0.060156 0.085417
0 0.261719 0.631250 0.068750 0.087500
0 0.478906 0.637500 0.067187 0.083333
0 0.132812 0.641667 0.056250 0.079167
0 0.812500 0.646875 0.068750 0.079167
0 0.554688 0.645833 0.062500 0.081250
0 0.392578 0.650000 0.060156 0.089583
0 0.062109 0.664062 0.064844 0.073958
0 0.314844 0.654687 0.057813 0.082292
0 0.025781 0.690625 0.051562 0.072917
0 0.910156 0.688542 0.060937 0.081250
0 0.859375 0.698958 0.065625 0.089583
0 0.153906 0.714063 0.065625 0.092708
0 0.357812 0.719792 0.067187 0.083333
0 0.202734 0.732812 0.060156 0.090625
0 0.789844 0.731250 0.059375 0.083333
0 0.573828 0.731771 0.050781 0.088542
0 0.047656 0.735417 0.062500 0.087500
0 0.099609 0.738021 0.066406 0.088542
0 0.826953 0.749479 0.058594 0.088542
0 0.392188 0.759375 0.065625 0.087500
0 0.308594 0.766146 0.060937 0.088542
0 0.468359 0.779167 0.060156 0.083333
0 0.234766 0.783854 0.061719 0.082292
0 0.973828 0.804167 0.060156 0.089583
0 0.344531 0.808854 0.062500 0.084375
0 0.277344 0.810937 0.059375 0.076042
0 0.772266 0.818229 0.057031 0.084375
0 0.086328 0.831250 0.064844 0.079167
0 0.902344 0.863542 0.076563 0.093750
0 0.536719 0.859896 0.065625 0.084375
0 0.451953 0.861979 0.058594 0.086458
0 0.399219 0.862500 0.060937 0.085417
0 0.223438 0.863542 0.064062 0.089583
0 0.046875 0.877604 0.057813 0.082292
0 0.350391 0.878646 0.064844 0.086458
0 0.429688 0.876042 0.046875 0.066667
0 0.831641 0.881771 0.063281 0.082292
0 0.493750 0.900000 0.060937 0.083333
0 0.624609 0.900000 0.057031 0.083333
0 0.954297 0.919271 0.063281 0.105208
0 0.187500 0.922917 0.062500 0.089583
0 0.311719 0.922917 0.067187 0.089583
0 0.431250 0.933333 0.059375 0.079167
0 0.287109 0.957292 0.097656 0.095833
0 0.058594 0.964583 0.089063 0.081250
2 0.675781 0.410417 0.084375 0.089583
