0 0.554688 0.342187 0.051562 0.092708
0 0.822656 0.154688 0.076563 0.082292
0 0.949219 0.047917 0.068750 0.077083
0 0.293750 0.532292 0.073438 0.085417
0 0.023438 0.673438 0.043750 0.103125
0 0.021875 0.551042 0.043750 0.095833
0 0.244141 0.881771 0.060156 0.086458
0 0.912500 0.961458 0.054688 0.075000
0 0.490234 0.848437 0.066406 0.096875
0 0.939063 0.883854 0.056250 0.071875
0 0.855469 0.348438 0.064062 0.080208
0 0.905078 0.122917 0.067969 0.095833
0 0.855469 0.350521 0.062500 0.073958
0 0.134766 0.044271 0.066406 0.088542
0 0.589063 0.044792 0.064062 0.089583
0 0.208203 0.043229 0.069531 0.086458
0 0.064844 0.047396 0.062500 0.086458
0 0.342578 0.049479 0.064844 0.078125
0 0.440234 0.062500 0.064844 0.081250
0 0.286719 0.070833 0.073438 0.083333
0 0.844141 0.075000 0.066406 0.089583
0 0.770312 0.082292 0.068750 0.087500
0 0.695312 0.094792 0.062500 0.081250
0 0.516406 0.104688 0.067187 0.086458
0 0.031250 0.105208 0.062500 0.081250
0 0.382422 0.105729 0.067969 0.084375
0 0.201172 0.119271 0.069531 0.088542
0 0.444531 0.136458 0.068750 0.087500
0 0.104297 0.146354 0.069531 0.092708
0 0.296875 0.147917 0.071875 0.089583
0 0.656250 0.151562 0.064062 0.088542
0 0.595703 0.159375 0.064844 0.091667
0 0.056250 0.177604 0.064062 0.094792
0 0.389453 0.178646 0.052344 0.069792
0 0.536328 0.177604 0.072656 0.084375
0 0.897266 0.187500 0.067969 0.093750
0 0.160938 0.189583 0.064062 0.083333
0 0.960547 0.202604 0.063281 0.084375
0 0.332813 0.205729 0.068750 0.084375
0 0.248438 0.208333 0.060937 0.079167
0 0.726953 0.220312 0.058594 0.076042
0 0.801172 0.234896 0.061719 0.084375
0 0.100000 0.232292 0.065625 0.093750
0 0.200781 0.248438 0.054688 0.084375
0 0.854688 0.257812 0.060937 0.086458
0 0.559375 0.251042 0.070312 0.093750
0 0.447266 0.258854 0.061719 0.094792
0 0.372266 0.260417 0.066406 0.085417
0 0.149609 0.267188 0.058594 0.078125
0 0.252344 0.285417 0.064062 0.089583
0 0.611328 0.287500 0.069531 0.091667
0 0.704297 0.283854 0.066406 0.082292
0 0.322266 0.287500 0.066406 0.087500
0 0.774609 0.294792 0.069531 0.085417
0 0.055859 0.298438 0.064844 0.086458
0 0.894531 0.302604 0.064062 0.080208
0 0.491406 0.310937 0.065625 0.080208
0 0.172656 0.332813 0.067187 0.082292
0 0.659766 0.336458 0.061719 0.081250
0 0.935937 0.353646 0.057813 0.086458
0 0.851953 0.365625 0.061719 0.083333
0 0.343359 0.367188 0.071094 0.086458
0 0.495703 0.373437 0.060156 0.078125
0 0.790625 0.377083 0.064062 0.083333
0 0.098437 0.386979 0.065625 0.086458
0 0.289062 0.387500 0.065625 0.089583
0 0.158203 0.404167 0.061719 0.072917
0 0.587109 0.403646 0.063281 0.088542
0 0.650781 0.407813 0.065625 0.094792
0 0.220703 0.401042 0.063281 0.075000
0 0.739844 0.423438 0.065625 0.082292
0 0.940234 0.436979 0.060156 0.080208
0 0.029687 0.438021 0.059375 0.084375
0 0.464844 0.439583 0.070312 0.091667
0 0.348438 0.447396 0.059375 0.080208
0 0.845313 0.454688 0.070312 0.094792
0 0.214453 0.460417 0.060156 0.079167
0 0.272266 0.463542 0.061719 0.081250
0 0.111719 0.463542 0.064062 0.083333
0 0.692969 0.473438 0.065625 0.086458
0 0.614844 0.498958 0.054688 0.085417
0 0.974609 0.492188 0.049219 0.071875
0 0.398438 0.493229 0.068750 0.090625
0 0.055078 0.497917 0.061719 0.085417
0 0.560937 0.507292 0.059375 0.089583
0 0.804297 0.518750 0.061719 0.085417
0 0.505078 0.518750 0.063281 0.087500
0 0.741016 0.515104 0.061719 0.092708
0 0.927344 0.522917 0.060937 0.085417
0 0.663281 0.539583 0.068750 0.091667
0 0.205859 0.541667 0.074219 0.085417
0 0.097656 0.552083 0.065625 0.091667
0 0.875000 0.566667 0.067187 0.093750
0 0.415625 0.576562 0.065625 0.084375
0 0.603125 0.582292 0.060937 0.085417
0 0.811719 0.586979 0.067187 0.084375
0 0.052344 0.597396 0.050000 0.071875
0 0.142578 0.597917 0.066406 0.091667
0 0.751953 0.600521 0.060156 0.084375
0 0.932813 0.607812 0.064062 0.082292
0 0.291797 0.613542 0.066406 0.085417
0 0.221094 0.614062 0.062500 0.084375
0 0.661719 0.630729 0.064062 0.086458
0 0.718750 0.648438 0.057813 0.078125
0 0.420703 0.664062 0.069531 0.080208
0 0.542188 0.666667 0.062500 0.087500
0 0.603516 0.666667 0.064844 0.085417
0 0.970703 0.668229 0.066406 0.098958
0 0.812891 0.669271 0.066406 0.086458
0 0.164062 0.669792 0.059375 0.081250
0 0.095312 0.684896 0.065625 0.088542
0 0.228125 0.702083 0.065625 0.093750
0 0.748828 0.716146 0.067969 0.092708
0 0.463281 0.723958 0.065625 0.083333
0 0.866406 0.726562 0.062500 0.086458
0 0.042188 0.741667 0.062500 0.085417
0 0.934375 0.756771 0.075000 0.109375
0 0.388281 0.745313 0.062500 0.078125
0 0.804688 0.743229 0.056250 0.082292
0 0.597266 0.746354 0.060156 0.080208
0 0.174219 0.754687 0.071875 0.096875
0 0.503516 0.759375 0.063281 0.085417
0 0.706250 0.763021 0.071875 0.101042
0 0.104297 0.770833 0.064844 0.085417
0 0.560156 0.784896 0.062500 0.086458
0 0.884766 0.787500 0.064844 0.089583
0 0.243750 0.791146 0.070312 0.092708
0 0.650391 0.795833 0.063281 0.083333
0 0.340625 0.799479 0.064062 0.082292
0 0.029297 0.818229 0.058594 0.078125
0 0.424609 0.820312 0.064844 0.086458
0 0.778906 0.823958 0.070312 0.081250
0 0.144922 0.837500 0.066406 0.091667
0 0.691797 0.850000 0.066406 0.093750
0 0.603125 0.869271 0.062500 0.086458
0 0.870313 0.895312 0.056250 0.082292
0 0.298828 0.898438 0.064844 0.090625
0 0.363281 0.898438 0.065625 0.092708
0 0.790234 0.900521 0.058594 0.080208
0 0.187500 0.902604 0.064062 0.088542
0 0.065625 0.904687 0.057813 0.076042
0 0.536328 0.907292 0.064844 0.091667
0 0.735547 0.918229 0.061719 0.088542
0 0.652344 0.921875 0.065625 0.085417
0 0.119922 0.929167 0.063281 0.081250
0 0.475000 0.938542 0.064062 0.085417
0 0.407031 0.957292 0.057813 0.081250
0 0.580078 0.955729 0.064844 0.084375
0 0.800781 0.969792 0.056250 0.070833
3 0.480078 0.602604 0.080469 0.105208
