0 0.194531 0.439583 0.065625 0.079167
0 0.488672 0.630729 0.050781 0.078125
0 0.417187 0.722396 0.059375 0.094792
0 0.201563 0.727083 0.054688 0.079167
0 0.212891 0.036979 0.052344 0.067708
0 0.887500 0.041146 0.056250 0.076042
0 0.597266 0.048958 0.063281 0.075000
0 0.331250 0.047396 0.059375 0.082292
0 0.646094 0.059375 0.059375 0.075000
0 0.260156 0.072396 0.054688 0.078125
0 0.172266 0.104167 0.061719 0.079167
0 0.857031 0.109896 0.065625 0.088542
0 0.370312 0.111458 0.059375 0.079167
0 0.227734 0.126562 0.058594 0.078125
0 0.710547 0.125000 0.063281 0.081250
0 0.558594 0.140625 0.057813 0.081250
0 0.965234 0.123958 0.077344 0.104167
0 0.477734 0.146875 0.061719 0.085417
0 0.396875 0.177083 0.056250 0.075000
0 0.886719 0.180208 0.057813 0.081250
0 0.737500 0.189062 0.060937 0.084375
0 0.153906 0.203125 0.060937 0.085417
0 0.504297 0.213542 0.063281 0.081250
0 0.025781 0.213542 0.051562 0.081250
0 0.596484 0.226562 0.058594 0.078125
0 0.845703 0.246875 0.052344 0.079167
0 0.412109 0.248438 0.063281 0.082292
0 0.974219 0.255729 0.059375 0.082292
0 0.746484 0.255729 0.064844 0.076042
0 0.466016 0.261979 0.053906 0.078125
0 0.282813 0.271354 0.056250 0.088542
0 0.801172 0.268229 0.052344 0.076042
0 0.668750 0.279687 0.059375 0.080208
0 0.098047 0.278646 0.058594 0.073958
0 0.214844 0.288021 0.059375 0.073958
0 0.162891 0.290104 0.061719 0.084375
0 0.337500 0.303646 0.057813 0.080208
0 0.721875 0.321354 0.067187 0.084375
0 0.968750 0.320312 0.065625 0.078125
0 0.462891 0.325000 0.058594 0.079167
0 0.614062 0.327604 0.056250 0.080208
0 0.857031 0.332813 0.062500 0.080208
0 0.503906 0.349479 0.056250 0.078125
0 0.128125 0.350521 0.054688 0.069792
0 0.399219 0.355729 0.064062 0.078125
0 0.920703 0.360938 0.050781 0.078125
0 0.263672 0.366667 0.066406 0.075000
0 0.340234 0.375521 0.063281 0.082292
0 0.688672 0.374479 0.058594 0.080208
0 0.970703 0.388542 0.055469 0.077083
0 0.829688 0.392188 0.053125 0.080208
0 0.573438 0.402083 0.062500 0.072917
0 0.637500 0.405729 0.057813 0.080208
0 0.772266 0.406250 0.058594 0.072917
0 0.273438 0.433854 0.056250 0.078125
0 0.447266 0.441667 0.061719 0.081250
0 0.341016 0.451042 0.057031 0.070833
0 0.388672 0.457813 0.063281 0.080208
0 0.703906 0.459896 0.059375 0.078125
0 0.575000 0.466146 0.064062 0.086458
0 0.051562 0.476562 0.059375 0.078125
0 0.764062 0.475521 0.064062 0.080208
0 0.638672 0.482812 0.060156 0.078125
0 0.479687 0.486458 0.062500 0.083333
0 0.830078 0.491667 0.055469 0.079167
0 0.314063 0.501042 0.057813 0.075000
0 0.414062 0.501563 0.059375 0.082292
0 0.136719 0.507292 0.059375 0.077083
0 0.215234 0.513021 0.060156 0.080208
0 0.519531 0.524479 0.050000 0.084375
0 0.276172 0.531771 0.057031 0.076042
0 0.719141 0.536979 0.061719 0.086458
0 0.572656 0.534896 0.059375 0.082292
0 0.889844 0.542708 0.060937 0.085417
0 0.045312 0.560937 0.090625 0.098958
0 0.333984 0.550521 0.058594 0.080208
0 0.669922 0.551562 0.060156 0.082292
0 0.807422 0.554688 0.063281 0.080208
0 0.386328 0.564063 0.061719 0.084375
0 0.943359 0.573958 0.064844 0.085417
0 0.437109 0.574479 0.063281 0.088542
0 0.591406 0.584896 0.057813 0.069792
0 0.530078 0.589063 0.063281 0.084375
0 0.163281 0.594792 0.060937 0.081250
0 0.757031 0.597917 0.064062 0.085417
0 0.858984 0.607292 0.058594 0.081250
0 0.694922 0.619271 0.061719 0.082292
0 0.062109 0.626042 0.066406 0.085417
0 0.397656 0.645312 0.059375 0.080208
0 0.915234 0.669792 0.050781 0.075000
0 0.784375 0.669792 0.056250 0.072917
0 0.661719 0.682292 0.057813 0.081250
0 0.861719 0.680729 0.059375 0.082292
0 0.121094 0.690625 0.059375 0.079167
0 0.590234 0.696354 0.060156 0.082292
0 0.278125 0.729167 0.059375 0.083333
0 0.478516 0.729688 0.061719 0.076042
0 0.751172 0.729167 0.060156 0.083333
0 0.361328 0.732812 0.057031 0.078125
0 0.071094 0.740104 0.065625 0.082292
0 0.159375 0.739583 0.050000 0.072917
0 0.617188 0.765104 0.065625 0.084375
0 0.567969 0.773438 0.056250 0.073958
0 0.121484 0.781771 0.061719 0.078125
0 0.339844 0.799479 0.062500 0.080208
0 0.705859 0.798438 0.058594 0.082292
0 0.860547 0.804167 0.063281 0.087500
0 0.235156 0.813021 0.054688 0.094792
0 0.789844 0.816146 0.060937 0.086458
0 0.394141 0.829167 0.058594 0.077083
0 0.272656 0.830729 0.053125 0.071875
0 0.917188 0.836979 0.065625 0.084375
0 0.493359 0.845313 0.058594 0.094792
0 0.134375 0.844271 0.059375 0.080208
0 0.656250 0.839063 0.050000 0.082292
0 0.612109 0.849479 0.061719 0.082292
0 0.441797 0.852604 0.057031 0.078125
0 0.362500 0.863542 0.054688 0.079167
0 0.843750 0.885417 0.068750 0.108333
0 0.773438 0.880729 0.062500 0.078125
0 0.317969 0.883333 0.065625 0.077083
0 0.040625 0.884896 0.060937 0.080208
0 0.567578 0.891146 0.057031 0.084375
0 0.719141 0.907813 0.061719 0.084375
0 0.171875 0.908854 0.062500 0.080208
0 0.496094 0.925000 0.060937 0.083333
0 0.649219 0.926042 0.059375 0.083333
0 0.076172 0.929167 0.061719 0.083333
0 0.769922 0.954167 0.067969 0.102083
0 0.304297 0.960938 0.075781 0.088542
0 0.840234 0.964583 0.075781 0.081250
2 0.250000 0.646875 0.068750 0.093750
2 0.364453 0.951562 0.071094 0.086458
