0 0.354687 0.554167 0.070312 0.102083
0 0.046094 0.783333 0.079687 0.100000
0 0.309375 0.936458 0.068750 0.083333
0 0.952344 0.812500 0.068750 0.091667
0 0.723828 0.838021 0.058594 0.092708
0 0.779687 0.856771 0.064062 0.076042
0 0.758594 0.902083 0.056250 0.066667
0 0.698047 0.909375 0.078906 0.079167
0 0.915625 0.041667 0.084375 0.083333
0 0.484766 0.043750 0.063281 0.087500
0 0.433594 0.051042 0.064062 0.102083
0 0.360156 0.050521 0.096875 0.101042
0 0.843750 0.059375 0.073438 0.100000
0 0.337891 0.075000 0.071094 0.106250
0 0.162891 0.080208 0.072656 0.097917
0 0.494141 0.094271 0.063281 0.086458
0 0.818750 0.095312 0.062500 0.088542
0 0.033203 0.096354 0.066406 0.098958
0 0.226953 0.099479 0.069531 0.101042
0 0.542578 0.105208 0.060156 0.091667
0 0.927734 0.113021 0.071094 0.096875
0 0.105078 0.114062 0.082031 0.084375
0 0.458984 0.146875 0.071094 0.108333
0 0.798828 0.152083 0.061719 0.110417
0 0.743750 0.155729 0.071875 0.096875
0 0.398828 0.163542 0.050781 0.077083
0 0.869531 0.171354 0.079687 0.092708
0 0.328906 0.176042 0.073438 0.093750
0 0.559375 0.175000 0.068750 0.097917
0 0.117188 0.181771 0.067187 0.094792
0 0.973828 0.180208 0.060156 0.095833
0 0.492578 0.189583 0.066406 0.106250
0 0.853906 0.223958 0.067187 0.068750
0 0.072656 0.210938 0.071875 0.098958
0 0.921484 0.224479 0.083594 0.101042
0 0.265625 0.228125 0.071875 0.095833
0 0.619531 0.227083 0.076563 0.097917
0 0.174609 0.236979 0.071094 0.088542
0 0.703125 0.268229 0.093750 0.115625
0 0.785937 0.263021 0.078125 0.090625
0 0.600781 0.276042 0.079687 0.097917
0 0.125000 0.293750 0.067187 0.087500
0 0.916016 0.301042 0.061719 0.085417
0 0.287109 0.300000 0.075781 0.089583
0 0.520312 0.317708 0.070312 0.095833
0 0.775000 0.332292 0.067187 0.081250
0 0.258203 0.345313 0.066406 0.088542
0 0.135547 0.354687 0.061719 0.080208
0 0.485156 0.350521 0.073438 0.096875
0 0.848437 0.354167 0.079687 0.100000
0 0.186328 0.382812 0.072656 0.096875
0 0.912109 0.382292 0.072656 0.110417
0 0.559375 0.381250 0.085938 0.091667
0 0.371094 0.407813 0.076563 0.096875
0 0.442188 0.407813 0.067187 0.103125
0 0.057031 0.407292 0.082812 0.095833
0 0.626953 0.409896 0.080469 0.090625
0 0.978125 0.419792 0.051562 0.091667
0 0.224609 0.427083 0.075781 0.112500
0 0.939844 0.415625 0.053125 0.079167
0 0.821484 0.438021 0.072656 0.107292
0 0.557031 0.451562 0.064062 0.082292
0 0.115625 0.454167 0.075000 0.089583
0 0.872656 0.464062 0.060937 0.078125
0 0.044922 0.473438 0.074219 0.096875
0 0.937500 0.476042 0.073438 0.093750
0 0.654687 0.473438 0.087500 0.105208
0 0.501953 0.510938 0.072656 0.098958
0 0.248047 0.513542 0.074219 0.093750
0 0.627344 0.528646 0.064062 0.090625
0 0.782031 0.533854 0.079687 0.090625
0 0.414453 0.539062 0.064844 0.078125
0 0.875391 0.542188 0.072656 0.109375
0 0.117578 0.548438 0.069531 0.103125
0 0.966406 0.541667 0.075000 0.112500
0 0.452344 0.598437 0.073438 0.101042
0 0.169141 0.597396 0.071094 0.101042
0 0.323047 0.611979 0.074219 0.078125
0 0.637109 0.613021 0.066406 0.096875
0 0.229687 0.617708 0.075000 0.102083
0 0.760547 0.611979 0.071094 0.109375
0 0.909766 0.622917 0.074219 0.100000
0 0.586328 0.625000 0.058594 0.104167
0 0.821875 0.640104 0.046875 0.101042
0 0.787109 0.641146 0.047656 0.101042
0 0.546094 0.641667 0.070312 0.097917
0 0.712109 0.675000 0.064844 0.104167
0 0.484375 0.672396 0.081250 0.080208
0 0.645312 0.680208 0.065625 0.081250
0 0.142969 0.686458 0.062500 0.100000
0 0.870313 0.697917 0.079687 0.112500
0 0.089844 0.695312 0.068750 0.094792
0 0.275000 0.690104 0.065625 0.103125
0 0.424219 0.702604 0.065625 0.101042
0 0.329297 0.713542 0.067969 0.106250
0 0.244141 0.719271 0.080469 0.096875
0 0.775781 0.729167 0.078125 0.097917
0 0.675781 0.745833 0.075000 0.091667
0 0.912500 0.747917 0.076563 0.091667
0 0.459375 0.753646 0.071875 0.090625
0 0.816406 0.765104 0.070312 0.092708
0 0.221094 0.772396 0.071875 0.094792
0 0.370703 0.771875 0.080469 0.095833
0 0.117188 0.786979 0.073438 0.096875
0 0.620313 0.798438 0.068750 0.094792
0 0.492188 0.812500 0.070312 0.093750
0 0.669922 0.827083 0.063281 0.091667
0 0.028906 0.831250 0.057813 0.085417
0 0.253906 0.823958 0.089063 0.102083
0 0.413672 0.847917 0.057031 0.102083
0 0.912891 0.852083 0.063281 0.064583
0 0.346875 0.860417 0.073438 0.102083
0 0.845313 0.863021 0.075000 0.090625
0 0.462891 0.870313 0.069531 0.088542
0 0.245703 0.910937 0.064844 0.105208
0 0.589063 0.905208 0.067187 0.087500
0 0.121484 0.914583 0.074219 0.095833
0 0.532031 0.906771 0.071875 0.119792
0 0.181250 0.916667 0.068750 0.100000
0 0.039062 0.931771 0.078125 0.111458
0 0.709375 0.956250 0.085938 0.097917
0 0.430469 0.961458 0.075000 0.087500
2 0.557422 0.807292 0.082031 0.097917
