0 0.210156 0.524479 0.056250 0.069792
0 0.250781 0.034375 0.059375 0.068750
0 0.913281 0.032813 0.054688 0.065625
0 0.671875 0.050000 0.060937 0.079167
0 0.176172 0.052604 0.060156 0.084375
0 0.412500 0.053125 0.060937 0.077083
0 0.322266 0.054688 0.057031 0.076042
0 0.850000 0.054167 0.056250 0.081250
0 0.565625 0.067187 0.054688 0.073958
0 0.111328 0.070833 0.058594 0.075000
0 0.469141 0.076042 0.061719 0.083333
0 0.248438 0.091146 0.053125 0.071875
0 0.891797 0.113542 0.053906 0.070833
0 0.801562 0.116667 0.057813 0.083333
0 0.149609 0.130208 0.058594 0.077083
0 0.562891 0.132812 0.064844 0.067708
0 0.316406 0.165625 0.060937 0.083333
0 0.051953 0.179167 0.058594 0.077083
0 0.375000 0.183854 0.057813 0.082292
0 0.420312 0.208333 0.057813 0.077083
0 0.901563 0.213021 0.054688 0.080208
0 0.204297 0.222396 0.055469 0.078125
0 0.608984 0.232292 0.049219 0.066667
0 0.775391 0.253125 0.057031 0.077083
0 0.722656 0.256250 0.054688 0.075000
0 0.141406 0.264583 0.056250 0.077083
0 0.332813 0.270833 0.059375 0.077083
0 0.388672 0.271354 0.058594 0.086458
0 0.202344 0.285938 0.054688 0.065625
0 0.640625 0.290104 0.059375 0.076042
0 0.935156 0.296875 0.056250 0.072917
0 0.884375 0.304167 0.054688 0.072917
0 0.265234 0.319271 0.050781 0.076042
0 0.123047 0.330729 0.057031 0.076042
0 0.069141 0.337500 0.055469 0.075000
0 0.417969 0.352083 0.054688 0.075000
0 0.367578 0.353646 0.060156 0.080208
0 0.029687 0.367188 0.059375 0.086458
0 0.934766 0.366146 0.058594 0.078125
0 0.750781 0.370312 0.057813 0.073958
0 0.219531 0.382292 0.057813 0.083333
0 0.674609 0.404167 0.061719 0.091667
0 0.169531 0.413021 0.051562 0.078125
0 0.320703 0.426042 0.055469 0.077083
0 0.260156 0.430729 0.054688 0.073958
0 0.409766 0.444792 0.060156 0.079167
0 0.082031 0.453125 0.057813 0.077083
0 0.203906 0.456250 0.059375 0.075000
0 0.841797 0.473438 0.058594 0.076042
0 0.641016 0.484375 0.057031 0.081250
0 0.355469 0.486979 0.056250 0.076042
0 0.506250 0.492188 0.059375 0.082292
0 0.694922 0.498958 0.053906 0.072917
0 0.117188 0.519271 0.054688 0.076042
0 0.873047 0.534896 0.060156 0.071875
0 0.456641 0.536458 0.064844 0.081250
0 0.657422 0.563542 0.060156 0.079167
0 0.302344 0.569792 0.059375 0.072917
0 0.402734 0.571354 0.060156 0.080208
0 0.146484 0.580208 0.058594 0.079167
0 0.219922 0.593229 0.057031 0.071875
0 0.567187 0.596354 0.059375 0.069792
0 0.853906 0.601042 0.060937 0.075000
0 0.072656 0.609375 0.057813 0.079167
0 0.923828 0.614583 0.053906 0.075000
0 0.779297 0.617188 0.057031 0.073958
0 0.330078 0.627604 0.058594 0.069792
0 0.634766 0.636458 0.058594 0.079167
0 0.384375 0.643750 0.054688 0.072917
0 0.433984 0.647917 0.058594 0.089583
0 0.166797 0.654167 0.061719 0.083333
0 0.485547 0.678125 0.057031 0.072917
0 0.832031 0.689583 0.051562 0.072917
0 0.919531 0.698438 0.056250 0.078125
0 0.064062 0.729688 0.054688 0.071875
0 0.121875 0.736458 0.054688 0.068750
0 0.164062 0.739583 0.054688 0.075000
0 0.792578 0.761979 0.057031 0.076042
0 0.321094 0.762500 0.054688 0.079167
0 0.677344 0.771875 0.057813 0.075000
0 0.448437 0.783333 0.064062 0.081250
0 0.508594 0.795312 0.054688 0.067708
0 0.975781 0.807813 0.056250 0.076042
0 0.715234 0.821875 0.053906 0.068750
0 0.560547 0.824479 0.053906 0.078125
0 0.775391 0.835417 0.058594 0.081250
0 0.054688 0.829167 0.056250 0.085417
0 0.300000 0.840625 0.050000 0.066667
0 0.107422 0.845313 0.057031 0.076042
0 0.369922 0.856771 0.055469 0.073958
0 0.885156 0.872396 0.059375 0.071875
0 0.519141 0.875000 0.057031 0.075000
0 0.641797 0.878125 0.053906 0.070833
0 0.586328 0.889062 0.058594 0.078125
0 0.265625 0.894271 0.059375 0.073958
0 0.448047 0.897917 0.050781 0.066667
0 0.694141 0.914062 0.058594 0.086458
0 0.167187 0.921354 0.054688 0.076042
0 0.328516 0.922917 0.055469 0.068750
0 0.217969 0.928125 0.053125 0.079167
0 0.850391 0.939063 0.055469 0.082292
0 0.486328 0.938021 0.052344 0.067708
0 0.795703 0.953646 0.058594 0.078125
2 0.562891 0.213542 0.055469 0.087500
