0 0.236328 0.239063 0.061719 0.078125
0 0.895703 0.250521 0.053906 0.078125
0 0.757422 0.134896 0.052344 0.078125
0 0.266797 0.510938 0.057031 0.067708
0 0.611328 0.619271 0.049219 0.076042
0 0.883984 0.956250 0.055469 0.072917
0 0.382031 0.068750 0.050000 0.056250
0 0.480859 0.034375 0.055469 0.068750
0 0.592969 0.038021 0.054688 0.076042
0 0.291406 0.038021 0.056250 0.076042
0 0.891406 0.037500 0.054688 0.075000
0 0.795312 0.053125 0.057813 0.072917
0 0.925000 0.074479 0.065625 0.078125
0 0.159375 0.072396 0.060937 0.078125
0 0.056250 0.086979 0.059375 0.078125
0 0.606250 0.086979 0.053125 0.073958
0 0.230078 0.095833 0.053906 0.075000
0 0.336719 0.105208 0.056250 0.079167
0 0.689063 0.111458 0.056250 0.079167
0 0.415234 0.113542 0.055469 0.070833
0 0.628906 0.143750 0.059375 0.075000
0 0.067969 0.172396 0.062500 0.080208
0 0.160547 0.187500 0.060156 0.077083
0 0.612109 0.209375 0.058594 0.072917
0 0.080469 0.267708 0.054688 0.077083
0 0.596875 0.272396 0.057813 0.073958
0 0.382031 0.275000 0.056250 0.081250
0 0.688281 0.281250 0.051562 0.085417
0 0.887891 0.316667 0.057031 0.083333
0 0.569922 0.327604 0.057031 0.084375
0 0.031641 0.351562 0.063281 0.084375
0 0.268750 0.377083 0.060937 0.079167
0 0.683984 0.383333 0.057031 0.081250
0 0.791406 0.412500 0.057813 0.075000
0 0.203125 0.423958 0.064062 0.077083
0 0.130859 0.430729 0.061719 0.082292
0 0.483594 0.435417 0.060937 0.079167
0 0.892578 0.458333 0.061719 0.077083
0 0.751172 0.465625 0.057031 0.085417
0 0.589063 0.473438 0.054688 0.069792
0 0.532031 0.473438 0.059375 0.080208
0 0.647656 0.481771 0.053125 0.069792
0 0.058984 0.488021 0.063281 0.082292
0 0.473047 0.504687 0.063281 0.078125
0 0.425000 0.503125 0.048438 0.083333
0 0.343750 0.514062 0.060937 0.078125
0 0.793750 0.519792 0.059375 0.077083
0 0.100000 0.539062 0.053125 0.065625
0 0.898047 0.546354 0.061719 0.080208
0 0.060156 0.566667 0.056250 0.081250
0 0.494922 0.578646 0.061719 0.078125
0 0.166797 0.581771 0.058594 0.076042
0 0.359375 0.583333 0.057813 0.075000
0 0.837109 0.592187 0.053906 0.080208
0 0.431250 0.597396 0.064062 0.082292
0 0.119141 0.610938 0.052344 0.076042
0 0.216797 0.612500 0.055469 0.070833
0 0.697266 0.611458 0.064844 0.085417
0 0.076953 0.646875 0.053906 0.072917
0 0.909766 0.653646 0.060156 0.082292
0 0.325391 0.654167 0.053906 0.072917
0 0.852734 0.670833 0.064844 0.085417
0 0.421875 0.670833 0.057813 0.075000
0 0.791797 0.705729 0.071094 0.084375
0 0.252344 0.729688 0.089063 0.107292
0 0.165234 0.756771 0.058594 0.084375
0 0.462109 0.759896 0.060156 0.073958
0 0.735156 0.764062 0.062500 0.082292
0 0.562891 0.791146 0.050781 0.071875
0 0.210547 0.791146 0.055469 0.076042
0 0.955469 0.783333 0.065625 0.079167
0 0.278516 0.801562 0.053906 0.067708
0 0.501563 0.815104 0.056250 0.073958
0 0.773828 0.823438 0.061719 0.080208
0 0.355469 0.822917 0.053125 0.075000
0 0.442969 0.866146 0.057813 0.078125
0 0.078516 0.876042 0.057031 0.077083
0 0.177734 0.894792 0.057031 0.077083
0 0.752734 0.900000 0.063281 0.083333
0 0.357031 0.903646 0.053125 0.073958
0 0.692578 0.908333 0.061719 0.077083
0 0.602734 0.910417 0.057031 0.075000
0 0.410547 0.922917 0.061719 0.085417
0 0.309375 0.946354 0.060937 0.082292
1 0.554688 0.076042 0.054688 0.075000
