0 0.246484 0.252083 0.055469 0.066667
0 0.737500 0.547917 0.062500 0.066667
0 0.458594 0.408333 0.056250 0.083333
0 0.905859 0.906250 0.066406 0.075000
0 0.330078 0.717708 0.060156 0.068750
0 0.224219 0.661458 0.065625 0.077083
0 0.274219 0.595833 0.068750 0.085417
0 0.681641 0.160417 0.069531 0.077083
0 0.070703 0.707812 0.061719 0.113542
0 0.041016 0.168750 0.082031 0.064583
0 0.710156 0.041667 0.070312 0.083333
0 0.427344 0.042188 0.075000 0.084375
0 0.042578 0.040104 0.052344 0.069792
0 0.220312 0.040625 0.067187 0.079167
0 0.553125 0.054167 0.068750 0.097917
0 0.163281 0.072396 0.065625 0.076042
0 0.661328 0.078125 0.063281 0.089583
0 0.959766 0.082812 0.064844 0.082292
0 0.780859 0.088021 0.066406 0.088542
0 0.248438 0.105208 0.076563 0.095833
0 0.597266 0.097917 0.071094 0.085417
0 0.033594 0.109375 0.067187 0.089583
0 0.514453 0.111458 0.066406 0.085417
0 0.449219 0.108854 0.081250 0.107292
0 0.721484 0.106771 0.074219 0.078125
0 0.894531 0.127604 0.064062 0.082292
0 0.153906 0.145833 0.078125 0.087500
0 0.471094 0.168750 0.092188 0.129167
0 0.304688 0.154688 0.075000 0.076042
0 0.790625 0.165104 0.065625 0.084375
0 0.503516 0.193229 0.066406 0.096875
0 0.308594 0.208854 0.070312 0.065625
0 0.732812 0.199479 0.081250 0.098958
0 0.038672 0.236458 0.069531 0.097917
0 0.371094 0.272396 0.065625 0.080208
0 0.719922 0.289062 0.064844 0.088542
0 0.816797 0.287500 0.066406 0.095833
0 0.628906 0.290104 0.064062 0.092708
0 0.052344 0.296875 0.082812 0.077083
0 0.579688 0.347917 0.068750 0.093750
0 0.885938 0.370312 0.062500 0.098958
0 0.045312 0.368229 0.075000 0.073958
0 0.401172 0.381771 0.061719 0.088542
0 0.523828 0.389062 0.061719 0.088542
0 0.735156 0.384375 0.050000 0.072917
0 0.274219 0.392708 0.070312 0.087500
0 0.790234 0.395313 0.069531 0.092708
0 0.339453 0.407813 0.067969 0.084375
0 0.853516 0.420312 0.082031 0.082292
0 0.958984 0.431250 0.089844 0.114583
0 0.052734 0.433333 0.058594 0.089583
0 0.557031 0.436458 0.054688 0.064583
0 0.107031 0.454688 0.059375 0.090625
0 0.773047 0.465104 0.063281 0.094792
0 0.612109 0.456771 0.061719 0.088542
0 0.718359 0.466146 0.055469 0.092708
0 0.833203 0.478646 0.075781 0.086458
0 0.164844 0.482292 0.073438 0.077083
0 0.667969 0.504167 0.059375 0.064583
0 0.426172 0.488542 0.066406 0.102083
0 0.938672 0.503646 0.072656 0.082292
0 0.625000 0.531250 0.070312 0.093750
0 0.381641 0.530729 0.066406 0.084375
0 0.880859 0.539062 0.069531 0.082292
0 0.460156 0.553646 0.062500 0.078125
0 0.178125 0.557813 0.067187 0.105208
0 0.102344 0.576042 0.065625 0.095833
0 0.583203 0.598437 0.066406 0.088542
0 0.047266 0.595833 0.075781 0.087500
0 0.144141 0.610417 0.071094 0.085417
0 0.419141 0.635417 0.072656 0.095833
0 0.526563 0.636979 0.062500 0.084375
0 0.758594 0.643750 0.060937 0.083333
0 0.034766 0.651563 0.069531 0.082292
0 0.592578 0.653125 0.067969 0.081250
0 0.286719 0.663021 0.073438 0.105208
0 0.705859 0.668229 0.061719 0.082292
0 0.159766 0.693750 0.055469 0.087500
0 0.509766 0.716667 0.061719 0.085417
0 0.840234 0.742708 0.063281 0.104167
0 0.239453 0.754687 0.066406 0.088542
0 0.458984 0.733333 0.064844 0.129167
0 0.092969 0.756771 0.065625 0.090625
0 0.803906 0.760938 0.056250 0.082292
0 0.375781 0.762500 0.078125 0.091667
0 0.539453 0.775000 0.066406 0.081250
0 0.296875 0.778646 0.067187 0.090625
0 0.612109 0.779687 0.074219 0.086458
0 0.704297 0.789583 0.066406 0.089583
0 0.483203 0.819271 0.069531 0.084375
0 0.853125 0.818750 0.062500 0.108333
0 0.032031 0.841146 0.060937 0.069792
0 0.345313 0.839063 0.075000 0.082292
0 0.921484 0.840625 0.077344 0.077083
0 0.161719 0.843229 0.071875 0.088542
0 0.087500 0.844792 0.068750 0.091667
0 0.703906 0.859375 0.060937 0.083333
0 0.350781 0.905729 0.054688 0.076042
0 0.054688 0.909375 0.081250 0.085417
0 0.558203 0.910937 0.069531 0.090625
0 0.123828 0.918750 0.061719 0.089583
0 0.751172 0.911458 0.060156 0.083333
0 0.431250 0.920833 0.065625 0.083333
0 0.646094 0.939063 0.068750 0.088542
0 0.790234 0.938021 0.066406 0.088542
0 0.513672 0.941667 0.064844 0.089583
0 0.087109 0.961458 0.071094 0.087500
0 0.458594 0.958333 0.070312 0.093750
0 0.237109 0.966667 0.067969 0.077083
0 0.342578 0.968229 0.064844 0.073958
