0 0.479297 0.328646 0.063281 0.084375
0 0.178516 0.940625 0.060156 0.079167
0 0.391016 0.076563 0.060156 0.071875
0 0.281250 0.510417 0.050000 0.102083
0 0.127344 0.498437 0.059375 0.094792
0 0.098828 0.450521 0.063281 0.094792
0 0.083984 0.253646 0.014844 0.482292
0 0.332813 0.659896 0.064062 0.090625
0 0.677734 0.034896 0.060156 0.069792
0 0.607031 0.042708 0.079687 0.085417
0 0.803125 0.052083 0.068750 0.104167
0 0.521094 0.063021 0.067187 0.094792
0 0.037891 0.070833 0.075781 0.114583
0 0.939844 0.074479 0.062500 0.084375
0 0.234375 0.086458 0.062500 0.100000
0 0.709766 0.098958 0.066406 0.085417
0 0.606641 0.103125 0.060156 0.089583
0 0.337500 0.106771 0.062500 0.082292
0 0.761719 0.104688 0.060937 0.086458
0 0.125000 0.110937 0.068750 0.086458
0 0.419531 0.114583 0.064062 0.095833
0 0.905859 0.121875 0.061719 0.095833
0 0.067578 0.127083 0.074219 0.089583
0 0.970313 0.161458 0.059375 0.083333
0 0.244922 0.170833 0.064844 0.087500
0 0.696875 0.179688 0.057813 0.080208
0 0.534766 0.181250 0.060156 0.100000
0 0.842187 0.179688 0.056250 0.082292
0 0.793750 0.193750 0.065625 0.083333
0 0.421875 0.200000 0.065625 0.097917
0 0.301563 0.202604 0.062500 0.098958
0 0.114062 0.214062 0.064062 0.090625
0 0.626172 0.213021 0.061719 0.086458
0 0.752344 0.221354 0.057813 0.086458
0 0.501953 0.217188 0.053906 0.115625
0 0.877344 0.230729 0.059375 0.084375
0 0.462109 0.239583 0.053906 0.089583
0 0.569531 0.240625 0.062500 0.077083
0 0.052734 0.255208 0.055469 0.093750
0 0.260547 0.244271 0.072656 0.090625
0 0.808594 0.267708 0.060937 0.083333
0 0.317188 0.258854 0.057813 0.103125
0 0.362500 0.267708 0.059375 0.089583
0 0.166406 0.273438 0.057813 0.071875
0 0.566016 0.278646 0.050781 0.063542
0 0.525781 0.283854 0.059375 0.088542
0 0.102344 0.280729 0.071875 0.082292
0 0.738672 0.290625 0.061719 0.083333
0 0.028516 0.295312 0.057031 0.082292
0 0.579688 0.310417 0.062500 0.081250
0 0.255859 0.314063 0.064844 0.086458
0 0.826562 0.331250 0.060937 0.075000
0 0.144531 0.336458 0.065625 0.087500
0 0.624219 0.344271 0.064062 0.086458
0 0.892578 0.347917 0.057031 0.081250
0 0.195312 0.345833 0.060937 0.087500
0 0.383984 0.366667 0.063281 0.097917
0 0.027344 0.367188 0.054688 0.092708
0 0.744922 0.364583 0.060156 0.093750
0 0.662500 0.372917 0.057813 0.085417
0 0.227734 0.375521 0.063281 0.080208
0 0.300000 0.389583 0.056250 0.085417
0 0.943359 0.390104 0.060156 0.082292
0 0.507812 0.395833 0.067187 0.081250
0 0.345313 0.400000 0.059375 0.106250
0 0.151953 0.405729 0.066406 0.082292
0 0.613281 0.418229 0.059375 0.092708
0 0.409375 0.425000 0.062500 0.077083
0 0.057422 0.425000 0.060156 0.081250
0 0.557031 0.429688 0.053125 0.076042
0 0.740234 0.449479 0.067969 0.092708
0 0.028125 0.458333 0.056250 0.089583
0 0.491016 0.461979 0.055469 0.084375
0 0.385156 0.466146 0.059375 0.092708
0 0.859375 0.496354 0.059375 0.084375
0 0.807813 0.502604 0.068750 0.076042
0 0.726953 0.509375 0.055469 0.085417
0 0.074219 0.519271 0.065625 0.086458
0 0.432812 0.523438 0.056250 0.076042
0 0.190625 0.530729 0.062500 0.092708
0 0.491016 0.545833 0.058594 0.083333
0 0.896875 0.550521 0.067187 0.092708
0 0.626172 0.554167 0.057031 0.087500
0 0.527344 0.590625 0.054688 0.064583
0 0.679688 0.572917 0.064062 0.083333
0 0.253906 0.579688 0.060937 0.092708
0 0.830859 0.585417 0.057031 0.087500
0 0.110937 0.594271 0.062500 0.090625
0 0.158984 0.591146 0.058594 0.082292
0 0.381250 0.614062 0.060937 0.090625
0 0.574219 0.620313 0.064062 0.082292
0 0.761328 0.633333 0.063281 0.087500
0 0.232031 0.644271 0.067187 0.076042
0 0.680078 0.646354 0.058594 0.080208
0 0.487109 0.647917 0.063281 0.097917
0 0.064844 0.667188 0.067187 0.080208
0 0.428906 0.704688 0.076563 0.063542
0 0.484766 0.715104 0.061719 0.071875
0 0.536328 0.727083 0.066406 0.097917
0 0.831641 0.728125 0.063281 0.108333
0 0.300000 0.729167 0.062500 0.087500
0 0.722266 0.731771 0.061719 0.090625
0 0.350781 0.734375 0.064062 0.081250
0 0.194141 0.755729 0.066406 0.088542
0 0.871875 0.783333 0.059375 0.085417
0 0.557422 0.791667 0.066406 0.064583
0 0.067578 0.834375 0.064844 0.093750
0 0.394922 0.855208 0.061719 0.081250
0 0.697266 0.857812 0.060156 0.084375
0 0.160938 0.858333 0.065625 0.087500
0 0.330078 0.864583 0.060156 0.085417
0 0.575391 0.869271 0.063281 0.086458
0 0.468750 0.880729 0.057813 0.092708
0 0.034766 0.893750 0.069531 0.089583
0 0.334766 0.934375 0.057031 0.087500
0 0.606250 0.951562 0.079687 0.107292
0 0.544922 0.956250 0.080469 0.097917
0 0.673438 0.957812 0.067187 0.094792
0 0.053516 0.964063 0.100781 0.082292
0 0.392578 0.966667 0.060156 0.077083
2 0.799219 0.411979 0.079687 0.092708
