0 0.536719 0.568229 0.070312 0.082292
0 0.520703 0.648438 0.052344 0.086458
0 0.561328 0.630729 0.047656 0.084375
0 0.803516 0.853125 0.057031 0.077083
0 0.058984 0.589583 0.053906 0.089583
0 0.693359 0.169792 0.057031 0.079167
0 0.639453 0.173437 0.050781 0.061458
0 0.642188 0.231771 0.070312 0.082292
0 0.703516 0.239583 0.063281 0.070833
0 0.718359 0.831250 0.061719 0.081250
0 0.935937 0.130208 0.057813 0.077083
0 0.625391 0.385417 0.052344 0.087500
0 0.278906 0.087500 0.056250 0.064583
0 0.321094 0.093229 0.042188 0.078125
0 0.946875 0.402604 0.062500 0.098958
0 0.487109 0.306250 0.063281 0.075000
0 0.916016 0.059375 0.050781 0.089583
0 0.681641 0.042708 0.066406 0.085417
0 0.866797 0.039583 0.071094 0.079167
0 0.725781 0.067708 0.071875 0.087500
0 0.356250 0.060937 0.078125 0.121875
0 0.227734 0.077083 0.060156 0.079167
0 0.644531 0.074479 0.062500 0.092708
0 0.416406 0.083333 0.065625 0.085417
0 0.174219 0.088021 0.059375 0.082292
0 0.108594 0.102604 0.070312 0.094792
0 0.204297 0.096875 0.055469 0.064583
0 0.606641 0.112500 0.066406 0.095833
0 0.203125 0.150521 0.062500 0.073958
0 0.521484 0.142708 0.066406 0.075000
0 0.574609 0.146354 0.063281 0.076042
0 0.877344 0.156250 0.068750 0.087500
0 0.281641 0.161458 0.066406 0.079167
0 0.470313 0.159375 0.060937 0.083333
0 0.812891 0.176042 0.075781 0.083333
0 0.041406 0.177083 0.060937 0.079167
0 0.419531 0.185417 0.065625 0.083333
0 0.085547 0.200000 0.066406 0.095833
0 0.900391 0.211458 0.058594 0.077083
0 0.311719 0.218750 0.084375 0.081250
0 0.485547 0.221354 0.061719 0.088542
0 0.371875 0.223438 0.060937 0.078125
0 0.142969 0.229687 0.059375 0.082292
0 0.543750 0.239063 0.064062 0.073958
0 0.272266 0.260417 0.057031 0.091667
0 0.224609 0.268229 0.067969 0.111458
0 0.879687 0.265625 0.059375 0.085417
0 0.174609 0.273958 0.060156 0.081250
0 0.050781 0.283333 0.064062 0.085417
0 0.619141 0.285417 0.069531 0.085417
0 0.120313 0.315625 0.062500 0.085417
0 0.934375 0.338542 0.059375 0.085417
0 0.885938 0.344792 0.060937 0.085417
0 0.211719 0.353125 0.064062 0.079167
0 0.816016 0.355208 0.066406 0.085417
0 0.270703 0.362500 0.058594 0.087500
0 0.467578 0.375521 0.071094 0.084375
0 0.316797 0.377604 0.066406 0.086458
0 0.366406 0.398958 0.062500 0.085417
0 0.865625 0.410417 0.060937 0.087500
0 0.034375 0.418229 0.068750 0.088542
0 0.112500 0.423958 0.062500 0.083333
0 0.224609 0.426563 0.060156 0.078125
0 0.442969 0.434896 0.064062 0.088542
0 0.295312 0.450000 0.062500 0.091667
0 0.776953 0.449479 0.057031 0.080208
0 0.390625 0.451042 0.068750 0.066667
0 0.694531 0.464583 0.090625 0.112500
0 0.504687 0.468229 0.059375 0.082292
0 0.915234 0.470833 0.066406 0.083333
0 0.146484 0.475521 0.058594 0.080208
0 0.841016 0.487500 0.053906 0.077083
0 0.962891 0.486979 0.064844 0.094792
0 0.264844 0.489583 0.054688 0.079167
0 0.732812 0.497917 0.065625 0.093750
0 0.321875 0.506250 0.051562 0.072917
0 0.588281 0.528646 0.064062 0.067708
0 0.742969 0.548958 0.067187 0.095833
0 0.314453 0.550521 0.066406 0.076042
0 0.894141 0.550000 0.060156 0.089583
0 0.358203 0.587500 0.067969 0.114583
0 0.167578 0.595313 0.063281 0.086458
0 0.610938 0.611458 0.046875 0.083333
0 0.699609 0.609375 0.066406 0.087500
0 0.931641 0.619792 0.057031 0.079167
0 0.117969 0.622917 0.065625 0.079167
0 0.294922 0.619271 0.055469 0.094792
0 0.451562 0.642188 0.062500 0.082292
0 0.252344 0.638021 0.054688 0.088542
0 0.095312 0.678125 0.059375 0.085417
0 0.396094 0.679688 0.065625 0.076042
0 0.766406 0.682813 0.059375 0.073958
0 0.614062 0.679688 0.054688 0.086458
0 0.489063 0.701042 0.060937 0.085417
0 0.200781 0.706771 0.060937 0.082292
0 0.300781 0.721354 0.062500 0.086458
0 0.685547 0.744271 0.053906 0.086458
0 0.630469 0.753125 0.062500 0.083333
0 0.174219 0.757292 0.064062 0.085417
0 0.797656 0.760417 0.057813 0.077083
0 0.739062 0.766146 0.076563 0.071875
0 0.049219 0.766667 0.056250 0.081250
0 0.239844 0.771875 0.068750 0.077083
0 0.342187 0.791667 0.065625 0.081250
0 0.522656 0.796354 0.068750 0.080208
0 0.898438 0.813021 0.059375 0.080208
0 0.087109 0.820312 0.057031 0.071875
0 0.547266 0.842708 0.060156 0.089583
0 0.591406 0.853646 0.059375 0.088542
0 0.212109 0.863021 0.069531 0.088542
0 0.383984 0.873437 0.069531 0.092708
0 0.751563 0.879167 0.051562 0.104167
0 0.032031 0.914583 0.064062 0.127083
0 0.275781 0.900521 0.060937 0.078125
0 0.510938 0.901042 0.067187 0.095833
0 0.690234 0.901563 0.061719 0.098958
0 0.071094 0.907813 0.054688 0.103125
0 0.127344 0.911458 0.060937 0.093750
0 0.774609 0.948958 0.072656 0.112500
0 0.219141 0.930729 0.064844 0.082292
0 0.872266 0.934896 0.061719 0.084375
0 0.178125 0.966146 0.056250 0.078125
1 0.468359 0.526563 0.058594 0.101042
