0 0.068359 0.477604 0.052344 0.073958
0 0.092188 0.630208 0.065625 0.070833
0 0.395313 0.631771 0.046875 0.090625
0 0.582422 0.092188 0.041406 0.053125
0 0.595703 0.885938 0.053906 0.088542
0 0.789453 0.177604 0.052344 0.082292
0 0.936328 0.093750 0.055469 0.085417
0 0.296094 0.066667 0.064062 0.110417
0 0.426172 0.075521 0.064844 0.090625
0 0.189062 0.094792 0.068750 0.089583
0 0.775781 0.114583 0.068750 0.070833
0 0.533594 0.113542 0.064062 0.091667
0 0.236719 0.126042 0.051562 0.089583
0 0.396875 0.128125 0.060937 0.093750
0 0.718750 0.137500 0.064062 0.093750
0 0.844531 0.155208 0.064062 0.087500
0 0.605859 0.158854 0.072656 0.078125
0 0.134766 0.161458 0.061719 0.095833
0 0.269922 0.170313 0.067969 0.086458
0 0.189844 0.167708 0.062500 0.095833
0 0.481641 0.180729 0.067969 0.076042
0 0.661328 0.191667 0.066406 0.083333
0 0.373047 0.213542 0.072656 0.085417
0 0.932813 0.226562 0.076563 0.078125
0 0.619531 0.235937 0.067187 0.103125
0 0.199219 0.246354 0.053125 0.069792
0 0.487891 0.253125 0.060156 0.081250
0 0.397656 0.281771 0.070312 0.090625
0 0.968359 0.284896 0.060156 0.082292
0 0.265234 0.293229 0.061719 0.098958
0 0.648047 0.293229 0.063281 0.111458
0 0.903125 0.304167 0.067187 0.083333
0 0.316406 0.305729 0.059375 0.098958
0 0.146875 0.299479 0.067187 0.107292
0 0.820703 0.322396 0.055469 0.073958
0 0.206641 0.319271 0.066406 0.096875
0 0.074609 0.327083 0.061719 0.083333
0 0.129688 0.332292 0.056250 0.085417
0 0.509375 0.332813 0.064062 0.090625
0 0.709375 0.334896 0.075000 0.078125
0 0.943359 0.357812 0.052344 0.071875
0 0.618359 0.392708 0.067969 0.093750
0 0.161328 0.410417 0.057031 0.079167
0 0.722266 0.413542 0.061719 0.102083
0 0.538281 0.417708 0.051562 0.083333
0 0.313672 0.418750 0.064844 0.087500
0 0.800391 0.430729 0.066406 0.090625
0 0.392188 0.430729 0.073438 0.096875
0 0.121094 0.472917 0.057813 0.093750
0 0.497656 0.469792 0.065625 0.095833
0 0.208594 0.463021 0.059375 0.119792
0 0.691016 0.477604 0.061719 0.073958
0 0.758203 0.479687 0.063281 0.084375
0 0.897266 0.492708 0.060156 0.093750
0 0.581250 0.503646 0.065625 0.090625
0 0.326562 0.494792 0.060937 0.100000
0 0.167187 0.494271 0.059375 0.098958
0 0.260937 0.516667 0.062500 0.085417
0 0.378516 0.529167 0.060156 0.112500
0 0.800781 0.554688 0.057813 0.098958
0 0.044922 0.541146 0.066406 0.084375
0 0.522656 0.552604 0.057813 0.092708
0 0.926562 0.559375 0.065625 0.087500
0 0.458984 0.558333 0.075781 0.085417
0 0.180078 0.590104 0.066406 0.103125
0 0.619531 0.572917 0.059375 0.108333
0 0.559375 0.605208 0.073438 0.089583
0 0.464453 0.622396 0.078906 0.076042
0 0.724609 0.622396 0.067969 0.090625
0 0.855078 0.631771 0.071094 0.080208
0 0.786328 0.649479 0.074219 0.078125
0 0.152344 0.647917 0.068750 0.106250
0 0.278125 0.655729 0.065625 0.111458
0 0.233594 0.670833 0.046875 0.087500
0 0.445703 0.664062 0.067969 0.094792
0 0.037500 0.683333 0.075000 0.083333
0 0.790234 0.722917 0.067969 0.079167
0 0.040625 0.739062 0.081250 0.086458
0 0.889062 0.725000 0.070312 0.089583
0 0.275391 0.730729 0.060156 0.071875
0 0.110937 0.713021 0.056250 0.117708
0 0.387500 0.746875 0.073438 0.083333
0 0.158984 0.759375 0.060156 0.095833
0 0.588672 0.770312 0.064844 0.086458
0 0.522656 0.783333 0.064062 0.066667
0 0.339062 0.801562 0.064062 0.101042
0 0.641797 0.798958 0.063281 0.079167
0 0.399609 0.810937 0.064844 0.082292
0 0.791797 0.817708 0.061719 0.100000
0 0.223047 0.822396 0.066406 0.098958
0 0.934766 0.829167 0.071094 0.089583
0 0.542188 0.851562 0.068750 0.088542
0 0.851953 0.857812 0.082031 0.082292
0 0.169922 0.869271 0.064844 0.086458
0 0.053125 0.871875 0.067187 0.097917
0 0.249609 0.868750 0.078906 0.095833
0 0.436328 0.871354 0.060156 0.084375
0 0.748828 0.876042 0.074219 0.085417
0 0.388281 0.889583 0.071875 0.091667
0 0.113281 0.879687 0.064062 0.115625
0 0.277344 0.921354 0.092188 0.071875
0 0.701953 0.925521 0.063281 0.084375
0 0.485547 0.929167 0.069531 0.085417
0 0.425000 0.938021 0.064062 0.080208
0 0.642188 0.935937 0.065625 0.094792
0 0.817969 0.941146 0.068750 0.094792
0 0.193359 0.954688 0.066406 0.088542
0 0.068750 0.963542 0.062500 0.083333
0 0.949219 0.946875 0.067187 0.089583
0 0.524219 0.964583 0.070312 0.081250
2 0.432812 0.499479 0.075000 0.130208
2 0.342969 0.701562 0.068750 0.119792
