0 0.609375 0.457813 0.059375 0.092708
0 0.556641 0.471354 0.063281 0.084375
0 0.301172 0.303646 0.067969 0.082292
0 0.084375 0.369792 0.065625 0.085417
0 0.052734 0.450521 0.066406 0.061458
0 0.949219 0.832812 0.046875 0.080208
0 0.052734 0.081771 0.071094 0.090625
0 0.101562 0.860417 0.067187 0.066667
0 0.258984 0.928646 0.060156 0.084375
0 0.167187 0.919271 0.068750 0.080208
0 0.541797 0.816667 0.061719 0.077083
0 0.564844 0.357812 0.065625 0.084375
0 0.619531 0.373437 0.054688 0.090625
0 0.444922 0.038542 0.067969 0.077083
0 0.802344 0.048438 0.068750 0.096875
0 0.948047 0.050000 0.064844 0.100000
0 0.633594 0.046875 0.053125 0.087500
0 0.164062 0.050000 0.087500 0.100000
0 0.266016 0.053125 0.094531 0.106250
0 0.672266 0.069792 0.050781 0.097917
0 0.355859 0.061458 0.067969 0.081250
0 0.870313 0.059375 0.089063 0.118750
0 0.506250 0.092188 0.070312 0.086458
0 0.586719 0.092188 0.064062 0.088542
0 0.364063 0.122396 0.062500 0.078125
0 0.707812 0.109896 0.065625 0.084375
0 0.805078 0.114062 0.052344 0.080208
0 0.973828 0.100000 0.060156 0.133333
0 0.646094 0.129167 0.054688 0.093750
0 0.417969 0.128125 0.067187 0.127083
0 0.296094 0.131250 0.059375 0.102083
0 0.910156 0.145313 0.073438 0.084375
0 0.603125 0.152604 0.068750 0.111458
0 0.458594 0.146875 0.054688 0.095833
0 0.326562 0.178646 0.060937 0.094792
0 0.855469 0.175521 0.060937 0.092708
0 0.078906 0.180208 0.062500 0.089583
0 0.179688 0.179167 0.067187 0.095833
0 0.248828 0.185417 0.063281 0.089583
0 0.130469 0.182812 0.056250 0.094792
0 0.489063 0.185417 0.076563 0.083333
0 0.794531 0.206250 0.057813 0.108333
0 0.375000 0.208854 0.062500 0.084375
0 0.914453 0.220833 0.069531 0.097917
0 0.561328 0.228646 0.069531 0.078125
0 0.200391 0.231250 0.066406 0.089583
0 0.739844 0.230729 0.068750 0.084375
0 0.501953 0.237500 0.058594 0.083333
0 0.844141 0.249479 0.063281 0.088542
0 0.418359 0.257812 0.075781 0.086458
0 0.139063 0.267188 0.062500 0.078125
0 0.898828 0.266667 0.066406 0.095833
0 0.658984 0.269271 0.066406 0.103125
0 0.087500 0.277604 0.064062 0.096875
0 0.706250 0.280729 0.053125 0.080208
0 0.781641 0.285938 0.069531 0.084375
0 0.596484 0.280729 0.091406 0.098958
0 0.236328 0.292187 0.064844 0.092708
0 0.502734 0.314063 0.063281 0.086458
0 0.414844 0.321875 0.065625 0.072917
0 0.804688 0.327083 0.068750 0.081250
0 0.944922 0.327083 0.058594 0.095833
0 0.892578 0.335417 0.071094 0.081250
0 0.255469 0.342708 0.060937 0.070833
0 0.135547 0.362500 0.061719 0.081250
0 0.730859 0.347917 0.075781 0.077083
0 0.192578 0.363542 0.071094 0.089583
0 0.674609 0.364063 0.060156 0.094792
0 0.345313 0.370312 0.073438 0.094792
0 0.787109 0.383854 0.055469 0.078125
0 0.460938 0.408333 0.057813 0.097917
0 0.890625 0.411458 0.068750 0.081250
0 0.729297 0.417708 0.066406 0.093750
0 0.500000 0.407813 0.046875 0.092708
0 0.252734 0.432812 0.067969 0.084375
0 0.411719 0.423438 0.062500 0.107292
0 0.167578 0.434896 0.066406 0.086458
0 0.362109 0.441146 0.047656 0.080208
0 0.927344 0.451042 0.060937 0.093750
0 0.319531 0.452083 0.062500 0.066667
0 0.978906 0.468750 0.050000 0.085417
0 0.858594 0.475521 0.056250 0.080208
0 0.436719 0.492708 0.067187 0.095833
0 0.167578 0.505208 0.066406 0.085417
0 0.321484 0.508333 0.066406 0.077083
0 0.654687 0.516146 0.057813 0.094792
0 0.049609 0.517708 0.058594 0.091667
0 0.698438 0.527083 0.054688 0.100000
0 0.914453 0.532813 0.066406 0.084375
0 0.619922 0.544271 0.060156 0.103125
0 0.794531 0.521875 0.100000 0.135417
0 0.214844 0.553125 0.087500 0.114583
0 0.383594 0.556250 0.051562 0.112500
0 0.073828 0.571354 0.097656 0.117708
0 0.893750 0.562500 0.060937 0.093750
0 0.742188 0.568750 0.070312 0.095833
0 0.567187 0.579167 0.062500 0.085417
0 0.184375 0.608333 0.065625 0.095833
0 0.418750 0.610417 0.065625 0.087500
0 0.321094 0.614062 0.054688 0.090625
0 0.475391 0.615625 0.072656 0.087500
0 0.358594 0.626563 0.053125 0.101042
0 0.792188 0.623437 0.062500 0.098958
0 0.838672 0.630729 0.053906 0.096875
0 0.548438 0.648958 0.067187 0.091667
0 0.276953 0.671875 0.055469 0.100000
0 0.478516 0.678125 0.071094 0.070833
0 0.230469 0.667708 0.060937 0.106250
0 0.696875 0.677083 0.067187 0.131250
0 0.416016 0.681250 0.069531 0.085417
0 0.145703 0.679688 0.089844 0.094792
0 0.578516 0.685417 0.061719 0.097917
0 0.754687 0.693229 0.057813 0.101042
0 0.514062 0.715625 0.065625 0.100000
0 0.317578 0.715625 0.066406 0.081250
0 0.813672 0.718750 0.072656 0.100000
0 0.623828 0.717708 0.069531 0.089583
0 0.188672 0.723437 0.071094 0.088542
0 0.119922 0.740104 0.047656 0.084375
0 0.716797 0.734375 0.055469 0.068750
0 0.264844 0.758333 0.062500 0.072917
0 0.382422 0.761458 0.077344 0.079167
0 0.664844 0.792188 0.062500 0.088542
0 0.608984 0.797917 0.072656 0.085417
0 0.259375 0.834375 0.068750 0.114583
0 0.765234 0.814583 0.063281 0.087500
0 0.380859 0.825000 0.066406 0.079167
0 0.333594 0.821875 0.051562 0.093750
0 0.837109 0.837500 0.099219 0.133333
0 0.598047 0.853646 0.058594 0.067708
0 0.450000 0.840104 0.067187 0.096875
0 0.907422 0.849479 0.064844 0.069792
0 0.423047 0.880208 0.060156 0.081250
0 0.698438 0.870833 0.067187 0.110417
0 0.769922 0.879687 0.072656 0.076042
0 0.492969 0.890625 0.065625 0.087500
0 0.673047 0.910937 0.083594 0.080208
0 0.757812 0.936458 0.071875 0.081250
0 0.894531 0.930208 0.087500 0.100000
0 0.576953 0.938021 0.071094 0.092708
0 0.033594 0.958854 0.067187 0.073958
0 0.522656 0.966146 0.056250 0.078125
0 0.445703 0.972396 0.055469 0.065625
4 0.110547 0.443229 0.064844 0.117708
2 0.343750 0.957812 0.078125 0.084375
2 0.647266 0.642188 0.067969 0.134375
3 0.033594 0.733333 0.067187 0.118750
