0 0.894141 0.813542 0.080469 0.097917
0 0.818750 0.830208 0.070312 0.072917
0 0.788281 0.757812 0.073438 0.092708
0 0.844922 0.752604 0.061719 0.128125
0 0.942187 0.784896 0.071875 0.092708
0 0.946094 0.542708 0.060937 0.068750
0 0.483594 0.464062 0.065625 0.105208
0 0.518359 0.471875 0.060156 0.106250
0 0.048828 0.308854 0.069531 0.105208
0 0.084375 0.275000 0.081250 0.112500
0 0.127734 0.236979 0.069531 0.107292
0 0.099219 0.614583 0.057813 0.081250
0 0.144141 0.636979 0.058594 0.092708
0 0.084375 0.683333 0.062500 0.077083
0 0.039844 0.723437 0.060937 0.090625
0 0.148438 0.722917 0.068750 0.087500
0 0.192578 0.769271 0.071094 0.096875
0 0.134766 0.785937 0.074219 0.090625
0 0.079687 0.763542 0.068750 0.091667
0 0.197266 0.853646 0.075781 0.096875
0 0.052734 0.829167 0.078906 0.089583
0 0.133203 0.878125 0.077344 0.087500
0 0.069141 0.914062 0.074219 0.084375
0 0.023828 0.856250 0.047656 0.106250
0 0.149219 0.937500 0.078125 0.087500
0 0.180078 0.957812 0.072656 0.084375
0 0.177734 0.029167 0.080469 0.058333
0 0.577734 0.538021 0.071094 0.101042
0 0.834375 0.208854 0.068750 0.090625
0 0.563672 0.043750 0.074219 0.087500
0 0.762891 0.047917 0.074219 0.095833
0 0.280469 0.046875 0.075000 0.093750
0 0.483594 0.048438 0.070312 0.086458
0 0.831641 0.056250 0.082031 0.112500
0 0.362891 0.062500 0.077344 0.095833
0 0.055078 0.078125 0.075781 0.097917
0 0.628125 0.094792 0.071875 0.089583
0 0.726562 0.087500 0.076563 0.097917
0 0.125781 0.109896 0.070312 0.103125
0 0.468750 0.115104 0.079687 0.088542
0 0.374609 0.130729 0.074219 0.086458
0 0.168750 0.131771 0.068750 0.109375
0 0.696875 0.136458 0.060937 0.093750
0 0.275781 0.137500 0.071875 0.102083
0 0.591797 0.151562 0.064844 0.098958
0 0.762891 0.165625 0.063281 0.085417
0 0.055469 0.175000 0.056250 0.106250
0 0.651172 0.185417 0.074219 0.097917
0 0.096875 0.181250 0.060937 0.075000
0 0.486719 0.189583 0.076563 0.089583
0 0.297266 0.209375 0.077344 0.110417
0 0.220703 0.219271 0.075781 0.098958
0 0.480469 0.257292 0.079687 0.104167
0 0.620313 0.245833 0.071875 0.093750
0 0.323047 0.270833 0.074219 0.102083
0 0.150781 0.278125 0.071875 0.100000
0 0.262891 0.292708 0.063281 0.093750
0 0.823438 0.297396 0.067187 0.105208
0 0.293359 0.299479 0.061719 0.069792
0 0.710547 0.307812 0.074219 0.082292
0 0.209766 0.316667 0.066406 0.104167
0 0.510156 0.326562 0.060937 0.105208
0 0.294141 0.355208 0.080469 0.087500
0 0.605469 0.342187 0.064062 0.088542
0 0.096094 0.348438 0.089063 0.092708
0 0.731641 0.361458 0.099219 0.089583
0 0.806250 0.381250 0.071875 0.097917
0 0.232813 0.400521 0.071875 0.103125
0 0.640625 0.401042 0.073438 0.095833
0 0.075781 0.427083 0.082812 0.095833
0 0.732031 0.430208 0.079687 0.081250
0 0.120703 0.422396 0.069531 0.080208
0 0.101953 0.494271 0.088281 0.096875
0 0.796094 0.472396 0.067187 0.098958
0 0.165234 0.477604 0.066406 0.101042
0 0.440625 0.482812 0.070312 0.113542
0 0.190234 0.512500 0.080469 0.100000
0 0.616406 0.523438 0.085938 0.121875
0 0.530859 0.533333 0.063281 0.106250
0 0.757422 0.543750 0.061719 0.106250
0 0.617969 0.590625 0.078125 0.075000
0 0.194922 0.594792 0.069531 0.095833
0 0.805859 0.597917 0.067969 0.108333
0 0.853516 0.626563 0.066406 0.098958
0 0.543359 0.634896 0.074219 0.082292
0 0.744141 0.648958 0.072656 0.106250
0 0.208203 0.666146 0.069531 0.103125
0 0.970703 0.701042 0.066406 0.127083
0 0.903516 0.712500 0.075781 0.072917
0 0.744141 0.779167 0.069531 0.108333
0 0.259375 0.928125 0.082812 0.081250
0 0.033203 0.953646 0.066406 0.103125
2 0.514453 0.571354 0.088281 0.103125
2 0.808203 0.696354 0.080469 0.090625
