0 0.046484 0.896354 0.053906 0.071875
0 0.878516 0.939583 0.055469 0.072917
0 0.891406 0.460417 0.053125 0.077083
0 0.841406 0.483854 0.059375 0.067708
0 0.476562 0.518750 0.056250 0.072917
0 0.517578 0.911979 0.057031 0.071875
0 0.461719 0.943229 0.057813 0.067708
0 0.215625 0.038021 0.056250 0.076042
0 0.697656 0.037500 0.056250 0.075000
0 0.482031 0.050000 0.056250 0.072917
0 0.622266 0.085417 0.053906 0.068750
0 0.337891 0.099479 0.066406 0.092708
0 0.185156 0.096354 0.065625 0.088542
0 0.925781 0.103646 0.060937 0.080208
0 0.805469 0.107292 0.054688 0.072917
0 0.038672 0.111458 0.063281 0.081250
0 0.515625 0.115104 0.054688 0.073958
0 0.287500 0.126562 0.065625 0.071875
0 0.214844 0.166667 0.057813 0.081250
0 0.065625 0.175000 0.060937 0.083333
0 0.342578 0.171354 0.069531 0.084375
0 0.727344 0.188021 0.059375 0.073958
0 0.444922 0.207292 0.053906 0.064583
0 0.505859 0.219271 0.058594 0.078125
0 0.173437 0.233333 0.051562 0.079167
0 0.304297 0.240625 0.064844 0.079167
0 0.074219 0.242188 0.065625 0.076042
0 0.128906 0.254688 0.051562 0.076042
0 0.569922 0.272917 0.060156 0.077083
0 0.686328 0.297917 0.057031 0.072917
0 0.050000 0.307292 0.067187 0.083333
0 0.296875 0.307812 0.065625 0.076042
0 0.184766 0.319271 0.063281 0.080208
0 0.412891 0.325521 0.058594 0.078125
0 0.791016 0.333854 0.063281 0.078125
0 0.847266 0.345833 0.057031 0.075000
0 0.252734 0.347396 0.060156 0.078125
0 0.026562 0.360417 0.053125 0.079167
0 0.648828 0.365104 0.063281 0.078125
0 0.451953 0.367188 0.057031 0.082292
0 0.298438 0.373958 0.056250 0.079167
0 0.571094 0.378125 0.059375 0.072917
0 0.157031 0.377604 0.053125 0.080208
0 0.099609 0.391667 0.058594 0.072917
0 0.353516 0.402083 0.066406 0.079167
0 0.810937 0.408854 0.053125 0.071875
0 0.698438 0.416667 0.060937 0.077083
0 0.757031 0.439063 0.059375 0.069792
0 0.035937 0.445833 0.050000 0.077083
0 0.582031 0.444271 0.054688 0.080208
0 0.345703 0.460938 0.060156 0.071875
0 0.091406 0.461458 0.064062 0.079167
0 0.511328 0.468229 0.055469 0.076042
0 0.432422 0.472396 0.058594 0.078125
0 0.157422 0.478125 0.055469 0.079167
0 0.389844 0.514062 0.062500 0.082292
0 0.042578 0.528646 0.085156 0.098958
0 0.577734 0.522917 0.061719 0.079167
0 0.217578 0.529167 0.061719 0.085417
0 0.347266 0.537500 0.057031 0.085417
0 0.134766 0.540625 0.063281 0.081250
0 0.807031 0.550521 0.064062 0.080208
0 0.925391 0.551042 0.063281 0.081250
0 0.672266 0.554688 0.057031 0.080208
0 0.271094 0.560417 0.064062 0.085417
0 0.621875 0.572396 0.059375 0.073958
0 0.532813 0.573958 0.060937 0.081250
0 0.084375 0.583854 0.064062 0.086458
0 0.185938 0.593229 0.059375 0.082292
0 0.326172 0.596354 0.057031 0.065625
0 0.975391 0.602083 0.057031 0.083333
0 0.030469 0.605208 0.060937 0.081250
0 0.724219 0.605208 0.057813 0.077083
0 0.606641 0.629167 0.047656 0.070833
0 0.644531 0.639583 0.053125 0.068750
0 0.242969 0.656250 0.051562 0.075000
0 0.111328 0.655729 0.055469 0.073958
0 0.782813 0.658854 0.062500 0.084375
0 0.189062 0.666667 0.059375 0.081250
0 0.855469 0.671875 0.060937 0.081250
0 0.953125 0.688021 0.060937 0.078125
0 0.654687 0.712500 0.059375 0.077083
0 0.078516 0.714583 0.060156 0.083333
0 0.146875 0.718750 0.059375 0.085417
0 0.441016 0.718229 0.060156 0.088542
0 0.584375 0.732292 0.054688 0.095833
0 0.487891 0.757292 0.060156 0.081250
0 0.399219 0.764583 0.054688 0.085417
0 0.956641 0.767708 0.058594 0.085417
0 0.766797 0.767708 0.060156 0.077083
0 0.865625 0.769271 0.056250 0.073958
0 0.033203 0.783854 0.058594 0.082292
0 0.558203 0.784896 0.064844 0.080208
0 0.187500 0.789062 0.064062 0.086458
0 0.705078 0.795833 0.060156 0.089583
0 0.345313 0.795833 0.057813 0.079167
0 0.116797 0.801562 0.061719 0.086458
0 0.455078 0.811458 0.064844 0.085417
0 0.244531 0.825521 0.065625 0.088542
0 0.652344 0.827083 0.065625 0.070833
0 0.401172 0.835417 0.072656 0.087500
0 0.528516 0.842708 0.061719 0.083333
0 0.168750 0.858333 0.064062 0.083333
0 0.334375 0.859375 0.064062 0.079167
0 0.100781 0.866667 0.062500 0.079167
0 0.601172 0.866667 0.058594 0.081250
0 0.846094 0.870313 0.059375 0.076042
0 0.716406 0.876563 0.059375 0.084375
0 0.473828 0.866146 0.060156 0.065625
0 0.216797 0.894271 0.064844 0.090625
0 0.790234 0.900000 0.052344 0.079167
0 0.313281 0.943750 0.087500 0.122917
0 0.414062 0.924479 0.060937 0.090625
0 0.097266 0.947396 0.067969 0.115625
0 0.675391 0.946354 0.080469 0.117708
0 0.731250 0.939063 0.059375 0.076042
0 0.160156 0.947396 0.060937 0.076042
0 0.607031 0.948438 0.062500 0.080208
0 0.374219 0.960417 0.060937 0.089583
1 0.418750 0.616146 0.060937 0.071875
