0 0.384375 0.513542 0.068750 0.091667
0 0.915625 0.137500 0.065625 0.075000
0 0.366016 0.196354 0.053906 0.084375
0 0.807813 0.698958 0.067187 0.097917
0 0.793750 0.929688 0.056250 0.090625
0 0.401953 0.765625 0.072656 0.081250
0 0.498437 0.741667 0.068750 0.083333
0 0.104297 0.861458 0.063281 0.083333
0 0.054688 0.402604 0.070312 0.088542
0 0.816797 0.131250 0.072656 0.081250
0 0.365625 0.958333 0.064062 0.083333
0 0.957812 0.784375 0.064062 0.079167
0 0.926562 0.474479 0.068750 0.057292
0 0.941797 0.521354 0.057031 0.073958
0 0.809375 0.569792 0.050000 0.083333
0 0.618750 0.041667 0.065625 0.083333
0 0.474219 0.045833 0.064062 0.083333
0 0.181641 0.047917 0.063281 0.081250
0 0.094531 0.053125 0.068750 0.087500
0 0.236719 0.056771 0.056250 0.096875
0 0.348828 0.059896 0.092969 0.119792
0 0.710938 0.065625 0.056250 0.085417
0 0.781250 0.069792 0.065625 0.097917
0 0.739844 0.102604 0.067187 0.073958
0 0.667969 0.103646 0.064062 0.084375
0 0.028516 0.104688 0.057031 0.088542
0 0.383594 0.110937 0.070312 0.092708
0 0.078125 0.121875 0.071875 0.081250
0 0.311328 0.121354 0.055469 0.084375
0 0.564453 0.143750 0.069531 0.100000
0 0.627734 0.158854 0.067969 0.088542
0 0.709375 0.166667 0.064062 0.091667
0 0.033203 0.195833 0.066406 0.093750
0 0.802734 0.203125 0.055469 0.091667
0 0.530859 0.215104 0.064844 0.084375
0 0.892969 0.217188 0.067187 0.088542
0 0.658203 0.221354 0.066406 0.086458
0 0.129688 0.224479 0.070312 0.088542
0 0.755078 0.241667 0.067969 0.081250
0 0.478906 0.269792 0.070312 0.102083
0 0.035156 0.282813 0.060937 0.084375
0 0.423438 0.284896 0.070312 0.103125
0 0.598047 0.288542 0.067969 0.091667
0 0.900000 0.293750 0.057813 0.085417
0 0.341797 0.301563 0.074219 0.105208
0 0.141797 0.305729 0.061719 0.084375
0 0.761328 0.317188 0.069531 0.090625
0 0.538672 0.323437 0.067969 0.080208
0 0.645703 0.336458 0.067969 0.087500
0 0.407813 0.367188 0.060937 0.082292
0 0.564453 0.369792 0.071094 0.085417
0 0.186719 0.380729 0.065625 0.084375
0 0.878906 0.394792 0.070312 0.095833
0 0.157031 0.422396 0.070312 0.090625
0 0.337891 0.436979 0.066406 0.092708
0 0.482812 0.445833 0.064062 0.087500
0 0.764453 0.455729 0.066406 0.092708
0 0.541016 0.480208 0.066406 0.091667
0 0.828516 0.483854 0.060156 0.092708
0 0.200000 0.490625 0.064062 0.091667
0 0.658594 0.494271 0.068750 0.094792
0 0.883984 0.515104 0.064844 0.092708
0 0.267969 0.525000 0.070312 0.095833
0 0.767578 0.535937 0.058594 0.067708
0 0.491797 0.572396 0.063281 0.092708
0 0.708984 0.576042 0.057031 0.087500
0 0.660547 0.576562 0.063281 0.088542
0 0.287109 0.595833 0.072656 0.085417
0 0.846875 0.597917 0.067187 0.089583
0 0.544531 0.632812 0.064062 0.096875
0 0.028906 0.639062 0.057813 0.084375
0 0.941797 0.645312 0.066406 0.090625
0 0.207422 0.655729 0.060156 0.096875
0 0.257422 0.670833 0.069531 0.093750
0 0.351172 0.676562 0.063281 0.082292
0 0.152344 0.690625 0.062500 0.077083
0 0.092188 0.704167 0.059375 0.077083
0 0.446875 0.728646 0.051562 0.069792
0 0.050000 0.725521 0.059375 0.086458
0 0.653125 0.721875 0.065625 0.081250
0 0.326172 0.733854 0.067969 0.088542
0 0.745703 0.751563 0.064844 0.073958
0 0.894922 0.766146 0.064844 0.103125
0 0.546875 0.767708 0.070312 0.089583
0 0.648438 0.780729 0.070312 0.073958
0 0.198437 0.781771 0.051562 0.084375
0 0.709766 0.783854 0.063281 0.086458
0 0.846094 0.781771 0.057813 0.073958
0 0.257422 0.832812 0.071094 0.078125
0 0.519141 0.834375 0.072656 0.102083
0 0.157422 0.837500 0.069531 0.093750
0 0.850000 0.839583 0.062500 0.072917
0 0.924219 0.841146 0.089063 0.086458
0 0.790625 0.845833 0.073438 0.087500
0 0.410156 0.847396 0.060937 0.082292
0 0.028125 0.845313 0.056250 0.090625
0 0.473438 0.860938 0.065625 0.090625
0 0.376953 0.876042 0.063281 0.081250
0 0.173828 0.898438 0.052344 0.084375
0 0.266406 0.911458 0.067187 0.089583
0 0.908203 0.903125 0.069531 0.077083
0 0.464453 0.942187 0.058594 0.086458
0 0.663281 0.950000 0.070312 0.106250
0 0.225781 0.953646 0.067187 0.088542
0 0.077734 0.961979 0.063281 0.086458
2 0.650781 0.413542 0.068750 0.091667
2 0.092578 0.616146 0.085156 0.111458
2 0.053516 0.564063 0.082031 0.088542
