0 0.152344 0.395313 0.056250 0.078125
0 0.089063 0.556250 0.053125 0.072917
0 0.033594 0.568750 0.050000 0.075000
0 0.403516 0.689583 0.052344 0.083333
0 0.653516 0.845833 0.057031 0.070833
0 0.657422 0.779687 0.057031 0.071875
0 0.253906 0.036458 0.057813 0.072917
0 0.312891 0.039583 0.060156 0.079167
0 0.585547 0.065625 0.055469 0.077083
0 0.469141 0.081250 0.061719 0.081250
0 0.927344 0.082292 0.057813 0.072917
0 0.030859 0.095833 0.060156 0.087500
0 0.142969 0.097396 0.059375 0.080208
0 0.253125 0.121875 0.057813 0.087500
0 0.198047 0.130729 0.053906 0.071875
0 0.583984 0.138021 0.047656 0.071875
0 0.096094 0.140104 0.057813 0.078125
0 0.359766 0.157812 0.049219 0.071875
0 0.908203 0.165104 0.052344 0.080208
0 0.777344 0.170833 0.057813 0.077083
0 0.281250 0.186458 0.057813 0.075000
0 0.818359 0.220833 0.057031 0.087500
0 0.351953 0.225000 0.063281 0.079167
0 0.046875 0.234896 0.062500 0.082292
0 0.655078 0.262500 0.050781 0.070833
0 0.303516 0.261979 0.061719 0.084375
0 0.097656 0.272396 0.054688 0.065625
0 0.953906 0.288542 0.056250 0.085417
0 0.701953 0.296875 0.055469 0.075000
0 0.622656 0.307292 0.056250 0.064583
0 0.919141 0.334375 0.057031 0.072917
0 0.533203 0.342187 0.055469 0.078125
0 0.599609 0.350000 0.050781 0.070833
0 0.394531 0.352083 0.060937 0.079167
0 0.298047 0.357292 0.058594 0.081250
0 0.490234 0.389062 0.058594 0.073958
0 0.686719 0.391146 0.056250 0.078125
0 0.901172 0.400000 0.055469 0.072917
0 0.363672 0.419792 0.057031 0.077083
0 0.850000 0.420312 0.053125 0.073958
0 0.609375 0.422396 0.060937 0.080208
0 0.754687 0.443229 0.050000 0.065625
0 0.319141 0.463542 0.057031 0.068750
0 0.903125 0.480208 0.056250 0.083333
0 0.600391 0.504167 0.060156 0.089583
0 0.436719 0.504167 0.057813 0.079167
0 0.210547 0.528125 0.055469 0.075000
0 0.161328 0.564063 0.049219 0.086458
0 0.732422 0.591146 0.057031 0.084375
0 0.913672 0.596354 0.055469 0.086458
0 0.338281 0.595313 0.051562 0.073958
0 0.236328 0.598437 0.053906 0.076042
0 0.678906 0.615625 0.051562 0.070833
0 0.499609 0.622917 0.047656 0.091667
0 0.608984 0.617708 0.053906 0.081250
0 0.289453 0.629687 0.058594 0.090625
0 0.162500 0.644271 0.060937 0.078125
0 0.978125 0.650000 0.051562 0.083333
0 0.443359 0.665625 0.058594 0.075000
0 0.899219 0.670833 0.053125 0.066667
0 0.636328 0.677604 0.055469 0.092708
0 0.580469 0.682813 0.056250 0.080208
0 0.831250 0.694271 0.053125 0.084375
0 0.530859 0.701042 0.050781 0.083333
0 0.480859 0.704167 0.050781 0.089583
0 0.220703 0.711979 0.049219 0.073958
0 0.687891 0.730208 0.063281 0.075000
0 0.940625 0.754687 0.059375 0.073958
0 0.446094 0.757292 0.057813 0.079167
0 0.721875 0.787500 0.054688 0.072917
0 0.771875 0.797917 0.070312 0.093750
0 0.549609 0.794792 0.055469 0.079167
0 0.029297 0.801562 0.058594 0.086458
0 0.399219 0.802604 0.051562 0.071875
0 0.085156 0.864062 0.059375 0.084375
0 0.234375 0.879167 0.056250 0.081250
0 0.241797 0.950521 0.067969 0.067708
2 0.450781 0.596875 0.057813 0.093750
1 0.748437 0.334375 0.056250 0.068750
