0 0.235156 0.041146 0.057813 0.078125
0 0.428125 0.671354 0.068750 0.078125
0 0.407031 0.224479 0.070312 0.086458
0 0.770312 0.035417 0.065625 0.070833
0 0.603125 0.039062 0.068750 0.078125
0 0.387109 0.041146 0.067969 0.082292
0 0.317188 0.043750 0.062500 0.087500
0 0.041406 0.042188 0.067187 0.084375
0 0.187109 0.049479 0.057031 0.076042
0 0.668359 0.051562 0.058594 0.084375
0 0.444141 0.077604 0.060156 0.082292
0 0.083203 0.075521 0.055469 0.101042
0 0.138672 0.071875 0.057031 0.095833
0 0.851562 0.095312 0.062500 0.107292
0 0.792969 0.094792 0.054688 0.089583
0 0.734766 0.092708 0.063281 0.087500
0 0.585938 0.100000 0.059375 0.077083
0 0.974219 0.104688 0.059375 0.069792
0 0.034766 0.114062 0.061719 0.078125
0 0.197656 0.123438 0.064062 0.080208
0 0.490625 0.125521 0.064062 0.088542
0 0.639453 0.133854 0.057031 0.076042
0 0.313281 0.134375 0.064062 0.091667
0 0.896875 0.135417 0.059375 0.072917
0 0.127734 0.157292 0.058594 0.077083
0 0.442578 0.164062 0.063281 0.088542
0 0.250391 0.167187 0.063281 0.086458
0 0.760156 0.171354 0.065625 0.090625
0 0.066797 0.176042 0.057031 0.077083
0 0.974219 0.175521 0.059375 0.078125
0 0.516406 0.186458 0.056250 0.068750
0 0.906250 0.208854 0.065625 0.080208
0 0.341016 0.214583 0.064844 0.085417
0 0.628906 0.217708 0.056250 0.089583
0 0.825781 0.221875 0.060937 0.079167
0 0.151562 0.226042 0.065625 0.079167
0 0.685547 0.228646 0.061719 0.084375
0 0.532422 0.258854 0.061719 0.086458
0 0.266406 0.263021 0.062500 0.086458
0 0.763672 0.271354 0.063281 0.086458
0 0.926172 0.275521 0.061719 0.080208
0 0.589844 0.282813 0.062500 0.082292
0 0.378125 0.292187 0.060937 0.086458
0 0.041797 0.297396 0.067969 0.090625
0 0.156641 0.310937 0.061719 0.088542
0 0.651563 0.315104 0.064062 0.088542
0 0.968359 0.325521 0.061719 0.092708
0 0.898047 0.330729 0.075781 0.088542
0 0.431250 0.340104 0.065625 0.088542
0 0.550000 0.348438 0.067187 0.092708
0 0.263281 0.353125 0.064062 0.085417
0 0.845703 0.363542 0.060156 0.079167
0 0.750000 0.367188 0.065625 0.088542
0 0.190234 0.381771 0.064844 0.088542
0 0.327734 0.394792 0.058594 0.081250
0 0.394922 0.396875 0.057031 0.072917
0 0.915234 0.404167 0.066406 0.083333
0 0.691016 0.408333 0.064844 0.085417
0 0.516016 0.417708 0.060156 0.081250
0 0.225781 0.431771 0.065625 0.090625
0 0.839453 0.436979 0.063281 0.076042
0 0.616797 0.437500 0.058594 0.081250
0 0.166016 0.458333 0.060156 0.083333
0 0.356250 0.460938 0.059375 0.073958
0 0.473438 0.468229 0.059375 0.076042
0 0.724609 0.469792 0.064844 0.083333
0 0.562109 0.469271 0.066406 0.090625
0 0.246484 0.486458 0.058594 0.077083
0 0.871875 0.486458 0.067187 0.081250
0 0.113281 0.492188 0.067187 0.092708
0 0.933594 0.505729 0.062500 0.088542
0 0.299219 0.525000 0.073438 0.087500
0 0.620313 0.536458 0.062500 0.089583
0 0.794141 0.536458 0.057031 0.085417
0 0.368750 0.535417 0.065625 0.087500
0 0.206641 0.539062 0.064844 0.096875
0 0.466797 0.544792 0.060156 0.079167
0 0.739062 0.548958 0.059375 0.089583
0 0.123438 0.559896 0.060937 0.078125
0 0.887500 0.560937 0.064062 0.069792
0 0.176953 0.579167 0.061719 0.091667
0 0.262891 0.595833 0.060156 0.089583
0 0.045703 0.597917 0.066406 0.083333
0 0.583984 0.589583 0.069531 0.089583
0 0.401953 0.591146 0.058594 0.086458
0 0.711719 0.618229 0.059375 0.078125
0 0.938281 0.620833 0.056250 0.085417
0 0.479687 0.625000 0.062500 0.089583
0 0.541797 0.626563 0.060156 0.082292
0 0.886719 0.636458 0.057813 0.083333
0 0.146094 0.638021 0.060937 0.086458
0 0.831641 0.642188 0.055469 0.082292
0 0.306250 0.655729 0.064062 0.086458
0 0.775781 0.669271 0.064062 0.082292
0 0.610156 0.670833 0.071875 0.087500
0 0.032422 0.676562 0.064844 0.084375
0 0.677734 0.679167 0.057031 0.075000
0 0.085547 0.693229 0.063281 0.084375
0 0.191016 0.692708 0.069531 0.091667
0 0.535937 0.709375 0.062500 0.083333
0 0.935156 0.715104 0.054688 0.067708
0 0.875781 0.721875 0.054688 0.085417
0 0.816406 0.726042 0.065625 0.089583
0 0.406641 0.745833 0.060156 0.079167
0 0.043750 0.751563 0.070312 0.078125
0 0.657031 0.751042 0.062500 0.085417
0 0.240234 0.757812 0.067969 0.090625
0 0.144141 0.761458 0.066406 0.091667
0 0.457031 0.781771 0.067187 0.088542
0 0.525000 0.794792 0.064062 0.087500
0 0.372266 0.801562 0.060156 0.080208
0 0.775000 0.810417 0.057813 0.077083
0 0.685547 0.816146 0.063281 0.084375
0 0.085547 0.819271 0.058594 0.080208
0 0.032031 0.818750 0.064062 0.085417
0 0.189844 0.829688 0.060937 0.076042
0 0.308203 0.843229 0.069531 0.086458
0 0.975781 0.844271 0.056250 0.084375
0 0.872266 0.852083 0.058594 0.077083
0 0.482031 0.858854 0.067187 0.090625
0 0.408203 0.864583 0.058594 0.085417
0 0.721484 0.868750 0.061719 0.079167
0 0.544922 0.872917 0.067969 0.087500
0 0.648828 0.884375 0.061719 0.087500
0 0.039453 0.883854 0.055469 0.063542
0 0.120313 0.891146 0.059375 0.082292
0 0.222266 0.894271 0.061719 0.084375
0 0.593359 0.910417 0.061719 0.083333
0 0.787109 0.914062 0.060156 0.084375
0 0.319531 0.920833 0.060937 0.083333
0 0.974219 0.928125 0.059375 0.081250
0 0.075781 0.938021 0.064062 0.088542
0 0.469141 0.938021 0.067969 0.078125
0 0.263281 0.951562 0.070312 0.088542
0 0.025781 0.956771 0.051562 0.092708
4 0.325781 0.744792 0.078125 0.102083
2 0.682031 0.542188 0.067187 0.103125
