0 0.612109 0.057813 0.055469 0.069792
0 0.590234 0.439583 0.063281 0.072917
0 0.637500 0.354687 0.065625 0.069792
0 0.506641 0.328646 0.057031 0.090625
0 0.456250 0.354687 0.065625 0.069792
0 0.470313 0.292708 0.050000 0.070833
0 0.437891 0.238021 0.061719 0.073958
0 0.385156 0.266146 0.053125 0.061458
0 0.420312 0.309375 0.060937 0.068750
0 0.199609 0.411979 0.064844 0.061458
0 0.176953 0.345833 0.064844 0.085417
0 0.135937 0.393750 0.060937 0.068750
0 0.081641 0.405729 0.063281 0.057292
0 0.090625 0.456250 0.090625 0.070833
0 0.099219 0.517708 0.060937 0.072917
0 0.153516 0.510938 0.064844 0.080208
0 0.197656 0.476562 0.076563 0.071875
0 0.528125 0.934896 0.059375 0.069792
0 0.512891 0.431771 0.064844 0.080208
0 0.363281 0.050000 0.064062 0.062500
0 0.036328 0.278646 0.052344 0.084375
0 0.046484 0.083333 0.063281 0.081250
0 0.673047 0.040625 0.077344 0.081250
0 0.889453 0.056250 0.091406 0.112500
0 0.851562 0.077083 0.064062 0.083333
0 0.151562 0.077083 0.065625 0.079167
0 0.212500 0.077604 0.067187 0.080208
0 0.686719 0.085938 0.054688 0.071875
0 0.096484 0.087500 0.071094 0.085417
0 0.942969 0.107292 0.067187 0.085417
0 0.363281 0.110937 0.064062 0.078125
0 0.573438 0.114583 0.057813 0.075000
0 0.266797 0.119792 0.063281 0.081250
0 0.187109 0.140625 0.064844 0.072917
0 0.735938 0.144792 0.065625 0.081250
0 0.677344 0.145313 0.065625 0.080208
0 0.107031 0.149479 0.081250 0.080208
0 0.867578 0.140104 0.069531 0.073958
0 0.310937 0.171354 0.057813 0.071875
0 0.231641 0.175000 0.063281 0.085417
0 0.428125 0.177083 0.059375 0.079167
0 0.030469 0.153125 0.060937 0.131250
0 0.369922 0.184896 0.067969 0.078125
0 0.475000 0.188021 0.057813 0.076042
0 0.089063 0.203646 0.079687 0.071875
0 0.897656 0.198958 0.048438 0.075000
0 0.661328 0.201563 0.060156 0.076042
0 0.545312 0.206250 0.060937 0.089583
0 0.845313 0.211979 0.067187 0.086458
0 0.769922 0.222917 0.061719 0.081250
0 0.168750 0.243229 0.062500 0.086458
0 0.263672 0.245312 0.064844 0.078125
0 0.723047 0.256771 0.064844 0.080208
0 0.333984 0.255729 0.083594 0.132292
0 0.081641 0.268229 0.058594 0.090625
0 0.645703 0.283854 0.060156 0.078125
0 0.114062 0.327083 0.068750 0.083333
0 0.266016 0.328646 0.063281 0.078125
0 0.769922 0.327604 0.061719 0.084375
0 0.328516 0.342708 0.069531 0.075000
0 0.738672 0.365625 0.061719 0.081250
0 0.539453 0.370833 0.063281 0.075000
0 0.027344 0.376563 0.048438 0.078125
0 0.370312 0.383854 0.071875 0.086458
0 0.254688 0.389583 0.060937 0.075000
0 0.792969 0.401042 0.064062 0.083333
0 0.025391 0.459375 0.050781 0.068750
0 0.792578 0.469792 0.077344 0.085417
0 0.455078 0.470313 0.071094 0.073958
0 0.850781 0.470313 0.064062 0.076042
0 0.287500 0.476562 0.059375 0.076042
0 0.958203 0.484896 0.060156 0.082292
0 0.629297 0.503125 0.071094 0.072917
0 0.503906 0.507812 0.060937 0.071875
0 0.695312 0.514583 0.062500 0.081250
0 0.793750 0.533333 0.065625 0.075000
0 0.219922 0.540104 0.058594 0.071875
0 0.540234 0.552604 0.060156 0.078125
0 0.972656 0.561458 0.062500 0.093750
0 0.612500 0.561979 0.062500 0.076042
0 0.347656 0.569792 0.070312 0.083333
0 0.121484 0.578646 0.075781 0.080208
0 0.764453 0.576562 0.058594 0.069792
0 0.669922 0.579167 0.061719 0.079167
0 0.819141 0.589063 0.055469 0.076042
0 0.925391 0.614062 0.063281 0.080208
0 0.625391 0.619792 0.064844 0.077083
0 0.151172 0.622396 0.060156 0.076042
0 0.753906 0.631771 0.065625 0.078125
0 0.978125 0.631250 0.051562 0.075000
0 0.413672 0.623437 0.053906 0.076042
0 0.694922 0.638542 0.067969 0.083333
0 0.572266 0.638542 0.066406 0.077083
0 0.407813 0.672396 0.071875 0.073958
0 0.938672 0.659896 0.060156 0.113542
0 0.510156 0.679167 0.057813 0.075000
0 0.837500 0.678646 0.060937 0.086458
0 0.777344 0.686458 0.075000 0.091667
0 0.220703 0.685937 0.063281 0.065625
0 0.076563 0.697396 0.064062 0.086458
0 0.555078 0.700521 0.071094 0.082292
0 0.972656 0.722396 0.062500 0.086458
0 0.225000 0.745833 0.070312 0.087500
0 0.806250 0.735417 0.057813 0.077083
0 0.114062 0.736979 0.059375 0.069792
0 0.175781 0.742188 0.057813 0.080208
0 0.429297 0.734896 0.072656 0.103125
0 0.378516 0.749479 0.052344 0.086458
0 0.923828 0.750521 0.066406 0.086458
0 0.505078 0.772917 0.060156 0.077083
0 0.430078 0.791146 0.064844 0.082292
0 0.098437 0.792188 0.075000 0.078125
0 0.164062 0.805729 0.065625 0.080208
0 0.547266 0.820312 0.067969 0.073958
0 0.114453 0.850000 0.071094 0.089583
0 0.060156 0.887500 0.053125 0.083333
0 0.607812 0.885938 0.053125 0.073958
0 0.490625 0.888542 0.060937 0.079167
0 0.106641 0.903646 0.064844 0.096875
0 0.026562 0.911979 0.053125 0.080208
2 0.456250 0.625521 0.075000 0.090625
