0 0.386719 0.344271 0.056250 0.090625
0 0.310156 0.494271 0.059375 0.082292
0 0.367969 0.513542 0.056250 0.079167
0 0.404297 0.584375 0.055469 0.058333
0 0.256641 0.632292 0.077344 0.068750
0 0.042188 0.867188 0.075000 0.080208
0 0.123047 0.743750 0.058594 0.068750
0 0.234375 0.569271 0.067187 0.080208
0 0.444922 0.922917 0.067969 0.083333
0 0.812891 0.948438 0.064844 0.086458
0 0.966016 0.630208 0.058594 0.077083
0 0.953125 0.410417 0.071875 0.083333
0 0.910156 0.070312 0.053125 0.073958
0 0.411328 0.461979 0.064844 0.098958
0 0.361328 0.441146 0.075781 0.094792
0 0.353906 0.642708 0.079687 0.066667
0 0.285938 0.605208 0.054688 0.072917
0 0.312500 0.609375 0.051562 0.066667
0 0.810937 0.034896 0.065625 0.069792
0 0.105469 0.045312 0.056250 0.090625
0 0.849609 0.046354 0.072656 0.092708
0 0.722266 0.050000 0.078906 0.087500
0 0.576953 0.050000 0.066406 0.087500
0 0.151953 0.068229 0.067969 0.084375
0 0.645312 0.088542 0.065625 0.081250
0 0.807031 0.087500 0.076563 0.106250
0 0.723047 0.118750 0.069531 0.081250
0 0.458594 0.135417 0.067187 0.100000
0 0.830469 0.169271 0.068750 0.090625
0 0.246875 0.202604 0.067187 0.090625
0 0.740625 0.243229 0.065625 0.103125
0 0.504297 0.267708 0.066406 0.089583
0 0.968750 0.307812 0.070312 0.084375
0 0.221484 0.318229 0.057031 0.082292
0 0.902734 0.327083 0.061719 0.072917
0 0.689844 0.329167 0.059375 0.089583
0 0.546875 0.326562 0.075000 0.096875
0 0.754687 0.350521 0.064062 0.078125
0 0.615625 0.358854 0.070312 0.086458
0 0.450781 0.361458 0.070312 0.087500
0 0.815234 0.369271 0.063281 0.082292
0 0.557813 0.408854 0.070312 0.084375
0 0.297266 0.425000 0.066406 0.095833
0 0.835547 0.443229 0.061719 0.080208
0 0.769141 0.453646 0.052344 0.094792
0 0.642188 0.448958 0.067187 0.087500
0 0.468750 0.465625 0.062500 0.089583
0 0.700391 0.468229 0.074219 0.094792
0 0.942187 0.467708 0.071875 0.081250
0 0.246484 0.470313 0.066406 0.084375
0 0.526563 0.490625 0.065625 0.077083
0 0.193750 0.523438 0.062500 0.084375
0 0.836719 0.521875 0.070312 0.091667
0 0.650391 0.529687 0.072656 0.098958
0 0.585938 0.519792 0.065625 0.112500
0 0.496875 0.550000 0.064062 0.089583
0 0.953125 0.555208 0.057813 0.087500
0 0.697266 0.556771 0.061719 0.092708
0 0.747656 0.561458 0.062500 0.091667
0 0.562500 0.570833 0.071875 0.097917
0 0.470703 0.581771 0.067969 0.071875
0 0.127734 0.583333 0.063281 0.083333
0 0.823438 0.598958 0.079687 0.097917
0 0.893359 0.603646 0.067969 0.103125
0 0.465625 0.642188 0.068750 0.084375
0 0.630859 0.640104 0.061719 0.084375
0 0.076563 0.640625 0.078125 0.108333
0 0.739844 0.640625 0.056250 0.100000
0 0.693359 0.649479 0.071094 0.105208
0 0.555078 0.660417 0.061719 0.085417
0 0.791016 0.669792 0.058594 0.085417
0 0.848828 0.671875 0.067969 0.091667
0 0.914844 0.695833 0.076563 0.089583
0 0.682031 0.727083 0.068750 0.066667
0 0.033594 0.702083 0.067187 0.091667
0 0.503516 0.715104 0.061719 0.082292
0 0.748828 0.721354 0.066406 0.080208
0 0.214453 0.733333 0.057031 0.091667
0 0.626953 0.741146 0.066406 0.094792
0 0.833203 0.747917 0.069531 0.089583
0 0.053125 0.735938 0.060937 0.078125
0 0.048047 0.776042 0.071094 0.072917
0 0.158594 0.780208 0.073438 0.093750
0 0.960547 0.795312 0.071094 0.094792
0 0.589453 0.808854 0.064844 0.080208
0 0.523047 0.808333 0.072656 0.093750
0 0.737109 0.817187 0.071094 0.088542
0 0.462109 0.826562 0.061719 0.092708
0 0.224609 0.830729 0.066406 0.084375
0 0.158984 0.862500 0.085156 0.091667
0 0.136719 0.910417 0.075000 0.091667
0 0.062500 0.960417 0.076563 0.089583
0 0.500000 0.956771 0.075000 0.096875
0 0.379688 0.969271 0.065625 0.071875
3 0.560156 0.745313 0.078125 0.090625
