0 0.833203 0.196354 0.067969 0.073958
0 0.457422 0.100521 0.063281 0.080208
0 0.896875 0.586458 0.060937 0.075000
0 0.859766 0.678646 0.060156 0.080208
0 0.910156 0.667188 0.056250 0.092708
0 0.948828 0.653125 0.071094 0.097917
0 0.710156 0.556771 0.070312 0.080208
0 0.458984 0.656250 0.074219 0.089583
0 0.750000 0.920312 0.070312 0.080208
0 0.324219 0.037500 0.068750 0.075000
0 0.128906 0.046354 0.068750 0.092708
0 0.525000 0.049479 0.062500 0.088542
0 0.689453 0.055208 0.069531 0.095833
0 0.780469 0.072396 0.062500 0.086458
0 0.351562 0.090625 0.056250 0.104167
0 0.904297 0.086979 0.072656 0.090625
0 0.268359 0.095833 0.072656 0.089583
0 0.404297 0.104167 0.060156 0.095833
0 0.183594 0.109896 0.065625 0.090625
0 0.544141 0.155729 0.049219 0.103125
0 0.436719 0.171354 0.071875 0.098958
0 0.492188 0.168750 0.062500 0.095833
0 0.105469 0.180729 0.075000 0.092708
0 0.927734 0.181250 0.071094 0.091667
0 0.208203 0.184896 0.069531 0.088542
0 0.599609 0.189583 0.060156 0.091667
0 0.332422 0.218229 0.060156 0.082292
0 0.971484 0.223958 0.064844 0.085417
0 0.151562 0.237500 0.062500 0.093750
0 0.279297 0.244792 0.058594 0.089583
0 0.766797 0.259375 0.063281 0.083333
0 0.456250 0.268229 0.060937 0.094792
0 0.405859 0.270313 0.063281 0.098958
0 0.682813 0.277604 0.062500 0.098958
0 0.528906 0.286979 0.073438 0.092708
0 0.623437 0.272917 0.062500 0.087500
0 0.349219 0.295833 0.070312 0.075000
0 0.235156 0.295312 0.062500 0.098958
0 0.183984 0.311979 0.066406 0.109375
0 0.604688 0.311979 0.076563 0.071875
0 0.898438 0.311979 0.064062 0.092708
0 0.091797 0.330208 0.058594 0.104167
0 0.816406 0.326042 0.065625 0.097917
0 0.956250 0.334896 0.059375 0.094792
0 0.144141 0.339062 0.071094 0.090625
0 0.456250 0.352604 0.065625 0.094792
0 0.689453 0.359375 0.058594 0.085417
0 0.516016 0.361979 0.061719 0.092708
0 0.254688 0.374479 0.092188 0.073958
0 0.855859 0.391667 0.060156 0.091667
0 0.054688 0.394271 0.070312 0.069792
0 0.785937 0.398438 0.057813 0.107292
0 0.638281 0.398438 0.067187 0.082292
0 0.563672 0.401042 0.057031 0.087500
0 0.728125 0.416667 0.068750 0.081250
0 0.968359 0.419792 0.071094 0.087500
0 0.823828 0.447917 0.071094 0.075000
0 0.215234 0.453125 0.061719 0.089583
0 0.460156 0.454167 0.067187 0.095833
0 0.520703 0.455208 0.063281 0.091667
0 0.898438 0.471875 0.075000 0.081250
0 0.073438 0.472396 0.067187 0.092708
0 0.293359 0.474479 0.071094 0.098958
0 0.169922 0.516146 0.061719 0.086458
0 0.030859 0.534375 0.058594 0.097917
0 0.853516 0.540625 0.072656 0.085417
0 0.463281 0.552604 0.068750 0.103125
0 0.227734 0.548958 0.066406 0.093750
0 0.954688 0.565104 0.075000 0.086458
0 0.769922 0.567708 0.078906 0.081250
0 0.417187 0.585417 0.071875 0.087500
0 0.501563 0.597917 0.065625 0.095833
0 0.769141 0.629687 0.085156 0.103125
0 0.669922 0.621354 0.072656 0.103125
0 0.225000 0.651563 0.070312 0.094792
0 0.169141 0.666146 0.058594 0.090625
0 0.555469 0.661979 0.060937 0.092708
0 0.398047 0.663542 0.067969 0.100000
0 0.056250 0.708333 0.064062 0.085417
0 0.724609 0.733854 0.063281 0.107292
0 0.242969 0.717187 0.084375 0.111458
0 0.146094 0.735417 0.065625 0.091667
0 0.776563 0.726042 0.064062 0.110417
0 0.277734 0.754167 0.083594 0.106250
0 0.508984 0.748958 0.066406 0.083333
0 0.814453 0.753125 0.066406 0.106250
0 0.688281 0.772396 0.073438 0.103125
0 0.339844 0.779167 0.056250 0.068750
0 0.964844 0.786979 0.070312 0.101042
0 0.203125 0.776563 0.087500 0.111458
0 0.333984 0.817187 0.049219 0.084375
0 0.288672 0.810937 0.066406 0.094792
0 0.433594 0.807813 0.073438 0.082292
0 0.522266 0.811979 0.069531 0.084375
0 0.856250 0.810417 0.092188 0.091667
0 0.671094 0.830729 0.085938 0.094792
0 0.767188 0.836458 0.070312 0.093750
0 0.600391 0.846875 0.077344 0.091667
0 0.187500 0.866667 0.064062 0.087500
0 0.135156 0.875521 0.064062 0.103125
0 0.848437 0.880208 0.068750 0.081250
0 0.458594 0.880729 0.098437 0.092708
0 0.631250 0.887500 0.075000 0.097917
0 0.952344 0.908854 0.067187 0.082292
0 0.166016 0.950521 0.069531 0.094792
0 0.110937 0.942187 0.056250 0.103125
0 0.461719 0.955729 0.076563 0.098958
0 0.252734 0.959375 0.064844 0.091667
0 0.520703 0.959375 0.069531 0.091667
1 0.598047 0.477083 0.067969 0.068750
