0 0.963672 0.880208 0.072656 0.083333
0 0.436328 0.511979 0.067969 0.080208
0 0.097656 0.256250 0.073438 0.060417
0 0.392969 0.040104 0.062500 0.080208
0 0.208203 0.040625 0.057031 0.079167
0 0.488672 0.044792 0.074219 0.089583
0 0.083594 0.051042 0.060937 0.075000
0 0.149219 0.053125 0.070312 0.102083
0 0.939063 0.056250 0.067187 0.089583
0 0.318750 0.061979 0.062500 0.084375
0 0.883984 0.085417 0.061719 0.079167
0 0.181641 0.114062 0.067969 0.082292
0 0.356641 0.120313 0.066406 0.084375
0 0.108984 0.119271 0.047656 0.076042
0 0.650391 0.128646 0.061719 0.082292
0 0.274609 0.130208 0.061719 0.081250
0 0.539844 0.134896 0.062500 0.094792
0 0.931641 0.145313 0.072656 0.078125
0 0.596484 0.156771 0.061719 0.084375
0 0.401172 0.166667 0.061719 0.075000
0 0.803516 0.179688 0.069531 0.092708
0 0.496484 0.186458 0.066406 0.081250
0 0.105469 0.188542 0.070312 0.075000
0 0.343750 0.194792 0.060937 0.079167
0 0.873828 0.207292 0.058594 0.079167
0 0.270703 0.211458 0.061719 0.075000
0 0.750391 0.213542 0.063281 0.081250
0 0.938281 0.226042 0.070312 0.083333
0 0.449609 0.230729 0.067969 0.086458
0 0.690625 0.233854 0.067187 0.088542
0 0.829297 0.246354 0.060156 0.080208
0 0.216016 0.264062 0.071094 0.098958
0 0.337109 0.275521 0.063281 0.080208
0 0.495312 0.282292 0.064062 0.083333
0 0.910937 0.291146 0.067187 0.086458
0 0.273828 0.291146 0.061719 0.086458
0 0.609766 0.305208 0.066406 0.083333
0 0.382812 0.311979 0.060937 0.082292
0 0.671484 0.310937 0.061719 0.080208
0 0.030078 0.315104 0.060156 0.078125
0 0.083594 0.316146 0.064062 0.073958
0 0.830469 0.319792 0.059375 0.075000
0 0.172656 0.336979 0.062500 0.084375
0 0.760156 0.334896 0.067187 0.088542
0 0.330859 0.351562 0.064844 0.078125
0 0.545312 0.367708 0.062500 0.087500
0 0.958203 0.366146 0.058594 0.086458
0 0.110156 0.373437 0.065625 0.078125
0 0.615625 0.381771 0.079687 0.082292
0 0.492969 0.400521 0.067187 0.090625
0 0.216016 0.388542 0.060156 0.083333
0 0.825391 0.401042 0.066406 0.081250
0 0.063281 0.408333 0.071875 0.083333
0 0.906250 0.413021 0.067187 0.088542
0 0.732031 0.414062 0.067187 0.082292
0 0.312109 0.420833 0.069531 0.077083
0 0.164844 0.426042 0.057813 0.079167
0 0.373437 0.422917 0.056250 0.081250
0 0.455469 0.434375 0.065625 0.085417
0 0.595703 0.442708 0.071094 0.079167
0 0.685937 0.460938 0.065625 0.088542
0 0.540234 0.465104 0.058594 0.078125
0 0.244922 0.466667 0.060156 0.077083
0 0.794531 0.469271 0.064062 0.082292
0 0.940234 0.477604 0.058594 0.078125
0 0.856250 0.480729 0.064062 0.084375
0 0.067187 0.487500 0.062500 0.077083
0 0.321094 0.496354 0.078125 0.080208
0 0.612500 0.507812 0.064062 0.073958
0 0.500781 0.525521 0.064062 0.082292
0 0.108984 0.528125 0.061719 0.083333
0 0.227344 0.542708 0.068750 0.085417
0 0.694531 0.543750 0.067187 0.083333
0 0.805469 0.546875 0.065625 0.075000
0 0.035156 0.549479 0.060937 0.076042
0 0.158984 0.566667 0.067969 0.089583
0 0.332031 0.577083 0.070312 0.085417
0 0.616797 0.577083 0.077344 0.070833
0 0.753906 0.586458 0.057813 0.075000
0 0.414453 0.597917 0.071094 0.083333
0 0.920703 0.597396 0.057031 0.073958
0 0.855078 0.612500 0.063281 0.079167
0 0.241797 0.610938 0.060156 0.073958
0 0.037500 0.625521 0.075000 0.082292
0 0.285547 0.650000 0.067969 0.083333
0 0.610156 0.647917 0.062500 0.083333
0 0.119531 0.651042 0.054688 0.072917
0 0.669141 0.650521 0.061719 0.080208
0 0.463281 0.661979 0.059375 0.107292
0 0.386328 0.666667 0.072656 0.085417
0 0.075391 0.682292 0.058594 0.081250
0 0.235937 0.684896 0.060937 0.080208
0 0.826953 0.686458 0.071094 0.083333
0 0.901172 0.707292 0.067969 0.085417
0 0.708203 0.714063 0.061719 0.088542
0 0.650781 0.721875 0.062500 0.081250
0 0.132031 0.721875 0.060937 0.083333
0 0.514844 0.723437 0.067187 0.086458
0 0.570312 0.730208 0.067187 0.081250
0 0.770312 0.733854 0.062500 0.086458
0 0.381641 0.748437 0.066406 0.080208
0 0.845703 0.757292 0.072656 0.085417
0 0.435156 0.771875 0.064062 0.087500
0 0.723437 0.783333 0.067187 0.083333
0 0.038281 0.784896 0.065625 0.088542
0 0.320312 0.784896 0.065625 0.076042
0 0.109766 0.796875 0.055469 0.077083
0 0.563281 0.804167 0.068750 0.075000
0 0.631641 0.804688 0.066406 0.088542
0 0.907422 0.811458 0.058594 0.072917
0 0.235937 0.812500 0.064062 0.083333
0 0.358203 0.827604 0.072656 0.078125
0 0.067187 0.859896 0.064062 0.084375
0 0.847266 0.865104 0.060156 0.086458
0 0.528125 0.871875 0.076563 0.087500
0 0.704297 0.883854 0.066406 0.086458
0 0.300391 0.889583 0.060156 0.083333
0 0.153125 0.893750 0.068750 0.089583
0 0.382422 0.895312 0.063281 0.073958
0 0.896484 0.896875 0.053906 0.064583
0 0.563281 0.902083 0.067187 0.087500
0 0.612891 0.919271 0.063281 0.084375
0 0.478125 0.929688 0.057813 0.076042
0 0.099219 0.929688 0.059375 0.084375
0 0.812891 0.947917 0.061719 0.087500
0 0.672656 0.950000 0.073438 0.077083
0 0.198047 0.952083 0.066406 0.087500
0 0.353125 0.953646 0.056250 0.080208
0 0.041406 0.964583 0.064062 0.081250
1 0.325781 0.714063 0.056250 0.078125
1 0.587109 0.069271 0.069531 0.088542
