0 0.831641 0.091146 0.060156 0.065625
0 0.749219 0.088021 0.057813 0.069792
0 0.757422 0.151562 0.058594 0.088542
0 0.810937 0.176042 0.062500 0.077083
0 0.759766 0.244792 0.060156 0.093750
0 0.828516 0.251042 0.053906 0.102083
0 0.888281 0.200521 0.060937 0.078125
0 0.787500 0.294792 0.060937 0.085417
0 0.942578 0.211979 0.050781 0.076042
0 0.162891 0.190104 0.060156 0.080208
0 0.142969 0.461979 0.062500 0.092708
0 0.217188 0.808854 0.056250 0.086458
0 0.175391 0.817708 0.053906 0.083333
0 0.847266 0.889062 0.058594 0.080208
0 0.888281 0.941146 0.051562 0.071875
0 0.063672 0.146354 0.063281 0.090625
0 0.858203 0.052604 0.064844 0.080208
0 0.939063 0.044792 0.057813 0.068750
0 0.380859 0.046875 0.055469 0.081250
0 0.536719 0.056250 0.082812 0.112500
0 0.236719 0.058854 0.060937 0.084375
0 0.596094 0.066667 0.060937 0.083333
0 0.318359 0.113021 0.064844 0.082292
0 0.106250 0.114062 0.060937 0.088542
0 0.698828 0.118229 0.066406 0.082292
0 0.923828 0.115625 0.064844 0.087500
0 0.208984 0.122396 0.060156 0.094792
0 0.973828 0.126042 0.060156 0.081250
0 0.387500 0.130729 0.071875 0.101042
0 0.472656 0.140104 0.064062 0.088542
0 0.555469 0.157812 0.062500 0.084375
0 0.240625 0.195312 0.060937 0.123958
0 0.073828 0.219792 0.063281 0.085417
0 0.711328 0.220833 0.063281 0.091667
0 0.300781 0.242708 0.082812 0.102083
0 0.349609 0.263021 0.058594 0.098958
0 0.563281 0.263542 0.060937 0.083333
0 0.925391 0.266667 0.057031 0.079167
0 0.270703 0.265104 0.072656 0.101042
0 0.512500 0.273438 0.053125 0.101042
0 0.101953 0.285417 0.047656 0.083333
0 0.398047 0.297917 0.063281 0.089583
0 0.457422 0.296875 0.071094 0.089583
0 0.610547 0.301563 0.071094 0.084375
0 0.237891 0.325000 0.060156 0.085417
0 0.143359 0.329167 0.064844 0.075000
0 0.930469 0.327604 0.068750 0.073958
0 0.552344 0.339062 0.062500 0.084375
0 0.712891 0.350521 0.063281 0.080208
0 0.377344 0.353646 0.064062 0.082292
0 0.069922 0.347396 0.055469 0.096875
0 0.487109 0.353646 0.061719 0.082292
0 0.767578 0.349479 0.057031 0.084375
0 0.869922 0.350000 0.058594 0.087500
0 0.630078 0.361979 0.066406 0.094792
0 0.917578 0.379688 0.072656 0.078125
0 0.818359 0.387500 0.063281 0.083333
0 0.441406 0.391146 0.065625 0.082292
0 0.355859 0.416146 0.063281 0.084375
0 0.553516 0.415625 0.058594 0.087500
0 0.973437 0.442188 0.051562 0.080208
0 0.226953 0.439583 0.060156 0.100000
0 0.050000 0.475000 0.059375 0.083333
0 0.530469 0.486458 0.060937 0.068750
0 0.258203 0.489583 0.057031 0.077083
0 0.105078 0.510417 0.071094 0.064583
0 0.532422 0.544792 0.066406 0.108333
0 0.478516 0.530208 0.064844 0.106250
0 0.110156 0.563021 0.048438 0.073958
0 0.250000 0.561979 0.054688 0.088542
0 0.901953 0.579688 0.057031 0.086458
0 0.416797 0.583854 0.060156 0.080208
0 0.065625 0.581250 0.071875 0.079167
0 0.481250 0.602083 0.060937 0.077083
0 0.721094 0.600000 0.064062 0.083333
0 0.292187 0.613021 0.065625 0.090625
0 0.938281 0.626563 0.064062 0.080208
0 0.546484 0.636979 0.067969 0.090625
0 0.872266 0.640625 0.063281 0.093750
0 0.063672 0.647396 0.060156 0.086458
0 0.160547 0.643750 0.061719 0.097917
0 0.237891 0.660417 0.064844 0.087500
0 0.822656 0.664583 0.064062 0.087500
0 0.653125 0.678125 0.070312 0.106250
0 0.030078 0.703125 0.060156 0.081250
0 0.562891 0.707292 0.066406 0.081250
0 0.784375 0.744792 0.060937 0.083333
0 0.891016 0.770833 0.066406 0.091667
0 0.679297 0.767708 0.071094 0.106250
0 0.128906 0.795312 0.057813 0.076042
0 0.830859 0.806250 0.064844 0.081250
0 0.072656 0.832292 0.065625 0.083333
0 0.421094 0.824479 0.059375 0.088542
0 0.652734 0.843229 0.066406 0.088542
0 0.302344 0.867188 0.065625 0.088542
0 0.707812 0.868750 0.062500 0.081250
0 0.453906 0.878646 0.060937 0.090625
0 0.629687 0.890625 0.067187 0.081250
0 0.797656 0.924479 0.057813 0.063542
0 0.209375 0.952604 0.062500 0.063542
0 0.402344 0.955729 0.059375 0.092708
0 0.529297 0.958333 0.061719 0.093750
0 0.297656 0.961458 0.065625 0.087500
0 0.688281 0.963542 0.059375 0.079167
2 0.437109 0.488021 0.064844 0.126042
2 0.766406 0.431771 0.068750 0.103125
