0 0.805469 0.840625 0.075000 0.072917
0 0.836719 0.897917 0.067187 0.075000
0 0.907422 0.498437 0.077344 0.082292
0 0.555469 0.259896 0.067187 0.071875
0 0.790234 0.073438 0.060156 0.080208
0 0.072656 0.665625 0.053125 0.062500
0 0.397656 0.542188 0.070312 0.073958
0 0.282813 0.050000 0.062500 0.100000
0 0.032422 0.041667 0.064844 0.083333
0 0.685547 0.039062 0.063281 0.078125
0 0.141406 0.044792 0.062500 0.083333
0 0.443750 0.041667 0.079687 0.079167
0 0.335938 0.046875 0.073438 0.079167
0 0.536719 0.047917 0.070312 0.087500
0 0.970313 0.063542 0.067187 0.070833
0 0.230078 0.065104 0.067969 0.086458
0 0.485156 0.076563 0.060937 0.084375
0 0.853125 0.079687 0.067187 0.078125
0 0.162500 0.097917 0.070312 0.075000
0 0.698828 0.115104 0.064844 0.080208
0 0.358594 0.116146 0.059375 0.076042
0 0.441016 0.119792 0.066406 0.081250
0 0.543750 0.127083 0.075000 0.072917
0 0.082031 0.127604 0.067187 0.080208
0 0.237109 0.133333 0.069531 0.064583
0 0.823438 0.143750 0.073438 0.095833
0 0.143359 0.160417 0.067969 0.068750
0 0.769922 0.165104 0.064844 0.078125
0 0.628906 0.173958 0.062500 0.079167
0 0.919141 0.176042 0.061719 0.079167
0 0.276953 0.175521 0.058594 0.090625
0 0.338281 0.182292 0.064062 0.085417
0 0.526953 0.193229 0.064844 0.073958
0 0.222266 0.198437 0.067969 0.080208
0 0.059375 0.220312 0.068750 0.086458
0 0.473438 0.220833 0.064062 0.089583
0 0.127734 0.224479 0.063281 0.076042
0 0.659766 0.224479 0.064844 0.088542
0 0.973437 0.228125 0.060937 0.085417
0 0.384766 0.226042 0.066406 0.085417
0 0.736719 0.235937 0.076563 0.082292
0 0.850781 0.239583 0.062500 0.081250
0 0.786328 0.253646 0.067969 0.086458
0 0.241406 0.270313 0.062500 0.080208
0 0.609375 0.296354 0.060937 0.082292
0 0.067578 0.298438 0.071094 0.076042
0 0.448828 0.297396 0.071094 0.071875
0 0.886719 0.306250 0.059375 0.077083
0 0.976562 0.310937 0.054688 0.086458
0 0.735938 0.313542 0.054688 0.075000
0 0.675391 0.326562 0.069531 0.086458
0 0.846094 0.359896 0.057813 0.078125
0 0.260937 0.362500 0.062500 0.087500
0 0.393359 0.363542 0.064844 0.085417
0 0.036328 0.363542 0.071094 0.093750
0 0.908594 0.366667 0.070312 0.085417
0 0.544531 0.378646 0.059375 0.078125
0 0.463281 0.393229 0.064062 0.086458
0 0.648047 0.405729 0.055469 0.069792
0 0.957031 0.408333 0.078125 0.079167
0 0.321875 0.423438 0.060937 0.080208
0 0.869531 0.430729 0.062500 0.080208
0 0.743750 0.433854 0.067187 0.076042
0 0.149609 0.441667 0.063281 0.079167
0 0.603125 0.447396 0.075000 0.082292
0 0.789844 0.467187 0.073438 0.082292
0 0.366406 0.469792 0.057813 0.085417
0 0.221094 0.478125 0.062500 0.081250
0 0.456641 0.479687 0.063281 0.084375
0 0.033203 0.493750 0.061719 0.083333
0 0.572266 0.512500 0.072656 0.079167
0 0.729297 0.515104 0.058594 0.082292
0 0.671875 0.515104 0.059375 0.084375
0 0.130469 0.517708 0.071875 0.095833
0 0.499219 0.543229 0.062500 0.082292
0 0.191016 0.544792 0.066406 0.083333
0 0.787891 0.549479 0.063281 0.082292
0 0.935547 0.561458 0.060156 0.079167
0 0.727734 0.593750 0.064844 0.079167
0 0.045703 0.598437 0.064844 0.082292
0 0.555469 0.601562 0.057813 0.078125
0 0.389453 0.619792 0.072656 0.079167
0 0.483984 0.627083 0.069531 0.091667
0 0.162500 0.629167 0.064062 0.083333
0 0.645312 0.636979 0.057813 0.076042
0 0.904687 0.639062 0.060937 0.084375
0 0.798047 0.641667 0.066406 0.072917
0 0.976953 0.664062 0.053906 0.078125
0 0.217969 0.676042 0.062500 0.085417
0 0.726562 0.680729 0.078125 0.073958
0 0.398047 0.690104 0.066406 0.076042
0 0.453125 0.705729 0.071875 0.096875
0 0.789453 0.708333 0.061719 0.070833
0 0.166016 0.712500 0.061719 0.083333
0 0.100391 0.718750 0.067969 0.085417
0 0.893750 0.729688 0.057813 0.076042
0 0.838672 0.740625 0.055469 0.083333
0 0.031250 0.747917 0.062500 0.083333
0 0.391016 0.759896 0.074219 0.071875
0 0.492578 0.766667 0.071094 0.083333
0 0.743359 0.765104 0.063281 0.082292
0 0.257812 0.786458 0.068750 0.085417
0 0.633594 0.788021 0.057813 0.080208
0 0.353906 0.797396 0.064062 0.076042
0 0.867188 0.820833 0.059375 0.081250
0 0.029687 0.827083 0.059375 0.079167
0 0.457813 0.825000 0.065625 0.083333
0 0.617578 0.857292 0.064844 0.072917
0 0.262109 0.860417 0.061719 0.068750
0 0.190625 0.862500 0.067187 0.079167
0 0.496875 0.868229 0.065625 0.080208
0 0.403906 0.874479 0.065625 0.088542
0 0.664062 0.890104 0.064062 0.084375
0 0.054297 0.891667 0.066406 0.091667
0 0.719531 0.894271 0.054688 0.080208
0 0.348047 0.910937 0.060156 0.080208
0 0.957031 0.927083 0.060937 0.079167
0 0.180078 0.934896 0.063281 0.069792
0 0.260156 0.936458 0.065625 0.081250
0 0.477344 0.942708 0.070312 0.085417
0 0.552344 0.945833 0.068750 0.087500
0 0.119141 0.955729 0.058594 0.082292
0 0.684766 0.960417 0.069531 0.077083
0 0.797266 0.964583 0.061719 0.081250
0 0.905859 0.965625 0.066406 0.079167
0 0.420312 0.967187 0.064062 0.076042
0 0.312109 0.967187 0.057031 0.076042
2 0.352734 0.290625 0.091406 0.091667
2 0.625000 0.711458 0.073438 0.100000
