0 0.357422 0.824479 0.074219 0.073958
0 0.067578 0.501563 0.049219 0.055208
0 0.539453 0.227604 0.066406 0.073958
0 0.186328 0.039583 0.064844 0.079167
0 0.667578 0.042188 0.064844 0.076042
0 0.324609 0.052083 0.069531 0.079167
0 0.418359 0.059896 0.061719 0.084375
0 0.487891 0.068229 0.060156 0.080208
0 0.068750 0.076042 0.057813 0.077083
0 0.770703 0.076563 0.061719 0.082292
0 0.595313 0.080729 0.059375 0.082292
0 0.910156 0.081250 0.070312 0.077083
0 0.271484 0.086458 0.064844 0.077083
0 0.177734 0.103646 0.072656 0.071875
0 0.950781 0.116667 0.067187 0.079167
0 0.659375 0.118750 0.068750 0.081250
0 0.879687 0.134896 0.065625 0.071875
0 0.527344 0.138021 0.075000 0.076042
0 0.033203 0.140104 0.066406 0.078125
0 0.399219 0.153646 0.062500 0.082292
0 0.187891 0.172917 0.067969 0.079167
0 0.596094 0.172396 0.057813 0.080208
0 0.483594 0.178646 0.060937 0.080208
0 0.119531 0.180729 0.059375 0.076042
0 0.710156 0.184375 0.062500 0.083333
0 0.966797 0.185938 0.067969 0.069792
0 0.248047 0.195312 0.060156 0.090625
0 0.650391 0.195833 0.058594 0.079167
0 0.881250 0.207292 0.064062 0.077083
0 0.819922 0.211979 0.067969 0.084375
0 0.294922 0.225521 0.066406 0.086458
0 0.371484 0.227083 0.058594 0.085417
0 0.432812 0.234896 0.065625 0.080208
0 0.217188 0.251563 0.048438 0.080208
0 0.746875 0.251563 0.064062 0.080208
0 0.973047 0.258333 0.061719 0.083333
0 0.088281 0.273958 0.067187 0.087500
0 0.327734 0.281771 0.072656 0.078125
0 0.807813 0.282292 0.064062 0.083333
0 0.604688 0.286979 0.062500 0.078125
0 0.884375 0.314063 0.065625 0.086458
0 0.559766 0.314063 0.066406 0.092708
0 0.951562 0.321875 0.073438 0.085417
0 0.216016 0.324479 0.066406 0.073958
0 0.503125 0.329167 0.068750 0.087500
0 0.760156 0.330208 0.071875 0.077083
0 0.441016 0.338542 0.063281 0.081250
0 0.125391 0.339062 0.067969 0.082292
0 0.033203 0.340625 0.057031 0.075000
0 0.638672 0.342187 0.063281 0.080208
0 0.824219 0.354687 0.057813 0.073958
0 0.338281 0.361979 0.076563 0.092708
0 0.177734 0.380208 0.063281 0.083333
0 0.585156 0.382292 0.059375 0.079167
0 0.971094 0.389583 0.060937 0.075000
0 0.399609 0.396875 0.063281 0.091667
0 0.239844 0.397917 0.067187 0.083333
0 0.101172 0.400521 0.078906 0.071875
0 0.878906 0.398958 0.068750 0.077083
0 0.775781 0.400521 0.062500 0.071875
0 0.475781 0.402604 0.068750 0.078125
0 0.689063 0.410417 0.060937 0.079167
0 0.630859 0.418229 0.058594 0.084375
0 0.035547 0.437500 0.061719 0.081250
0 0.353516 0.441146 0.061719 0.078125
0 0.191016 0.446354 0.077344 0.067708
0 0.553906 0.443229 0.067187 0.086458
0 0.841406 0.451562 0.064062 0.084375
0 0.956250 0.457292 0.056250 0.072917
0 0.431641 0.457813 0.066406 0.088542
0 0.297266 0.459896 0.066406 0.105208
0 0.103125 0.465104 0.062500 0.073958
0 0.751172 0.472396 0.064844 0.084375
0 0.700000 0.485938 0.059375 0.080208
0 0.898438 0.492188 0.065625 0.080208
0 0.596094 0.501563 0.060937 0.090625
0 0.521875 0.492708 0.057813 0.095833
0 0.028125 0.511979 0.056250 0.086458
0 0.190234 0.513021 0.063281 0.073958
0 0.464062 0.524479 0.075000 0.073958
0 0.656641 0.523958 0.071094 0.075000
0 0.815234 0.533854 0.061719 0.078125
0 0.136328 0.546354 0.063281 0.080208
0 0.250391 0.563021 0.057031 0.090625
0 0.562891 0.557292 0.066406 0.083333
0 0.305469 0.558333 0.059375 0.079167
0 0.919531 0.560417 0.059375 0.077083
0 0.493359 0.582812 0.067969 0.076042
0 0.638672 0.582292 0.058594 0.064583
0 0.729688 0.584896 0.062500 0.082292
0 0.198437 0.587500 0.062500 0.079167
0 0.055859 0.587500 0.057031 0.072917
0 0.386719 0.595833 0.050000 0.068750
0 0.338281 0.595833 0.064062 0.097917
0 0.436328 0.597396 0.053906 0.084375
0 0.842187 0.604688 0.067187 0.086458
0 0.783203 0.627604 0.060156 0.078125
0 0.145313 0.631771 0.062500 0.080208
0 0.664844 0.639062 0.068750 0.080208
0 0.369531 0.653125 0.059375 0.075000
0 0.546484 0.667708 0.061719 0.079167
0 0.898047 0.669271 0.071094 0.090625
0 0.258203 0.678125 0.061719 0.083333
0 0.425391 0.697396 0.067969 0.088542
0 0.047266 0.715625 0.057031 0.102083
0 0.832422 0.705729 0.064844 0.090625
0 0.689453 0.705208 0.061719 0.081250
0 0.207813 0.713542 0.054688 0.075000
0 0.099219 0.720313 0.057813 0.096875
0 0.154688 0.737500 0.064062 0.085417
0 0.644531 0.741667 0.068750 0.085417
0 0.543359 0.746354 0.069531 0.088542
0 0.299219 0.748958 0.071875 0.093750
0 0.732422 0.745833 0.057031 0.091667
0 0.939453 0.753646 0.061719 0.084375
0 0.880078 0.753646 0.061719 0.090625
0 0.371484 0.759896 0.069531 0.076042
0 0.805859 0.766146 0.060156 0.076042
0 0.443359 0.770312 0.069531 0.069792
0 0.075781 0.794271 0.062500 0.082292
0 0.619531 0.796875 0.064062 0.091667
0 0.506641 0.801562 0.075781 0.073958
0 0.251563 0.807292 0.068750 0.083333
0 0.427734 0.823958 0.082031 0.091667
0 0.767969 0.824479 0.064062 0.090625
0 0.128125 0.832812 0.065625 0.086458
0 0.825000 0.839583 0.056250 0.089583
0 0.934375 0.839583 0.068750 0.089583
0 0.200000 0.848437 0.064062 0.086458
0 0.082031 0.880208 0.068750 0.085417
0 0.157422 0.899479 0.063281 0.082292
0 0.369531 0.900521 0.075000 0.073958
0 0.957031 0.910417 0.071875 0.075000
0 0.644141 0.919271 0.069531 0.094792
0 0.428125 0.924479 0.067187 0.080208
0 0.756250 0.925521 0.060937 0.088542
0 0.700000 0.945833 0.057813 0.079167
0 0.835156 0.944271 0.060937 0.084375
0 0.083203 0.956250 0.069531 0.077083
0 0.927344 0.968229 0.082812 0.073958
1 0.596484 0.639062 0.063281 0.082292
