0 0.429688 0.844792 0.079687 0.070833
0 0.414844 0.048958 0.075000 0.075000
0 0.822266 0.900521 0.086719 0.086458
0 0.885938 0.965104 0.057813 0.065625
0 0.852344 0.781250 0.078125 0.075000
0 0.917578 0.775521 0.069531 0.082292
0 0.920312 0.844271 0.057813 0.065625
0 0.426953 0.665625 0.074219 0.083333
0 0.489453 0.672396 0.067969 0.069792
0 0.539062 0.084896 0.060937 0.096875
0 0.518750 0.898438 0.064062 0.090625
0 0.597656 0.866146 0.056250 0.086458
0 0.501953 0.045833 0.058594 0.091667
0 0.280859 0.068750 0.089844 0.120833
0 0.654687 0.101042 0.053125 0.097917
0 0.498828 0.135937 0.060156 0.103125
0 0.584766 0.199479 0.072656 0.071875
0 0.522266 0.206771 0.078906 0.086458
0 0.429297 0.217708 0.069531 0.095833
0 0.319141 0.223438 0.052344 0.086458
0 0.355078 0.223958 0.052344 0.104167
0 0.599219 0.241667 0.089063 0.077083
0 0.491797 0.258854 0.060156 0.092708
0 0.647266 0.279687 0.058594 0.109375
0 0.135937 0.266667 0.067187 0.102083
0 0.203125 0.302604 0.092188 0.123958
0 0.315234 0.308854 0.100781 0.094792
0 0.142969 0.350000 0.075000 0.079167
0 0.328906 0.365625 0.053125 0.070833
0 0.650391 0.373958 0.067969 0.125000
0 0.205078 0.388542 0.063281 0.089583
0 0.494531 0.393750 0.068750 0.100000
0 0.533984 0.447396 0.072656 0.090625
0 0.741016 0.448437 0.058594 0.092708
0 0.602734 0.463542 0.061719 0.083333
0 0.225781 0.471875 0.064062 0.095833
0 0.544141 0.516667 0.064844 0.093750
0 0.451172 0.571875 0.077344 0.102083
0 0.507422 0.583854 0.066406 0.086458
0 0.547656 0.635417 0.064062 0.089583
0 0.360938 0.650521 0.064062 0.101042
0 0.303516 0.670833 0.080469 0.133333
0 0.667969 0.689583 0.062500 0.085417
0 0.823828 0.708333 0.069531 0.091667
0 0.600781 0.720313 0.065625 0.096875
0 0.536719 0.726562 0.085938 0.101042
0 0.375781 0.755729 0.057813 0.094792
0 0.794141 0.768750 0.080469 0.106250
0 0.625391 0.803125 0.061719 0.093750
0 0.975781 0.835938 0.056250 0.086458
0 0.660547 0.869792 0.066406 0.097917
0 0.732422 0.905208 0.060156 0.102083
0 0.661719 0.951562 0.065625 0.107292
0 0.710156 0.956771 0.062500 0.096875
2 0.238281 0.256771 0.079687 0.101042
2 0.305078 0.174479 0.060156 0.107292
2 0.516406 0.820312 0.084375 0.088542
3 0.542188 0.304167 0.070312 0.095833
