0 0.235937 0.484375 0.081250 0.081250
0 0.286719 0.570833 0.051562 0.095833
0 0.842969 0.670833 0.075000 0.066667
0 0.808594 0.893229 0.057813 0.080208
0 0.651953 0.799479 0.067969 0.101042
0 0.421875 0.038021 0.062500 0.076042
0 0.131641 0.040625 0.060156 0.081250
0 0.934375 0.043229 0.078125 0.086458
0 0.480078 0.048958 0.066406 0.097917
0 0.374219 0.065625 0.070312 0.077083
0 0.720703 0.081250 0.071094 0.075000
0 0.176953 0.100521 0.067969 0.088542
0 0.917578 0.102083 0.055469 0.077083
0 0.859375 0.110937 0.068750 0.088542
0 0.631641 0.114583 0.063281 0.091667
0 0.504687 0.117188 0.059375 0.086458
0 0.792969 0.125000 0.068750 0.093750
0 0.363281 0.122917 0.076563 0.089583
0 0.681250 0.140104 0.065625 0.090625
0 0.301172 0.153646 0.069531 0.119792
0 0.737500 0.147917 0.059375 0.081250
0 0.574219 0.163021 0.071875 0.113542
0 0.212891 0.180729 0.050781 0.069792
0 0.163281 0.178125 0.068750 0.089583
0 0.839453 0.181250 0.067969 0.077083
0 0.336719 0.189583 0.060937 0.081250
0 0.395703 0.189583 0.063281 0.085417
0 0.517188 0.206250 0.065625 0.083333
0 0.710156 0.207292 0.067187 0.083333
0 0.250000 0.222917 0.059375 0.087500
0 0.451172 0.246354 0.077344 0.088542
0 0.771875 0.246354 0.064062 0.086458
0 0.313672 0.246875 0.050781 0.062500
0 0.870313 0.246354 0.062500 0.080208
0 0.931641 0.269792 0.071094 0.085417
0 0.268359 0.282813 0.064844 0.086458
0 0.693750 0.283854 0.073438 0.090625
0 0.514453 0.286458 0.061719 0.081250
0 0.208984 0.304167 0.066406 0.102083
0 0.472266 0.319792 0.060156 0.083333
0 0.563281 0.321875 0.079687 0.072917
0 0.733594 0.329688 0.064062 0.090625
0 0.791406 0.326042 0.062500 0.087500
0 0.912891 0.341667 0.085156 0.085417
0 0.161328 0.348438 0.060156 0.090625
0 0.104297 0.379167 0.064844 0.091667
0 0.700000 0.379167 0.062500 0.083333
0 0.546484 0.397917 0.060156 0.093750
0 0.490234 0.397396 0.060156 0.090625
0 0.785547 0.403646 0.071094 0.084375
0 0.884375 0.406771 0.071875 0.094792
0 0.653125 0.409896 0.062500 0.086458
0 0.590625 0.421875 0.067187 0.081250
0 0.950000 0.413542 0.067187 0.091667
0 0.162109 0.433333 0.061719 0.083333
0 0.071875 0.470313 0.057813 0.092708
0 0.507422 0.472917 0.061719 0.077083
0 0.804688 0.476562 0.064062 0.084375
0 0.598828 0.481250 0.066406 0.083333
0 0.027734 0.480208 0.055469 0.087500
0 0.884375 0.491667 0.079687 0.083333
0 0.107813 0.503646 0.082812 0.096875
0 0.451562 0.515625 0.075000 0.091667
0 0.151172 0.538021 0.063281 0.086458
0 0.849219 0.535937 0.075000 0.073958
0 0.557422 0.538542 0.064844 0.097917
0 0.498047 0.546354 0.069531 0.076042
0 0.235937 0.565625 0.059375 0.095833
0 0.396875 0.588542 0.054688 0.095833
0 0.097266 0.586979 0.067969 0.080208
0 0.642578 0.594271 0.072656 0.078125
0 0.717187 0.595833 0.068750 0.085417
0 0.197266 0.596875 0.057031 0.091667
0 0.782422 0.600000 0.071094 0.097917
0 0.340625 0.590104 0.064062 0.092708
0 0.576953 0.613542 0.069531 0.085417
0 0.819922 0.614583 0.077344 0.079167
0 0.049219 0.632812 0.062500 0.082292
0 0.128906 0.648438 0.071875 0.101042
0 0.335156 0.657813 0.062500 0.073958
0 0.405078 0.655729 0.057031 0.076042
0 0.457813 0.677083 0.056250 0.066667
0 0.701562 0.673958 0.065625 0.081250
0 0.526953 0.667708 0.069531 0.091667
0 0.787891 0.680729 0.072656 0.086458
0 0.585156 0.694792 0.070312 0.089583
0 0.089453 0.686458 0.069531 0.089583
0 0.507422 0.718750 0.082031 0.083333
0 0.166016 0.717708 0.064844 0.079167
0 0.811328 0.729688 0.085156 0.078125
0 0.347656 0.746875 0.060937 0.081250
0 0.409766 0.750521 0.061719 0.084375
0 0.472266 0.766146 0.069531 0.096875
0 0.603906 0.766146 0.073438 0.078125
0 0.080469 0.770833 0.079687 0.083333
0 0.197656 0.776042 0.071875 0.087500
0 0.733594 0.771354 0.067187 0.090625
0 0.838281 0.797917 0.067187 0.091667
0 0.781250 0.798958 0.059375 0.097917
0 0.112109 0.827604 0.069531 0.086458
0 0.585938 0.832292 0.067187 0.079167
0 0.435547 0.829688 0.064844 0.092708
0 0.687500 0.834375 0.065625 0.081250
0 0.219141 0.841667 0.061719 0.079167
0 0.327344 0.842187 0.060937 0.086458
0 0.376953 0.850000 0.063281 0.085417
0 0.747656 0.860417 0.082812 0.104167
0 0.870703 0.864583 0.071094 0.106250
0 0.264453 0.874479 0.060156 0.078125
0 0.496875 0.896354 0.075000 0.094792
0 0.575000 0.902083 0.071875 0.070833
0 0.109766 0.906250 0.067969 0.079167
0 0.691797 0.911979 0.075781 0.082292
0 0.437109 0.921354 0.061719 0.086458
0 0.380859 0.926042 0.055469 0.075000
0 0.053516 0.929688 0.074219 0.073958
0 0.738281 0.954167 0.096875 0.102083
0 0.282031 0.941667 0.076563 0.087500
0 0.533203 0.952083 0.064844 0.079167
0 0.658984 0.965104 0.074219 0.080208
2 0.521094 0.823958 0.079687 0.102083
2 0.048828 0.856771 0.075781 0.113542
