0 0.466016 0.292187 0.061719 0.063542
0 0.433594 0.230208 0.057813 0.066667
0 0.247656 0.046875 0.073438 0.075000
0 0.070703 0.100000 0.049219 0.072917
0 0.108984 0.720833 0.067969 0.081250
0 0.074219 0.771354 0.056250 0.090625
0 0.502734 0.635938 0.063281 0.069792
0 0.577344 0.335938 0.056250 0.086458
0 0.555469 0.276562 0.056250 0.082292
0 0.529687 0.363021 0.059375 0.109375
0 0.576562 0.409375 0.057813 0.070833
0 0.652344 0.363021 0.079687 0.109375
0 0.882812 0.654167 0.057813 0.075000
0 0.856250 0.603125 0.053125 0.081250
0 0.888672 0.552604 0.052344 0.088542
0 0.928516 0.623437 0.053906 0.086458
0 0.950781 0.096354 0.071875 0.092708
0 0.571484 0.902604 0.064844 0.063542
0 0.737109 0.955729 0.063281 0.065625
0 0.774609 0.116667 0.055469 0.075000
0 0.903906 0.338021 0.057813 0.078125
0 0.932422 0.394271 0.055469 0.069792
0 0.880078 0.416667 0.058594 0.091667
0 0.737109 0.044271 0.078906 0.088542
0 0.342187 0.048438 0.070312 0.096875
0 0.674609 0.056771 0.077344 0.086458
0 0.871875 0.091667 0.073438 0.108333
0 0.716016 0.110417 0.047656 0.087500
0 0.241016 0.123958 0.078906 0.095833
0 0.647656 0.115104 0.060937 0.073958
0 0.828906 0.121354 0.073438 0.096875
0 0.347656 0.138542 0.068750 0.091667
0 0.291406 0.161458 0.068750 0.102083
0 0.108984 0.166667 0.064844 0.100000
0 0.192578 0.161979 0.091406 0.130208
0 0.531641 0.177604 0.057031 0.113542
0 0.903516 0.190625 0.080469 0.100000
0 0.170703 0.232292 0.074219 0.083333
0 0.843359 0.231771 0.066406 0.088542
0 0.946484 0.233854 0.071094 0.088542
0 0.098047 0.237500 0.066406 0.087500
0 0.236328 0.232813 0.058594 0.086458
0 0.718750 0.247917 0.067187 0.089583
0 0.327344 0.241146 0.057813 0.111458
0 0.384375 0.269792 0.065625 0.087500
0 0.274219 0.277083 0.064062 0.079167
0 0.799609 0.318750 0.061719 0.087500
0 0.749609 0.325521 0.061719 0.084375
0 0.285156 0.348958 0.062500 0.077083
0 0.425781 0.350521 0.067187 0.082292
0 0.168750 0.374479 0.059375 0.076042
0 0.826172 0.381250 0.069531 0.112500
0 0.705078 0.392188 0.063281 0.105208
0 0.280859 0.413542 0.060156 0.085417
0 0.817187 0.444792 0.075000 0.081250
0 0.737891 0.444792 0.066406 0.104167
0 0.106641 0.447396 0.063281 0.088542
0 0.912109 0.476562 0.063281 0.078125
0 0.575000 0.484896 0.060937 0.096875
0 0.961719 0.491667 0.067187 0.083333
0 0.692187 0.514583 0.067187 0.095833
0 0.455859 0.550521 0.069531 0.088542
0 0.944531 0.554167 0.059375 0.081250
0 0.601172 0.560417 0.066406 0.095833
0 0.762891 0.576042 0.063281 0.085417
0 0.714063 0.608854 0.068750 0.098958
0 0.633594 0.618229 0.071875 0.096875
0 0.078125 0.654687 0.060937 0.067708
0 0.745703 0.680729 0.061719 0.084375
0 0.544141 0.691146 0.066406 0.084375
0 0.678516 0.711458 0.097656 0.133333
0 0.032813 0.711458 0.046875 0.087500
0 0.478906 0.736458 0.064062 0.083333
0 0.940234 0.757812 0.066406 0.084375
0 0.881250 0.785417 0.068750 0.083333
0 0.606250 0.792708 0.059375 0.068750
0 0.505859 0.802604 0.061719 0.078125
0 0.661328 0.801562 0.058594 0.078125
0 0.219922 0.795833 0.055469 0.093750
0 0.174609 0.822917 0.060156 0.077083
0 0.922266 0.824479 0.063281 0.082292
0 0.408594 0.828646 0.068750 0.076042
0 0.704297 0.829688 0.066406 0.088542
0 0.609375 0.846354 0.070312 0.073958
0 0.858203 0.871875 0.067969 0.081250
0 0.298828 0.876563 0.063281 0.078125
0 0.731250 0.900521 0.068750 0.090625
0 0.506641 0.898958 0.067969 0.083333
0 0.443359 0.901563 0.057031 0.076042
0 0.622656 0.911979 0.057813 0.084375
0 0.675781 0.931771 0.067187 0.080208
0 0.837891 0.950521 0.058594 0.080208
0 0.416406 0.965625 0.060937 0.079167
1 0.427344 0.756771 0.059375 0.090625
2 0.476953 0.180729 0.075781 0.101042
1 0.772656 0.187500 0.075000 0.081250
