0 0.370312 0.350000 0.082812 0.095833
0 0.911328 0.057813 0.077344 0.086458
0 0.155859 0.044792 0.078906 0.089583
0 0.419922 0.060417 0.083594 0.097917
0 0.504297 0.075000 0.069531 0.091667
0 0.385547 0.099479 0.069531 0.092708
0 0.177344 0.099479 0.075000 0.094792
0 0.037891 0.132812 0.075781 0.121875
0 0.771875 0.128646 0.073438 0.096875
0 0.535547 0.145833 0.075781 0.097917
0 0.148438 0.155208 0.073438 0.097917
0 0.620703 0.164062 0.071094 0.090625
0 0.899609 0.171354 0.077344 0.096875
0 0.355859 0.179688 0.069531 0.094792
0 0.232422 0.193750 0.078906 0.085417
0 0.810937 0.199479 0.079687 0.088542
0 0.483203 0.206250 0.067969 0.095833
0 0.298438 0.211458 0.081250 0.097917
0 0.541797 0.235417 0.078906 0.095833
0 0.404297 0.244792 0.074219 0.089583
0 0.621484 0.246875 0.072656 0.108333
0 0.760156 0.249479 0.076563 0.101042
0 0.204687 0.250521 0.081250 0.088542
0 0.690234 0.245312 0.088281 0.101042
0 0.101953 0.281250 0.071094 0.095833
0 0.304688 0.285938 0.075000 0.086458
0 0.034375 0.296875 0.068750 0.093750
0 0.949219 0.291667 0.062500 0.110417
0 0.657422 0.319792 0.078906 0.097917
0 0.857422 0.328125 0.052344 0.102083
0 0.552734 0.352604 0.080469 0.098958
0 0.055469 0.363021 0.070312 0.094792
0 0.711719 0.368750 0.081250 0.081250
0 0.131641 0.375521 0.067969 0.094792
0 0.261719 0.385937 0.064062 0.096875
0 0.211719 0.392708 0.060937 0.097917
0 0.616797 0.393229 0.067969 0.090625
0 0.447266 0.393750 0.069531 0.075000
0 0.814844 0.396354 0.070312 0.103125
0 0.698828 0.438021 0.077344 0.090625
0 0.162500 0.439583 0.073438 0.087500
0 0.872656 0.438542 0.084375 0.085417
0 0.475391 0.448437 0.088281 0.101042
0 0.600391 0.466667 0.077344 0.102083
0 0.433594 0.473958 0.071875 0.104167
0 0.971094 0.462500 0.065625 0.102083
0 0.791016 0.478646 0.071094 0.094792
0 0.229687 0.484896 0.085938 0.101042
0 0.091406 0.494792 0.075000 0.087500
0 0.733984 0.497917 0.075781 0.100000
0 0.883984 0.526563 0.085156 0.121875
0 0.831641 0.518750 0.060156 0.095833
0 0.950000 0.523958 0.073438 0.095833
0 0.489453 0.528125 0.066406 0.100000
0 0.341406 0.527604 0.068750 0.105208
0 0.544531 0.535937 0.084375 0.094792
0 0.287109 0.533854 0.064844 0.092708
0 0.407031 0.540625 0.079687 0.093750
0 0.202344 0.546354 0.076563 0.101042
0 0.152734 0.582812 0.066406 0.096875
0 0.598047 0.583854 0.067969 0.109375
0 0.665234 0.594271 0.077344 0.105208
0 0.107813 0.626042 0.067187 0.095833
0 0.034766 0.647917 0.069531 0.091667
0 0.772266 0.656250 0.083594 0.095833
0 0.301953 0.669792 0.064844 0.085417
0 0.909375 0.669792 0.073438 0.110417
0 0.188672 0.694271 0.069531 0.109375
0 0.448828 0.714063 0.074219 0.090625
0 0.104688 0.743750 0.057813 0.100000
0 0.507422 0.736979 0.069531 0.096875
0 0.358203 0.743750 0.082031 0.095833
0 0.606641 0.780729 0.072656 0.090625
0 0.033594 0.785937 0.067187 0.107292
0 0.408203 0.799479 0.074219 0.094792
0 0.340625 0.807813 0.071875 0.094792
0 0.205859 0.806250 0.077344 0.104167
0 0.830469 0.806771 0.079687 0.092708
0 0.133594 0.807292 0.073438 0.093750
0 0.536719 0.815625 0.071875 0.097917
0 0.265625 0.813542 0.067187 0.095833
0 0.919141 0.850000 0.067969 0.068750
0 0.052734 0.852604 0.061719 0.090625
0 0.484375 0.896875 0.068750 0.070833
0 0.673047 0.873958 0.074219 0.093750
0 0.422656 0.879167 0.078125 0.095833
0 0.171094 0.885938 0.071875 0.103125
0 0.260156 0.896875 0.065625 0.095833
0 0.082031 0.925000 0.075000 0.106250
0 0.335547 0.906771 0.064844 0.105208
0 0.600781 0.932292 0.076563 0.100000
0 0.885547 0.953646 0.067969 0.103125
0 0.378516 0.951042 0.099219 0.108333
0 0.043359 0.961458 0.082031 0.087500
3 0.535547 0.620833 0.074219 0.102083
