0 0.438281 0.192708 0.048438 0.075000
0 0.796094 0.261979 0.071875 0.069792
0 0.931641 0.245833 0.050781 0.060417
0 0.711719 0.671354 0.060937 0.069792
0 0.447656 0.522396 0.057813 0.076042
0 0.448437 0.609375 0.054688 0.075000
0 0.369531 0.454688 0.059375 0.086458
0 0.596875 0.718229 0.050000 0.071875
0 0.578906 0.930729 0.053125 0.069792
0 0.392188 0.038021 0.057813 0.076042
0 0.585938 0.035937 0.054688 0.071875
0 0.956250 0.042708 0.090625 0.085417
0 0.273047 0.041667 0.058594 0.075000
0 0.445312 0.045833 0.059375 0.064583
0 0.225000 0.048438 0.057813 0.073958
0 0.098828 0.056250 0.064844 0.075000
0 0.861719 0.070312 0.059375 0.073958
0 0.740625 0.077604 0.068750 0.073958
0 0.926172 0.090625 0.064844 0.081250
0 0.033594 0.098958 0.064062 0.068750
0 0.462500 0.101562 0.064062 0.069792
0 0.553125 0.107813 0.057813 0.078125
0 0.213672 0.114583 0.060156 0.083333
0 0.723828 0.119792 0.067969 0.077083
0 0.605078 0.121875 0.060156 0.091667
0 0.400781 0.138542 0.060937 0.091667
0 0.855078 0.141667 0.064844 0.079167
0 0.031250 0.162500 0.059375 0.075000
0 0.104297 0.166667 0.063281 0.068750
0 0.651172 0.175000 0.064844 0.083333
0 0.569531 0.177604 0.064062 0.073958
0 0.752734 0.188021 0.074219 0.073958
0 0.691016 0.233854 0.061719 0.082292
0 0.091406 0.243229 0.067187 0.082292
0 0.569531 0.247917 0.060937 0.079167
0 0.462891 0.280208 0.058594 0.072917
0 0.907031 0.300000 0.060937 0.083333
0 0.118750 0.309375 0.070312 0.068750
0 0.796484 0.330208 0.061719 0.075000
0 0.844531 0.339062 0.046875 0.080208
0 0.944531 0.355729 0.060937 0.082292
0 0.443750 0.354167 0.056250 0.077083
0 0.140234 0.368750 0.060156 0.077083
0 0.889062 0.369792 0.062500 0.072917
0 0.391797 0.381250 0.055469 0.075000
0 0.774609 0.385417 0.053906 0.066667
0 0.210547 0.394271 0.067969 0.078125
0 0.634375 0.411458 0.057813 0.079167
0 0.585156 0.433854 0.065625 0.073958
0 0.675000 0.452083 0.057813 0.075000
0 0.773828 0.457813 0.064844 0.084375
0 0.824609 0.477083 0.061719 0.085417
0 0.103516 0.480208 0.064844 0.077083
0 0.282422 0.515625 0.061719 0.081250
0 0.347656 0.519792 0.056250 0.072917
0 0.686328 0.523438 0.066406 0.076042
0 0.758594 0.523958 0.060937 0.079167
0 0.573047 0.533333 0.075781 0.070833
0 0.075391 0.545833 0.053906 0.075000
0 0.807813 0.546875 0.060937 0.081250
0 0.641016 0.565625 0.060156 0.077083
0 0.316016 0.576042 0.067969 0.072917
0 0.696875 0.592187 0.062500 0.076042
0 0.571094 0.598437 0.062500 0.071875
0 0.930078 0.602604 0.063281 0.080208
0 0.975391 0.636458 0.057031 0.079167
0 0.346484 0.641146 0.058594 0.069792
0 0.605078 0.641146 0.066406 0.071875
0 0.473828 0.662500 0.053906 0.072917
0 0.857031 0.666667 0.060937 0.083333
0 0.244141 0.689063 0.057031 0.076042
0 0.053516 0.693750 0.058594 0.083333
0 0.321875 0.699479 0.056250 0.071875
0 0.939063 0.700000 0.062500 0.079167
0 0.497656 0.736458 0.056250 0.075000
0 0.837109 0.735417 0.061719 0.083333
0 0.165625 0.758333 0.048438 0.072917
0 0.346875 0.760417 0.062500 0.081250
0 0.114844 0.765625 0.054688 0.070833
0 0.764453 0.776042 0.058594 0.077083
0 0.969922 0.781771 0.064844 0.080208
0 0.562500 0.802604 0.053125 0.076042
0 0.687891 0.811458 0.060156 0.079167
0 0.269141 0.825000 0.061719 0.083333
0 0.033594 0.829688 0.062500 0.076042
0 0.166016 0.842187 0.053906 0.069792
0 0.217188 0.846354 0.050000 0.069792
0 0.611719 0.848437 0.062500 0.073958
0 0.759766 0.848437 0.060156 0.078125
0 0.482422 0.850521 0.055469 0.073958
0 0.382031 0.856771 0.059375 0.076042
0 0.299609 0.879687 0.064844 0.078125
0 0.173828 0.903646 0.058594 0.065625
0 0.632031 0.905208 0.059375 0.075000
0 0.441797 0.907813 0.060156 0.076042
0 0.251172 0.927083 0.060156 0.083333
0 0.389844 0.932813 0.059375 0.073958
0 0.037891 0.969271 0.061719 0.071875
0 0.189453 0.969271 0.053906 0.071875
2 0.508594 0.520833 0.054688 0.087500
