0 0.471875 0.923958 0.062500 0.070833
0 0.427734 0.957812 0.069531 0.061458
0 0.570703 0.937500 0.052344 0.083333
0 0.665234 0.723437 0.047656 0.082292
0 0.825781 0.589063 0.053125 0.076042
0 0.429688 0.597396 0.056250 0.069792
0 0.483594 0.603646 0.059375 0.063542
0 0.960938 0.899479 0.051562 0.065625
0 0.681250 0.825000 0.053125 0.077083
0 0.739844 0.830208 0.060937 0.072917
0 0.048047 0.717187 0.052344 0.067708
0 0.033203 0.950521 0.055469 0.078125
0 0.804688 0.956250 0.068750 0.085417
0 0.450000 0.519271 0.057813 0.071875
0 0.970313 0.034375 0.067187 0.068750
0 0.588281 0.036458 0.057813 0.072917
0 0.376953 0.038021 0.058594 0.076042
0 0.975781 0.082812 0.056250 0.080208
0 0.392188 0.081771 0.075000 0.086458
0 0.619531 0.080208 0.057813 0.075000
0 0.419141 0.122396 0.064844 0.086458
0 0.818750 0.135417 0.054688 0.079167
0 0.733984 0.151562 0.055469 0.076042
0 0.607812 0.156771 0.057813 0.080208
0 0.717969 0.208333 0.060937 0.068750
0 0.146875 0.227083 0.064062 0.083333
0 0.642578 0.230208 0.055469 0.068750
0 0.494922 0.251563 0.060156 0.082292
0 0.095703 0.255208 0.061719 0.081250
0 0.813281 0.258333 0.053125 0.075000
0 0.186719 0.257812 0.060937 0.090625
0 0.884766 0.268229 0.052344 0.067708
0 0.266406 0.274479 0.067187 0.086458
0 0.589063 0.279167 0.060937 0.085417
0 0.945703 0.298438 0.055469 0.078125
0 0.412109 0.301042 0.058594 0.081250
0 0.451953 0.299479 0.057031 0.101042
0 0.784375 0.309375 0.057813 0.079167
0 0.908203 0.331250 0.064844 0.075000
0 0.505078 0.339062 0.072656 0.080208
0 0.839844 0.340104 0.071875 0.078125
0 0.965625 0.355208 0.065625 0.083333
0 0.582422 0.348438 0.053906 0.086458
0 0.400391 0.366146 0.053906 0.080208
0 0.685156 0.371354 0.056250 0.071875
0 0.733203 0.370833 0.063281 0.095833
0 0.883984 0.379688 0.058594 0.073958
0 0.441016 0.400000 0.074219 0.068750
0 0.826953 0.401042 0.057031 0.077083
0 0.546484 0.421875 0.060156 0.087500
0 0.969531 0.424479 0.064062 0.076042
0 0.494922 0.434375 0.061719 0.083333
0 0.696875 0.441667 0.056250 0.077083
0 0.874609 0.440104 0.058594 0.078125
0 0.606641 0.447396 0.091406 0.107292
0 0.436328 0.458854 0.069531 0.076042
0 0.213672 0.475521 0.066406 0.090625
0 0.160156 0.490104 0.064062 0.078125
0 0.265234 0.500521 0.061719 0.084375
0 0.744922 0.504687 0.061719 0.082292
0 0.601953 0.521354 0.069531 0.073958
0 0.905469 0.513021 0.062500 0.088542
0 0.398438 0.510417 0.056250 0.081250
0 0.033594 0.519792 0.067187 0.079167
0 0.691016 0.531250 0.060156 0.081250
0 0.967578 0.510938 0.072656 0.130208
0 0.219531 0.542188 0.070312 0.073958
0 0.541016 0.547396 0.061719 0.067708
0 0.328906 0.554167 0.065625 0.100000
0 0.774219 0.559896 0.057813 0.078125
0 0.045312 0.576562 0.070312 0.084375
0 0.608203 0.581250 0.060156 0.083333
0 0.369141 0.583854 0.063281 0.080208
0 0.655469 0.575521 0.059375 0.073958
0 0.100781 0.595313 0.064062 0.096875
0 0.282813 0.601042 0.059375 0.068750
0 0.884375 0.619792 0.053125 0.095833
0 0.656250 0.630729 0.054688 0.069792
0 0.925000 0.622917 0.051562 0.102083
0 0.969141 0.615625 0.069531 0.100000
0 0.141016 0.635417 0.061719 0.083333
0 0.042969 0.642708 0.062500 0.079167
0 0.688672 0.640104 0.063281 0.094792
0 0.632422 0.644271 0.061719 0.084375
0 0.223047 0.648438 0.089844 0.078125
0 0.496875 0.661979 0.073438 0.086458
0 0.966406 0.680729 0.067187 0.073958
0 0.288672 0.658333 0.066406 0.085417
0 0.460547 0.692708 0.069531 0.083333
0 0.719531 0.688021 0.070312 0.073958
0 0.281641 0.728646 0.069531 0.090625
0 0.329297 0.719271 0.053906 0.103125
0 0.125781 0.727604 0.064062 0.084375
0 0.874219 0.738542 0.065625 0.083333
0 0.569141 0.740104 0.060156 0.086458
0 0.726562 0.758854 0.068750 0.084375
0 0.374609 0.770312 0.071094 0.105208
0 0.168750 0.774479 0.064062 0.090625
0 0.966406 0.763542 0.075000 0.091667
0 0.586328 0.798438 0.072656 0.088542
0 0.956250 0.812500 0.057813 0.062500
0 0.342969 0.803125 0.056250 0.072917
0 0.816406 0.805729 0.060937 0.082292
0 0.401172 0.811458 0.074219 0.089583
0 0.908984 0.811458 0.060156 0.093750
0 0.085547 0.821354 0.064844 0.088542
0 0.862500 0.827083 0.056250 0.087500
0 0.212891 0.833333 0.061719 0.085417
0 0.614453 0.838542 0.067969 0.095833
0 0.481641 0.840625 0.072656 0.089583
0 0.542969 0.882292 0.067187 0.077083
0 0.705469 0.897917 0.070312 0.077083
0 0.823438 0.888021 0.068750 0.076042
0 0.233594 0.895312 0.064062 0.084375
0 0.763281 0.911458 0.065625 0.095833
0 0.202344 0.952604 0.064062 0.090625
0 0.519141 0.960938 0.066406 0.088542
0 0.737891 0.960938 0.077344 0.088542
0 0.267578 0.973958 0.063281 0.062500
2 0.561719 0.675000 0.073438 0.085417
