0 0.079687 0.093229 0.057813 0.092708
0 0.808594 0.347396 0.056250 0.084375
0 0.437891 0.668750 0.061719 0.077083
0 0.816016 0.038021 0.064844 0.076042
0 0.595313 0.042708 0.065625 0.085417
0 0.326172 0.043750 0.064844 0.087500
0 0.969531 0.053646 0.068750 0.107292
0 0.485547 0.053646 0.072656 0.092708
0 0.651172 0.058854 0.064844 0.101042
0 0.726562 0.068229 0.064062 0.113542
0 0.236328 0.068229 0.053906 0.080208
0 0.882422 0.066146 0.066406 0.101042
0 0.169922 0.080729 0.063281 0.090625
0 0.432422 0.093229 0.064844 0.096875
0 0.810547 0.103646 0.061719 0.086458
0 0.284375 0.107292 0.071875 0.079167
0 0.765625 0.118750 0.056250 0.062500
0 0.922656 0.115104 0.057813 0.086458
0 0.619922 0.136979 0.061719 0.084375
0 0.968750 0.139063 0.057813 0.090625
0 0.536719 0.148438 0.060937 0.069792
0 0.175000 0.159896 0.067187 0.080208
0 0.239844 0.164583 0.064062 0.091667
0 0.049219 0.168229 0.057813 0.084375
0 0.389844 0.173958 0.064062 0.091667
0 0.730078 0.178125 0.063281 0.089583
0 0.875000 0.178646 0.060937 0.080208
0 0.301563 0.181250 0.060937 0.083333
0 0.666797 0.177604 0.064844 0.096875
0 0.464062 0.193750 0.060937 0.081250
0 0.804688 0.202083 0.065625 0.097917
0 0.609766 0.219792 0.058594 0.085417
0 0.523828 0.222917 0.058594 0.091667
0 0.154297 0.227604 0.060156 0.086458
0 0.949219 0.240104 0.064062 0.092708
0 0.345703 0.255729 0.057031 0.092708
0 0.272266 0.248958 0.055469 0.087500
0 0.391016 0.248958 0.060156 0.066667
0 0.059375 0.261979 0.064062 0.088542
0 0.705859 0.278646 0.060156 0.086458
0 0.854297 0.283854 0.053906 0.076042
0 0.117188 0.281250 0.059375 0.087500
0 0.487891 0.284896 0.060156 0.084375
0 0.630469 0.292187 0.053125 0.080208
0 0.573438 0.295312 0.054688 0.080208
0 0.308203 0.302604 0.061719 0.084375
0 0.762500 0.308333 0.060937 0.089583
0 0.169922 0.314063 0.055469 0.094792
0 0.900781 0.315625 0.068750 0.083333
0 0.966016 0.323437 0.061719 0.086458
0 0.223828 0.337500 0.063281 0.081250
0 0.485156 0.360417 0.068750 0.075000
0 0.550000 0.364063 0.064062 0.086458
0 0.136719 0.371875 0.057813 0.091667
0 0.084766 0.376563 0.058594 0.086458
0 0.309766 0.388542 0.066406 0.085417
0 0.741016 0.411979 0.060156 0.080208
0 0.404687 0.410938 0.065625 0.092708
0 0.630469 0.414062 0.054688 0.086458
0 0.821484 0.432292 0.052344 0.070833
0 0.495703 0.431771 0.067969 0.094792
0 0.167578 0.441146 0.067969 0.088542
0 0.893359 0.444792 0.064844 0.087500
0 0.290625 0.452083 0.062500 0.089583
0 0.692578 0.456250 0.058594 0.077083
0 0.532813 0.489583 0.064062 0.091667
0 0.784766 0.484375 0.053906 0.079167
0 0.119141 0.497396 0.058594 0.086458
0 0.330078 0.502604 0.064844 0.084375
0 0.868750 0.524479 0.064062 0.094792
0 0.177734 0.526042 0.058594 0.104167
0 0.706250 0.535937 0.059375 0.088542
0 0.565234 0.542708 0.055469 0.081250
0 0.950391 0.544271 0.058594 0.086458
0 0.247266 0.549479 0.060156 0.086458
0 0.619531 0.553125 0.060937 0.087500
0 0.505469 0.565625 0.056250 0.075000
0 0.300391 0.567187 0.057031 0.080208
0 0.771875 0.567187 0.064062 0.086458
0 0.359766 0.571354 0.055469 0.082292
0 0.128125 0.591146 0.068750 0.088542
0 0.825391 0.622396 0.055469 0.065625
0 0.409766 0.605208 0.060156 0.089583
0 0.028906 0.613021 0.057813 0.076042
0 0.704297 0.616146 0.061719 0.076042
0 0.875000 0.624479 0.054688 0.080208
0 0.271094 0.633854 0.057813 0.080208
0 0.618359 0.648958 0.063281 0.085417
0 0.078906 0.653125 0.067187 0.085417
0 0.920312 0.659375 0.059375 0.081250
0 0.174219 0.666146 0.062500 0.086458
0 0.786719 0.661458 0.064062 0.100000
0 0.546875 0.672917 0.059375 0.079167
0 0.730469 0.682813 0.064062 0.096875
0 0.333203 0.683854 0.057031 0.080208
0 0.230859 0.706250 0.057031 0.093750
0 0.492969 0.706771 0.060937 0.086458
0 0.122656 0.710938 0.060937 0.094792
0 0.046875 0.710938 0.064062 0.090625
0 0.278516 0.727604 0.060156 0.084375
0 0.941406 0.732292 0.062500 0.085417
0 0.393750 0.730729 0.056250 0.090625
0 0.814063 0.737500 0.068750 0.091667
0 0.175391 0.748437 0.060156 0.084375
0 0.639844 0.743750 0.057813 0.085417
0 0.538672 0.747917 0.055469 0.075000
0 0.696094 0.745313 0.054688 0.078125
0 0.592187 0.779687 0.059375 0.088542
0 0.069141 0.791146 0.064844 0.076042
0 0.144531 0.795833 0.057813 0.079167
0 0.739844 0.789062 0.062500 0.090625
0 0.293750 0.797917 0.068750 0.089583
0 0.414844 0.801042 0.054688 0.077083
0 0.852734 0.803646 0.063281 0.084375
0 0.217969 0.811979 0.059375 0.078125
0 0.951562 0.819792 0.062500 0.091667
0 0.546094 0.820833 0.064062 0.083333
0 0.661328 0.831250 0.055469 0.072917
0 0.785547 0.829167 0.057031 0.087500
0 0.115234 0.847917 0.060156 0.083333
0 0.062500 0.864062 0.059375 0.082292
0 0.614062 0.871875 0.054688 0.095833
0 0.370703 0.877604 0.071094 0.082292
0 0.442188 0.881250 0.062500 0.091667
0 0.248438 0.900000 0.059375 0.077083
0 0.715625 0.905729 0.056250 0.103125
0 0.784375 0.917188 0.064062 0.084375
0 0.885547 0.913021 0.058594 0.086458
0 0.515625 0.922917 0.065625 0.085417
0 0.029687 0.932813 0.053125 0.086458
0 0.108203 0.934375 0.063281 0.091667
0 0.587500 0.946875 0.059375 0.075000
0 0.352344 0.951562 0.067187 0.082292
0 0.292578 0.961458 0.053906 0.087500
0 0.745313 0.968229 0.056250 0.073958
0 0.926562 0.967708 0.064062 0.075000
3 0.480859 0.788542 0.080469 0.102083
2 0.430469 0.323958 0.071875 0.110417
