0 0.572266 0.225000 0.067969 0.075000
0 0.150391 0.532292 0.055469 0.081250
0 0.083594 0.482812 0.056250 0.080208
0 0.134375 0.468750 0.059375 0.093750
0 0.040234 0.516146 0.063281 0.067708
0 0.089844 0.825000 0.057813 0.075000
0 0.061719 0.614583 0.053125 0.072917
0 0.074219 0.555208 0.056250 0.079167
0 0.121484 0.590104 0.055469 0.071875
0 0.409766 0.844792 0.061719 0.075000
0 0.462891 0.826562 0.055469 0.078125
0 0.510938 0.855208 0.057813 0.081250
0 0.495312 0.910417 0.070312 0.058333
0 0.437891 0.905729 0.052344 0.071875
0 0.023047 0.625521 0.046094 0.076042
0 0.045703 0.725521 0.053906 0.067708
0 0.378906 0.036979 0.054688 0.073958
0 0.660937 0.036979 0.059375 0.073958
0 0.972656 0.039062 0.062500 0.078125
0 0.202344 0.044792 0.065625 0.089583
0 0.301172 0.048438 0.074219 0.096875
0 0.716016 0.048958 0.061719 0.081250
0 0.141406 0.061979 0.060937 0.080208
0 0.551562 0.077083 0.062500 0.081250
0 0.055469 0.080729 0.060937 0.069792
0 0.807422 0.083333 0.058594 0.079167
0 0.350391 0.085938 0.055469 0.080208
0 0.185156 0.112500 0.060937 0.083333
0 0.098437 0.115104 0.059375 0.086458
0 0.770312 0.131771 0.059375 0.084375
0 0.837500 0.142187 0.059375 0.080208
0 0.529297 0.163021 0.064844 0.078125
0 0.928906 0.186458 0.054688 0.075000
0 0.258203 0.186979 0.064844 0.086458
0 0.483203 0.198437 0.058594 0.076042
0 0.360938 0.202083 0.062500 0.081250
0 0.089063 0.212500 0.059375 0.081250
0 0.795312 0.260417 0.056250 0.077083
0 0.748828 0.273958 0.060156 0.083333
0 0.531641 0.288542 0.060156 0.085417
0 0.867578 0.289583 0.063281 0.087500
0 0.176953 0.307292 0.052344 0.102083
0 0.474609 0.319271 0.055469 0.078125
0 0.715625 0.320833 0.054688 0.075000
0 0.912109 0.339583 0.063281 0.083333
0 0.348047 0.366146 0.066406 0.080208
0 0.437500 0.371875 0.060937 0.085417
0 0.120313 0.374479 0.059375 0.076042
0 0.974609 0.377604 0.058594 0.078125
0 0.553516 0.380208 0.063281 0.085417
0 0.722656 0.383333 0.060937 0.083333
0 0.292187 0.386979 0.060937 0.084375
0 0.028906 0.367708 0.057813 0.127083
0 0.389844 0.391146 0.054688 0.076042
0 0.901563 0.410417 0.064062 0.089583
0 0.647656 0.418750 0.065625 0.081250
0 0.242578 0.428125 0.060156 0.085417
0 0.341016 0.440104 0.060156 0.080208
0 0.863281 0.445833 0.056250 0.075000
0 0.722266 0.456771 0.064844 0.086458
0 0.809375 0.464583 0.062500 0.087500
0 0.178906 0.468229 0.051562 0.080208
0 0.294922 0.469271 0.061719 0.082292
0 0.605469 0.481250 0.060937 0.077083
0 0.907031 0.483854 0.062500 0.088542
0 0.523047 0.489063 0.058594 0.082292
0 0.395313 0.490625 0.059375 0.077083
0 0.670312 0.491667 0.053125 0.081250
0 0.849609 0.501042 0.067969 0.110417
0 0.770312 0.517188 0.057813 0.084375
0 0.962891 0.526042 0.082031 0.100000
0 0.631250 0.538021 0.060937 0.073958
0 0.250000 0.558333 0.057813 0.077083
0 0.704297 0.560417 0.057031 0.087500
0 0.341406 0.567708 0.059375 0.068750
0 0.842578 0.595833 0.066406 0.093750
0 0.430078 0.612500 0.061719 0.083333
0 0.689453 0.631250 0.064844 0.085417
0 0.619141 0.644271 0.058594 0.080208
0 0.370703 0.645833 0.057031 0.077083
0 0.485547 0.647396 0.060156 0.086458
0 0.801172 0.650521 0.061719 0.086458
0 0.115234 0.652604 0.066406 0.088542
0 0.225000 0.655729 0.065625 0.090625
0 0.723047 0.666667 0.060156 0.081250
0 0.271094 0.667188 0.060937 0.082292
0 0.423438 0.701042 0.062500 0.083333
0 0.589063 0.701042 0.064062 0.091667
0 0.338672 0.708854 0.057031 0.080208
0 0.517578 0.711979 0.063281 0.080208
0 0.293359 0.717708 0.058594 0.083333
0 0.714844 0.766146 0.065625 0.084375
0 0.903125 0.766146 0.062500 0.084375
0 0.587109 0.770833 0.061719 0.081250
0 0.495703 0.769271 0.063281 0.071875
0 0.816406 0.778646 0.057813 0.080208
0 0.421875 0.767188 0.062500 0.069792
0 0.252734 0.785417 0.058594 0.089583
0 0.757031 0.803125 0.054688 0.079167
0 0.347656 0.827604 0.070312 0.076042
0 0.585938 0.838021 0.068750 0.084375
0 0.646875 0.847917 0.064062 0.075000
0 0.250781 0.856771 0.062500 0.086458
0 0.298047 0.875521 0.063281 0.073958
0 0.746875 0.876563 0.065625 0.080208
0 0.078516 0.884375 0.066406 0.089583
0 0.612109 0.896875 0.061719 0.081250
0 0.826953 0.895833 0.060156 0.079167
0 0.713281 0.905729 0.059375 0.082292
0 0.555469 0.922917 0.065625 0.085417
0 0.238281 0.927604 0.067187 0.086458
0 0.387109 0.928125 0.053906 0.079167
0 0.348438 0.948438 0.067187 0.113542
0 0.662109 0.942708 0.063281 0.087500
0 0.196094 0.957292 0.096875 0.095833
0 0.036328 0.943750 0.072656 0.122917
0 0.109766 0.956771 0.058594 0.096875
2 0.580859 0.586979 0.063281 0.094792
