0 0.628516 0.917188 0.072656 0.084375
0 0.060156 0.343750 0.064062 0.095833
0 0.251563 0.598958 0.057813 0.093750
0 0.315234 0.870833 0.075781 0.093750
0 0.754687 0.633333 0.054688 0.077083
0 0.829688 0.281771 0.060937 0.098958
0 0.795703 0.222917 0.069531 0.075000
0 0.785156 0.291146 0.062500 0.103125
0 0.214062 0.673958 0.054688 0.114583
0 0.342187 0.805729 0.084375 0.076042
0 0.176563 0.040104 0.060937 0.080208
0 0.492969 0.042188 0.057813 0.084375
0 0.696094 0.041667 0.068750 0.083333
0 0.322266 0.043229 0.069531 0.076042
0 0.551172 0.049479 0.063281 0.094792
0 0.934766 0.060937 0.066406 0.086458
0 0.602344 0.082292 0.064062 0.091667
0 0.805078 0.086979 0.060156 0.094792
0 0.362500 0.100521 0.068750 0.082292
0 0.295312 0.103646 0.064062 0.078125
0 0.521484 0.108854 0.067969 0.084375
0 0.152734 0.115104 0.064844 0.086458
0 0.750781 0.115625 0.064062 0.093750
0 0.213672 0.124479 0.058594 0.080208
0 0.899609 0.136458 0.064844 0.087500
0 0.680078 0.138542 0.085156 0.083333
0 0.060547 0.142187 0.075781 0.084375
0 0.483984 0.164062 0.067969 0.088542
0 0.846094 0.171875 0.070312 0.081250
0 0.422266 0.175521 0.071094 0.084375
0 0.580469 0.186458 0.060937 0.087500
0 0.668359 0.196354 0.072656 0.086458
0 0.254297 0.198437 0.063281 0.084375
0 0.179297 0.200000 0.060156 0.083333
0 0.112891 0.220833 0.069531 0.087500
0 0.049609 0.222917 0.060156 0.087500
0 0.636328 0.228646 0.072656 0.080208
0 0.741406 0.215625 0.060937 0.112500
0 0.446875 0.251042 0.048438 0.077083
0 0.535156 0.251563 0.070312 0.090625
0 0.112891 0.287500 0.072656 0.079167
0 0.186719 0.297917 0.062500 0.087500
0 0.634375 0.300000 0.068750 0.087500
0 0.943359 0.320833 0.061719 0.079167
0 0.444922 0.322917 0.064844 0.079167
0 0.676562 0.350000 0.060937 0.079167
0 0.158203 0.357812 0.061719 0.082292
0 0.552344 0.363021 0.065625 0.098958
0 0.735547 0.366146 0.066406 0.090625
0 0.209766 0.390625 0.055469 0.079167
0 0.109766 0.385937 0.067969 0.090625
0 0.502734 0.401042 0.064844 0.089583
0 0.437891 0.403125 0.061719 0.087500
0 0.263672 0.401042 0.060156 0.085417
0 0.841406 0.415104 0.068750 0.094792
0 0.905469 0.418750 0.064062 0.083333
0 0.683594 0.427604 0.064062 0.084375
0 0.581641 0.433333 0.069531 0.087500
0 0.780859 0.465625 0.060156 0.077083
0 0.950781 0.474479 0.064062 0.086458
0 0.897266 0.485938 0.067969 0.084375
0 0.330859 0.494792 0.069531 0.093750
0 0.699219 0.485417 0.067187 0.108333
0 0.458203 0.504687 0.067969 0.090625
0 0.063281 0.509375 0.067187 0.083333
0 0.605078 0.509375 0.075781 0.091667
0 0.521094 0.515104 0.068750 0.092708
0 0.172266 0.517708 0.064844 0.079167
0 0.422656 0.565625 0.062500 0.083333
0 0.133594 0.571875 0.060937 0.083333
0 0.796094 0.584375 0.067187 0.093750
0 0.474219 0.589063 0.064062 0.086458
0 0.371094 0.601042 0.073438 0.079167
0 0.057813 0.615104 0.065625 0.086458
0 0.865625 0.617188 0.068750 0.084375
0 0.296094 0.607812 0.064062 0.080208
0 0.681250 0.621354 0.064062 0.084375
0 0.158594 0.645833 0.067187 0.093750
0 0.541016 0.651042 0.069531 0.077083
0 0.031250 0.650521 0.062500 0.090625
0 0.953906 0.663021 0.068750 0.098958
0 0.634375 0.664062 0.070312 0.094792
0 0.811719 0.674479 0.070312 0.080208
0 0.262891 0.683333 0.061719 0.095833
0 0.091406 0.689583 0.079687 0.083333
0 0.902344 0.697396 0.068750 0.086458
0 0.582422 0.704167 0.063281 0.083333
0 0.388281 0.707292 0.068750 0.110417
0 0.509375 0.725000 0.070312 0.087500
0 0.063672 0.745833 0.058594 0.087500
0 0.121484 0.746354 0.064844 0.086458
0 0.189844 0.755208 0.071875 0.085417
0 0.288672 0.760417 0.071094 0.083333
0 0.427344 0.764583 0.070312 0.085417
0 0.760547 0.801562 0.063281 0.086458
0 0.664453 0.809375 0.069531 0.068750
0 0.039062 0.815625 0.068750 0.091667
0 0.084766 0.851042 0.066406 0.095833
0 0.241797 0.856250 0.060156 0.087500
0 0.520703 0.875000 0.066406 0.089583
0 0.965625 0.876563 0.067187 0.092708
0 0.466016 0.893229 0.066406 0.082292
0 0.189062 0.895833 0.070312 0.091667
0 0.119141 0.906771 0.066406 0.088542
0 0.907031 0.902604 0.070312 0.076042
0 0.253125 0.942708 0.073438 0.102083
0 0.060547 0.951562 0.071094 0.092708
0 0.930078 0.968229 0.061719 0.073958
2 0.328906 0.691667 0.079687 0.100000
