0 0.291406 0.900521 0.048438 0.073958
0 0.344531 0.929688 0.056250 0.078125
0 0.285938 0.810417 0.054688 0.070833
0 0.248047 0.926562 0.049219 0.063542
0 0.030078 0.781771 0.058594 0.088542
0 0.048438 0.684896 0.054688 0.076042
0 0.301953 0.449479 0.049219 0.084375
0 0.299219 0.208854 0.056250 0.082292
0 0.508594 0.574479 0.051562 0.059375
0 0.783594 0.239583 0.059375 0.068750
0 0.796875 0.303646 0.051562 0.063542
0 0.679688 0.188542 0.051562 0.081250
0 0.726953 0.229687 0.057031 0.076042
0 0.644141 0.141667 0.052344 0.070833
0 0.590234 0.139063 0.057031 0.069792
0 0.570312 0.041667 0.053125 0.068750
0 0.642188 0.881771 0.056250 0.080208
0 0.708984 0.869271 0.047656 0.073958
0 0.728906 0.950000 0.051562 0.079167
0 0.975391 0.958333 0.047656 0.075000
0 0.963672 0.471875 0.052344 0.068750
0 0.746094 0.287500 0.045312 0.058333
0 0.104688 0.066146 0.051562 0.073958
0 0.156250 0.055208 0.051562 0.075000
0 0.052734 0.141146 0.052344 0.084375
0 0.048047 0.282813 0.055469 0.080208
0 0.230469 0.368750 0.076563 0.102083
0 0.573438 0.202604 0.057813 0.094792
0 0.606250 0.213021 0.054688 0.090625
0 0.632422 0.815104 0.053906 0.090625
0 0.617578 0.037500 0.058594 0.075000
0 0.687500 0.041146 0.056250 0.082292
0 0.734375 0.042708 0.062500 0.081250
0 0.794141 0.053646 0.064844 0.107292
0 0.917969 0.051042 0.059375 0.075000
0 0.221484 0.064583 0.060156 0.085417
0 0.307422 0.070312 0.057031 0.078125
0 0.760547 0.082812 0.060156 0.109375
0 0.847266 0.075521 0.058594 0.073958
0 0.410547 0.079687 0.055469 0.067708
0 0.477734 0.094792 0.069531 0.087500
0 0.898047 0.096875 0.066406 0.083333
0 0.368750 0.123438 0.062500 0.078125
0 0.713672 0.130729 0.063281 0.076042
0 0.275000 0.135417 0.060937 0.087500
0 0.117578 0.146354 0.055469 0.069792
0 0.430859 0.138542 0.060156 0.066667
0 0.862500 0.155208 0.057813 0.083333
0 0.928125 0.159896 0.053125 0.086458
0 0.196484 0.162500 0.063281 0.077083
0 0.250391 0.197396 0.060156 0.082292
0 0.412109 0.219792 0.099219 0.129167
0 0.130469 0.225000 0.054688 0.072917
0 0.462500 0.244271 0.092188 0.109375
0 0.644922 0.260417 0.060156 0.070833
0 0.838281 0.260937 0.059375 0.086458
0 0.239063 0.262500 0.057813 0.081250
0 0.345703 0.266667 0.060156 0.083333
0 0.729297 0.255729 0.074219 0.134375
0 0.525391 0.290625 0.063281 0.079167
0 0.698438 0.290625 0.060937 0.072917
0 0.213281 0.292708 0.070312 0.075000
0 0.468750 0.316146 0.073438 0.078125
0 0.365234 0.319271 0.064844 0.090625
0 0.116016 0.319271 0.061719 0.078125
0 0.608594 0.322917 0.062500 0.089583
0 0.061328 0.340104 0.071094 0.086458
0 0.702734 0.347396 0.055469 0.071875
0 0.891406 0.351042 0.046875 0.070833
0 0.928125 0.356771 0.051562 0.078125
0 0.424609 0.362500 0.058594 0.081250
0 0.512500 0.361458 0.059375 0.079167
0 0.830078 0.363542 0.061719 0.081250
0 0.320703 0.363542 0.061719 0.075000
0 0.640234 0.383333 0.086719 0.087500
0 0.779687 0.395313 0.065625 0.080208
0 0.698828 0.410417 0.060156 0.087500
0 0.125781 0.413542 0.050000 0.085417
0 0.190625 0.427083 0.048438 0.075000
0 0.520312 0.426042 0.060937 0.081250
0 0.271484 0.426042 0.058594 0.083333
0 0.157031 0.419792 0.053125 0.089583
0 0.587109 0.459375 0.063281 0.087500
0 0.910547 0.468750 0.061719 0.079167
0 0.407813 0.476042 0.060937 0.079167
0 0.156250 0.485938 0.059375 0.073958
0 0.559766 0.484896 0.077344 0.082292
0 0.651953 0.496875 0.060156 0.085417
0 0.345703 0.513542 0.060156 0.081250
0 0.705469 0.506250 0.071875 0.079167
0 0.626172 0.521354 0.053906 0.088542
0 0.073047 0.521875 0.060156 0.085417
0 0.570703 0.534375 0.061719 0.062500
0 0.284766 0.530729 0.064844 0.090625
0 0.836328 0.530208 0.060156 0.093750
0 0.129688 0.540104 0.059375 0.082292
0 0.861719 0.550521 0.054688 0.084375
0 0.430469 0.552604 0.057813 0.080208
0 0.711328 0.561979 0.053906 0.069792
0 0.741406 0.569271 0.051562 0.084375
0 0.692187 0.578646 0.057813 0.078125
0 0.319141 0.587500 0.060156 0.085417
0 0.958203 0.594271 0.067969 0.080208
0 0.082812 0.604688 0.062500 0.080208
0 0.133984 0.605208 0.063281 0.079167
0 0.785937 0.604688 0.065625 0.090625
0 0.226562 0.617188 0.064062 0.088542
0 0.674609 0.626563 0.067969 0.073958
0 0.276562 0.626042 0.060937 0.068750
0 0.812500 0.631250 0.065625 0.087500
0 0.508203 0.634375 0.061719 0.083333
0 0.402734 0.665104 0.064844 0.082292
0 0.455078 0.668750 0.064844 0.081250
0 0.126562 0.672396 0.065625 0.088542
0 0.262109 0.680729 0.061719 0.076042
0 0.648047 0.678646 0.058594 0.080208
0 0.961719 0.680208 0.064062 0.085417
0 0.605859 0.698438 0.058594 0.078125
0 0.842578 0.707292 0.080469 0.091667
0 0.212891 0.706771 0.066406 0.086458
0 0.472656 0.715625 0.059375 0.072917
0 0.302734 0.719792 0.067969 0.072917
0 0.101562 0.742708 0.071875 0.087500
0 0.155859 0.741146 0.063281 0.092708
0 0.760156 0.755208 0.057813 0.077083
0 0.713281 0.757292 0.059375 0.085417
0 0.919922 0.765625 0.067969 0.077083
0 0.505078 0.769271 0.060156 0.080208
0 0.239063 0.776563 0.060937 0.088542
0 0.458203 0.796354 0.063281 0.082292
0 0.535937 0.832812 0.064062 0.090625
0 0.185938 0.830729 0.065625 0.080208
0 0.750391 0.832812 0.055469 0.084375
0 0.069531 0.830208 0.062500 0.110417
0 0.903125 0.848437 0.087500 0.098958
0 0.796484 0.864583 0.066406 0.081250
0 0.849609 0.888542 0.064844 0.079167
0 0.586719 0.914062 0.064062 0.090625
0 0.823047 0.930729 0.052344 0.078125
0 0.424219 0.965104 0.062500 0.080208
