0 0.437891 0.543229 0.063281 0.084375
0 0.090234 0.684375 0.063281 0.077083
0 0.041016 0.692708 0.047656 0.068750
0 0.687891 0.707292 0.058594 0.068750
0 0.566797 0.034896 0.053906 0.065625
0 0.361328 0.067187 0.063281 0.082292
0 0.057031 0.056771 0.057813 0.069792
0 0.712109 0.772396 0.060156 0.069792
0 0.840625 0.563542 0.062500 0.070833
0 0.888672 0.595313 0.053906 0.071875
0 0.673047 0.772396 0.055469 0.086458
0 0.307812 0.049479 0.059375 0.098958
0 0.777344 0.060937 0.057813 0.084375
0 0.278125 0.052604 0.054688 0.080208
0 0.207031 0.064583 0.065625 0.087500
0 0.144531 0.074479 0.067187 0.086458
0 0.896875 0.080729 0.062500 0.086458
0 0.665234 0.083333 0.060156 0.075000
0 0.537109 0.092188 0.063281 0.082292
0 0.762109 0.125000 0.055469 0.081250
0 0.712500 0.137500 0.057813 0.079167
0 0.573047 0.139063 0.066406 0.082292
0 0.123828 0.160417 0.060156 0.070833
0 0.838281 0.153646 0.060937 0.086458
0 0.330469 0.156771 0.051562 0.080208
0 0.498437 0.155208 0.065625 0.081250
0 0.162109 0.166667 0.055469 0.081250
0 0.371484 0.169271 0.053906 0.080208
0 0.264062 0.171875 0.054688 0.070833
0 0.445312 0.173958 0.064062 0.087500
0 0.900000 0.188542 0.059375 0.081250
0 0.606250 0.185938 0.057813 0.065625
0 0.219922 0.196354 0.060156 0.069792
0 0.764453 0.205208 0.050781 0.062500
0 0.507422 0.217708 0.060156 0.077083
0 0.825391 0.216667 0.066406 0.077083
0 0.681641 0.219792 0.064844 0.083333
0 0.140234 0.227083 0.061719 0.081250
0 0.613281 0.239583 0.067187 0.075000
0 0.382031 0.235937 0.068750 0.086458
0 0.212891 0.252083 0.061719 0.075000
0 0.467969 0.248958 0.054688 0.077083
0 0.893359 0.255208 0.057031 0.085417
0 0.026953 0.257292 0.053906 0.081250
0 0.331641 0.258854 0.058594 0.076042
0 0.727734 0.260937 0.050781 0.080208
0 0.568359 0.265625 0.061719 0.085417
0 0.773047 0.267188 0.064844 0.092708
0 0.125781 0.289062 0.062500 0.080208
0 0.057422 0.305729 0.063281 0.080208
0 0.865234 0.307292 0.058594 0.081250
0 0.938281 0.309896 0.060937 0.076042
0 0.172266 0.310937 0.060156 0.086458
0 0.815234 0.319271 0.064844 0.082292
0 0.592187 0.326042 0.062500 0.077083
0 0.250391 0.329688 0.052344 0.073958
0 0.412500 0.328646 0.067187 0.086458
0 0.664844 0.331250 0.062500 0.081250
0 0.095703 0.348438 0.061719 0.088542
0 0.201172 0.357292 0.057031 0.087500
0 0.391406 0.367708 0.060937 0.081250
0 0.028125 0.369271 0.056250 0.088542
0 0.560156 0.381250 0.064062 0.087500
0 0.292969 0.381250 0.050000 0.068750
0 0.915625 0.390625 0.056250 0.077083
0 0.453906 0.390104 0.064062 0.080208
0 0.508203 0.397917 0.067969 0.087500
0 0.768359 0.411979 0.061719 0.080208
0 0.623828 0.411979 0.058594 0.076042
0 0.188672 0.423438 0.061719 0.078125
0 0.066406 0.427604 0.062500 0.084375
0 0.872266 0.434375 0.055469 0.085417
0 0.945703 0.442708 0.060156 0.081250
0 0.280859 0.443229 0.057031 0.078125
0 0.684766 0.447917 0.060156 0.083333
0 0.744141 0.450000 0.058594 0.083333
0 0.417969 0.455208 0.079687 0.097917
0 0.604688 0.456250 0.062500 0.072917
0 0.810547 0.455208 0.061719 0.083333
0 0.133594 0.460417 0.046875 0.081250
0 0.480469 0.467187 0.068750 0.086458
0 0.340625 0.472396 0.057813 0.084375
0 0.539844 0.477083 0.064062 0.075000
0 0.642969 0.493750 0.060937 0.077083
0 0.177734 0.490625 0.089844 0.133333
0 0.895703 0.497396 0.064844 0.071875
0 0.945312 0.510938 0.059375 0.086458
0 0.339453 0.540625 0.052344 0.083333
0 0.207813 0.568229 0.082812 0.103125
0 0.752734 0.560417 0.060156 0.081250
0 0.266406 0.578646 0.057813 0.080208
0 0.964844 0.579167 0.062500 0.085417
0 0.038281 0.587500 0.076563 0.087500
0 0.515234 0.592187 0.061719 0.084375
0 0.096094 0.611458 0.062500 0.087500
0 0.449219 0.622396 0.067187 0.082292
0 0.703516 0.625000 0.067969 0.077083
0 0.643750 0.632812 0.064062 0.082292
0 0.283984 0.641146 0.061719 0.084375
0 0.757031 0.648958 0.062500 0.077083
0 0.204297 0.653646 0.063281 0.088542
0 0.859375 0.666667 0.064062 0.064583
0 0.337109 0.669271 0.058594 0.086458
0 0.258203 0.675521 0.060156 0.082292
0 0.599609 0.675521 0.060156 0.084375
0 0.485938 0.676042 0.062500 0.077083
0 0.386328 0.681250 0.063281 0.075000
0 0.813672 0.696875 0.061719 0.081250
0 0.741406 0.711458 0.057813 0.081250
0 0.844141 0.722396 0.050781 0.088542
0 0.544922 0.716146 0.058594 0.073958
0 0.132812 0.724479 0.060937 0.086458
0 0.423828 0.730729 0.058594 0.078125
0 0.496094 0.738021 0.065625 0.080208
0 0.888281 0.749479 0.064062 0.082292
0 0.387109 0.770312 0.061719 0.082292
0 0.061719 0.786458 0.056250 0.075000
0 0.292969 0.788542 0.065625 0.085417
0 0.158984 0.792708 0.064844 0.079167
0 0.803906 0.793750 0.067187 0.087500
0 0.976953 0.795312 0.053906 0.082292
0 0.229297 0.801042 0.060156 0.083333
0 0.496094 0.807813 0.062500 0.092708
0 0.897266 0.813542 0.061719 0.077083
0 0.101562 0.834375 0.062500 0.081250
0 0.450000 0.838021 0.060937 0.086458
0 0.682813 0.835938 0.057813 0.080208
0 0.604688 0.845833 0.062500 0.085417
0 0.924609 0.845833 0.064844 0.066667
0 0.851953 0.847917 0.063281 0.083333
0 0.655078 0.852083 0.061719 0.083333
0 0.724219 0.854688 0.054688 0.069792
0 0.143750 0.864583 0.060937 0.085417
0 0.314844 0.878125 0.064062 0.091667
0 0.499219 0.887500 0.065625 0.085417
0 0.804688 0.892188 0.056250 0.080208
0 0.028125 0.899479 0.056250 0.078125
0 0.616406 0.911979 0.067187 0.082292
0 0.563672 0.917708 0.061719 0.083333
0 0.105078 0.926042 0.060156 0.089583
0 0.362891 0.932813 0.063281 0.084375
0 0.463281 0.942187 0.059375 0.082292
0 0.301172 0.951562 0.061719 0.080208
0 0.826172 0.959375 0.060156 0.085417
0 0.519531 0.963542 0.064062 0.083333
1 0.394141 0.604688 0.064844 0.073958
1 0.661719 0.558854 0.056250 0.073958
