0 0.673828 0.126562 0.064844 0.088542
0 0.516406 0.078646 0.060937 0.080208
0 0.567969 0.071354 0.059375 0.088542
0 0.597266 0.132292 0.050781 0.077083
0 0.182031 0.288021 0.054688 0.069792
0 0.089453 0.310937 0.053906 0.078125
0 0.847656 0.920312 0.059375 0.067708
0 0.671484 0.198958 0.050781 0.089583
0 0.733203 0.115625 0.057031 0.087500
0 0.911719 0.176042 0.057813 0.072917
0 0.918750 0.042188 0.056250 0.069792
0 0.974219 0.278125 0.051562 0.089583
0 0.164062 0.226562 0.060937 0.076042
0 0.104688 0.232813 0.068750 0.073958
0 0.055469 0.101562 0.054688 0.067708
0 0.541797 0.234896 0.050781 0.065625
0 0.964844 0.089583 0.057813 0.091667
0 0.307812 0.907292 0.059375 0.068750
0 0.708203 0.231250 0.050781 0.081250
0 0.517188 0.149479 0.053125 0.078125
0 0.812891 0.205729 0.058594 0.090625
0 0.894531 0.247917 0.053125 0.093750
0 0.245703 0.040104 0.061719 0.080208
0 0.371875 0.043229 0.067187 0.086458
0 0.194531 0.053646 0.070312 0.107292
0 0.423047 0.060417 0.063281 0.083333
0 0.778516 0.058854 0.066406 0.096875
0 0.101953 0.104688 0.066406 0.103125
0 0.458594 0.127604 0.051562 0.086458
0 0.191406 0.128125 0.065625 0.095833
0 0.284375 0.132812 0.060937 0.084375
0 0.135547 0.159896 0.060156 0.078125
0 0.334375 0.166667 0.065625 0.085417
0 0.260156 0.179688 0.064062 0.090625
0 0.060937 0.183333 0.057813 0.083333
0 0.403906 0.198958 0.064062 0.087500
0 0.624219 0.213542 0.053125 0.079167
0 0.841406 0.259896 0.064062 0.090625
0 0.373047 0.260937 0.063281 0.086458
0 0.648438 0.297917 0.062500 0.081250
0 0.548828 0.319271 0.082031 0.134375
0 0.384375 0.322396 0.056250 0.076042
0 0.296484 0.326042 0.060156 0.077083
0 0.229297 0.335417 0.063281 0.079167
0 0.595703 0.335417 0.047656 0.087500
0 0.480859 0.338021 0.053906 0.082292
0 0.430469 0.350000 0.070312 0.089583
0 0.819531 0.357292 0.060937 0.085417
0 0.871875 0.365104 0.060937 0.082292
0 0.045703 0.377083 0.064844 0.091667
0 0.724609 0.379167 0.063281 0.083333
0 0.166406 0.380208 0.064062 0.079167
0 0.675000 0.383854 0.059375 0.082292
0 0.915234 0.389062 0.057031 0.084375
0 0.247656 0.400000 0.067187 0.083333
0 0.467969 0.412500 0.057813 0.077083
0 0.530469 0.415104 0.092188 0.092708
0 0.122266 0.425521 0.061719 0.086458
0 0.963281 0.416146 0.081250 0.096875
0 0.834766 0.423958 0.058594 0.081250
0 0.619141 0.450000 0.091406 0.106250
0 0.362500 0.447396 0.059375 0.084375
0 0.083594 0.458333 0.087500 0.116667
0 0.920703 0.468229 0.060156 0.076042
0 0.439453 0.473438 0.061719 0.086458
0 0.551953 0.472917 0.067969 0.079167
0 0.151953 0.480729 0.058594 0.076042
0 0.957031 0.500521 0.062500 0.067708
0 0.640625 0.515625 0.062500 0.087500
0 0.539844 0.521354 0.067187 0.076042
0 0.058594 0.525000 0.065625 0.083333
0 0.360547 0.523438 0.063281 0.078125
0 0.184375 0.533854 0.062500 0.080208
0 0.958203 0.567708 0.091406 0.097917
0 0.843359 0.566667 0.058594 0.079167
0 0.500391 0.573438 0.066406 0.086458
0 0.591406 0.572917 0.068750 0.089583
0 0.663281 0.578125 0.057813 0.085417
0 0.042578 0.568750 0.085156 0.102083
0 0.753906 0.589063 0.059375 0.080208
0 0.098437 0.594792 0.065625 0.085417
0 0.383594 0.585417 0.067187 0.087500
0 0.231641 0.606250 0.063281 0.077083
0 0.901563 0.626563 0.064062 0.090625
0 0.344922 0.627604 0.061719 0.076042
0 0.788672 0.640104 0.067969 0.086458
0 0.734766 0.665104 0.066406 0.086458
0 0.105859 0.665625 0.069531 0.089583
0 0.246875 0.667188 0.065625 0.088542
0 0.522266 0.675000 0.067969 0.091667
0 0.614062 0.695833 0.065625 0.087500
0 0.919922 0.701562 0.066406 0.092708
0 0.476172 0.713542 0.060156 0.077083
0 0.765234 0.721875 0.086719 0.093750
0 0.826953 0.731250 0.060156 0.083333
0 0.273828 0.735938 0.066406 0.088542
0 0.726562 0.740104 0.059375 0.086458
0 0.559375 0.746354 0.065625 0.086458
0 0.332422 0.753646 0.064844 0.084375
0 0.392969 0.754687 0.087500 0.092708
0 0.635938 0.768229 0.068750 0.094792
0 0.925781 0.769792 0.059375 0.077083
0 0.155078 0.800000 0.066406 0.091667
0 0.505078 0.804688 0.064844 0.080208
0 0.103125 0.807292 0.062500 0.085417
0 0.262500 0.808854 0.065625 0.090625
0 0.867188 0.811458 0.065625 0.093750
0 0.579688 0.814063 0.065625 0.086458
0 0.683984 0.814583 0.058594 0.093750
0 0.398438 0.830208 0.071875 0.089583
0 0.310937 0.834896 0.064062 0.090625
0 0.917188 0.838021 0.071875 0.092708
0 0.446094 0.835417 0.064062 0.089583
0 0.629687 0.846875 0.064062 0.093750
0 0.775000 0.860938 0.065625 0.088542
0 0.550391 0.875000 0.061719 0.083333
0 0.246875 0.877083 0.060937 0.072917
0 0.446484 0.900000 0.069531 0.081250
0 0.815234 0.894271 0.063281 0.082292
0 0.144922 0.899479 0.060156 0.073958
0 0.487500 0.911458 0.062500 0.093750
0 0.901563 0.913021 0.053125 0.065625
0 0.189844 0.918750 0.067187 0.093750
0 0.241406 0.951562 0.073438 0.107292
0 0.038281 0.917188 0.076563 0.123958
0 0.596094 0.951562 0.062500 0.088542
0 0.359766 0.963021 0.085156 0.084375
0 0.648828 0.959896 0.067969 0.084375
0 0.538672 0.965104 0.086719 0.080208
3 0.764062 0.508854 0.062500 0.107292
