0 0.498437 0.069792 0.051562 0.095833
0 0.819922 0.258333 0.061719 0.089583
0 0.787109 0.296875 0.050781 0.085417
0 0.866797 0.278646 0.047656 0.107292
0 0.828516 0.321354 0.055469 0.080208
0 0.774609 0.633854 0.061719 0.076042
0 0.733984 0.694271 0.049219 0.080208
0 0.769531 0.730208 0.051562 0.081250
0 0.792188 0.697917 0.064062 0.097917
0 0.280469 0.663542 0.053125 0.085417
0 0.089453 0.654687 0.057031 0.096875
0 0.220703 0.798958 0.058594 0.089583
0 0.085156 0.102083 0.048438 0.089583
0 0.125000 0.102083 0.046875 0.091667
0 0.039453 0.101562 0.049219 0.090625
0 0.033984 0.039583 0.058594 0.077083
0 0.159375 0.039583 0.048438 0.072917
0 0.160547 0.121875 0.055469 0.079167
0 0.776172 0.047917 0.063281 0.077083
0 0.306641 0.051562 0.055469 0.082292
0 0.878906 0.052604 0.053125 0.082292
0 0.201172 0.074479 0.049219 0.078125
0 0.269141 0.111458 0.053906 0.085417
0 0.765234 0.116146 0.058594 0.092708
0 0.721094 0.123958 0.054688 0.087500
0 0.842969 0.143750 0.054688 0.089583
0 0.449609 0.169271 0.052344 0.092708
0 0.487500 0.167708 0.048438 0.091667
0 0.110937 0.184896 0.059375 0.086458
0 0.162891 0.190625 0.069531 0.085417
0 0.058203 0.200521 0.060156 0.078125
0 0.785547 0.202604 0.053906 0.076042
0 0.206250 0.192188 0.050000 0.105208
0 0.342578 0.221354 0.053906 0.086458
0 0.300000 0.247396 0.056250 0.096875
0 0.905078 0.270313 0.057031 0.078125
0 0.703906 0.271354 0.053125 0.082292
0 0.075000 0.278125 0.059375 0.081250
0 0.960156 0.280729 0.053125 0.092708
0 0.474219 0.290104 0.057813 0.082292
0 0.889844 0.288542 0.050000 0.077083
0 0.247266 0.291667 0.061719 0.079167
0 0.431641 0.304167 0.083594 0.081250
0 0.200000 0.316667 0.062500 0.085417
0 0.279297 0.331771 0.052344 0.086458
0 0.890625 0.342187 0.060937 0.073958
0 0.644141 0.364583 0.053906 0.079167
0 0.451172 0.369271 0.058594 0.086458
0 0.398828 0.373437 0.063281 0.088542
0 0.499609 0.386458 0.055469 0.085417
0 0.118359 0.393750 0.057031 0.075000
0 0.188672 0.389583 0.061719 0.091667
0 0.726953 0.396354 0.055469 0.073958
0 0.321484 0.412500 0.055469 0.085417
0 0.236719 0.416146 0.057813 0.082292
0 0.770703 0.451042 0.058594 0.081250
0 0.882812 0.464062 0.057813 0.096875
0 0.660937 0.477604 0.068750 0.082292
0 0.095312 0.488021 0.064062 0.078125
0 0.040625 0.493229 0.056250 0.084375
0 0.912500 0.497917 0.071875 0.077083
0 0.812891 0.508333 0.066406 0.089583
0 0.534766 0.509896 0.052344 0.082292
0 0.481250 0.525521 0.060937 0.073958
0 0.673047 0.543750 0.058594 0.083333
0 0.274609 0.542708 0.060156 0.077083
0 0.882031 0.544792 0.060937 0.083333
0 0.089063 0.550521 0.059375 0.080208
0 0.587891 0.542188 0.066406 0.063542
0 0.638281 0.554167 0.051562 0.085417
0 0.779297 0.547396 0.063281 0.101042
0 0.044922 0.561458 0.055469 0.087500
0 0.585938 0.591667 0.090625 0.066667
0 0.459375 0.583333 0.067187 0.077083
0 0.294922 0.585938 0.066406 0.084375
0 0.230469 0.597396 0.056250 0.076042
0 0.394531 0.619792 0.057813 0.081250
0 0.513672 0.623437 0.064844 0.080208
0 0.719531 0.628646 0.062500 0.080208
0 0.598828 0.645312 0.064844 0.076042
0 0.438672 0.642188 0.061719 0.086458
0 0.490234 0.676042 0.063281 0.079167
0 0.827734 0.678646 0.063281 0.092708
0 0.130469 0.682292 0.050000 0.083333
0 0.635938 0.700521 0.065625 0.082292
0 0.169922 0.701562 0.055469 0.086458
0 0.358984 0.706771 0.060156 0.078125
0 0.308203 0.710938 0.053906 0.080208
0 0.255859 0.755729 0.057031 0.082292
0 0.674609 0.768229 0.057031 0.076042
0 0.152734 0.801562 0.060156 0.076042
0 0.147266 0.868750 0.067969 0.072917
0 0.183203 0.893229 0.066406 0.086458
0 0.184766 0.965625 0.063281 0.079167
1 0.411719 0.456771 0.056250 0.088542
2 0.336719 0.633333 0.059375 0.091667
