0 0.104297 0.063021 0.061719 0.115625
0 0.346094 0.414583 0.068750 0.091667
0 0.266016 0.561458 0.080469 0.106250
0 0.346875 0.594271 0.070312 0.098958
0 0.226953 0.913021 0.072656 0.086458
0 0.071484 0.573958 0.072656 0.077083
0 0.849609 0.956771 0.074219 0.082292
0 0.460156 0.397917 0.082812 0.072917
0 0.430078 0.336458 0.074219 0.079167
0 0.426953 0.208333 0.088281 0.093750
0 0.594141 0.722917 0.053906 0.114583
0 0.493359 0.529687 0.088281 0.067708
0 0.410938 0.513021 0.081250 0.063542
0 0.442578 0.875000 0.099219 0.131250
0 0.442578 0.049479 0.058594 0.098958
0 0.563672 0.068750 0.066406 0.087500
0 0.935937 0.093750 0.071875 0.068750
0 0.394141 0.101562 0.063281 0.105208
0 0.526953 0.118750 0.080469 0.097917
0 0.050000 0.141146 0.057813 0.088542
0 0.885938 0.133333 0.059375 0.091667
0 0.953125 0.146875 0.092188 0.091667
0 0.346094 0.163021 0.067187 0.117708
0 0.345313 0.273958 0.070312 0.104167
0 0.268359 0.406250 0.072656 0.077083
0 0.167578 0.554167 0.063281 0.095833
0 0.171875 0.668750 0.062500 0.122917
0 0.107422 0.752604 0.078906 0.090625
0 0.348828 0.819271 0.100781 0.094792
0 0.657031 0.811979 0.070312 0.080208
0 0.636719 0.851562 0.060937 0.115625
0 0.708594 0.853646 0.075000 0.103125
0 0.374219 0.877083 0.067187 0.083333
0 0.762109 0.890625 0.067969 0.081250
0 0.521484 0.953646 0.072656 0.103125
0 0.442188 0.954167 0.076563 0.102083
0 0.760938 0.953125 0.084375 0.087500
0 0.571875 0.963542 0.053125 0.083333
