0 0.279297 0.583333 0.061719 0.062500
0 0.211719 0.878646 0.064062 0.080208
0 0.842578 0.595313 0.049219 0.076042
0 0.449219 0.679688 0.054688 0.071875
0 0.142187 0.242708 0.076563 0.075000
0 0.388672 0.043229 0.060156 0.086458
0 0.789844 0.044792 0.070312 0.089583
0 0.553125 0.037500 0.059375 0.075000
0 0.288672 0.043229 0.067969 0.086458
0 0.031641 0.039062 0.063281 0.078125
0 0.490234 0.045312 0.072656 0.090625
0 0.086328 0.046354 0.066406 0.092708
0 0.193750 0.047917 0.062500 0.081250
0 0.606641 0.053646 0.060156 0.088542
0 0.721875 0.057292 0.065625 0.085417
0 0.908203 0.064062 0.063281 0.088542
0 0.342969 0.072917 0.060937 0.079167
0 0.966016 0.068229 0.063281 0.105208
0 0.844141 0.085938 0.072656 0.096875
0 0.241797 0.090104 0.069531 0.080208
0 0.666016 0.101562 0.072656 0.080208
0 0.416016 0.102604 0.074219 0.078125
0 0.538281 0.105208 0.070312 0.087500
0 0.476562 0.121875 0.062500 0.075000
0 0.753125 0.125521 0.067187 0.084375
0 0.323828 0.135937 0.071094 0.082292
0 0.890625 0.144792 0.075000 0.091667
0 0.075781 0.154167 0.057813 0.083333
0 0.133984 0.157292 0.063281 0.083333
0 0.812109 0.154167 0.066406 0.085417
0 0.230859 0.169792 0.069531 0.081250
0 0.652734 0.174479 0.069531 0.078125
0 0.280078 0.186979 0.066406 0.080208
0 0.473438 0.195833 0.068750 0.072917
0 0.033984 0.202083 0.067969 0.083333
0 0.744141 0.204687 0.071094 0.084375
0 0.680078 0.242708 0.075781 0.100000
0 0.216406 0.251563 0.075000 0.090625
0 0.286328 0.254167 0.066406 0.077083
0 0.441016 0.254167 0.063281 0.083333
0 0.369141 0.261979 0.074219 0.073958
0 0.775781 0.269792 0.065625 0.077083
0 0.533984 0.270313 0.069531 0.084375
0 0.928906 0.271354 0.068750 0.092708
0 0.604297 0.279687 0.069531 0.086458
0 0.167187 0.305208 0.057813 0.085417
0 0.487109 0.308333 0.072656 0.077083
0 0.112109 0.318750 0.067969 0.097917
0 0.735547 0.321875 0.077344 0.087500
0 0.221094 0.332813 0.073438 0.078125
0 0.566797 0.339583 0.067969 0.083333
0 0.845703 0.361979 0.064844 0.084375
0 0.305078 0.365104 0.064844 0.078125
0 0.426563 0.370312 0.059375 0.086458
0 0.680859 0.387500 0.058594 0.093750
0 0.953906 0.378125 0.062500 0.091667
0 0.473828 0.384375 0.057031 0.108333
0 0.052734 0.389062 0.066406 0.090625
0 0.798828 0.395313 0.066406 0.082292
0 0.516797 0.377083 0.063281 0.100000
0 0.196094 0.396875 0.068750 0.083333
0 0.580469 0.410938 0.076563 0.078125
0 0.737500 0.413542 0.064062 0.089583
0 0.245703 0.427604 0.049219 0.086458
0 0.143750 0.436458 0.067187 0.085417
0 0.439453 0.444792 0.078906 0.070833
0 0.663672 0.451042 0.064844 0.081250
0 0.840625 0.453125 0.059375 0.089583
0 0.083203 0.456250 0.061719 0.083333
0 0.292969 0.460938 0.062500 0.078125
0 0.962500 0.461458 0.067187 0.077083
0 0.564844 0.472917 0.064062 0.079167
0 0.482031 0.490625 0.067187 0.083333
0 0.208594 0.507292 0.056250 0.100000
0 0.724609 0.502604 0.050781 0.069792
0 0.263281 0.509896 0.062500 0.088542
0 0.420703 0.510938 0.061719 0.076042
0 0.150781 0.517188 0.062500 0.084375
0 0.034375 0.519792 0.068750 0.093750
0 0.326172 0.519271 0.067969 0.080208
0 0.955469 0.525000 0.096875 0.093750
0 0.091797 0.538021 0.063281 0.076042
0 0.794141 0.546875 0.069531 0.087500
0 0.583203 0.548958 0.069531 0.081250
0 0.691016 0.573958 0.064844 0.095833
0 0.896094 0.585938 0.059375 0.094792
0 0.748047 0.583333 0.057031 0.102083
0 0.967187 0.588542 0.065625 0.091667
0 0.404687 0.592708 0.056250 0.077083
0 0.029297 0.598437 0.058594 0.071875
0 0.640234 0.603125 0.064844 0.077083
0 0.792578 0.629167 0.063281 0.083333
0 0.318359 0.633854 0.055469 0.071875
0 0.524609 0.642188 0.060156 0.082292
0 0.923438 0.643229 0.068750 0.092708
0 0.666406 0.673438 0.081250 0.101042
0 0.382812 0.687500 0.073438 0.077083
0 0.828906 0.689583 0.060937 0.085417
0 0.324219 0.705208 0.060937 0.072917
0 0.882812 0.714063 0.068750 0.092708
0 0.521875 0.729167 0.067187 0.079167
0 0.963281 0.731250 0.062500 0.085417
0 0.465625 0.746875 0.065625 0.083333
0 0.402734 0.766667 0.061719 0.085417
0 0.658594 0.762500 0.054688 0.068750
0 0.029687 0.773958 0.059375 0.079167
0 0.311719 0.777083 0.064062 0.081250
0 0.604688 0.780729 0.062500 0.080208
0 0.076172 0.792188 0.072656 0.096875
0 0.495312 0.789583 0.048438 0.064583
0 0.863672 0.790104 0.066406 0.082292
0 0.195312 0.807813 0.067187 0.086458
0 0.255859 0.805729 0.058594 0.090625
0 0.363672 0.809896 0.064844 0.082292
0 0.441016 0.814583 0.064844 0.085417
0 0.724609 0.822396 0.064844 0.088542
0 0.670312 0.831250 0.064062 0.081250
0 0.967578 0.836458 0.061719 0.079167
0 0.794141 0.835417 0.060156 0.085417
0 0.906641 0.834896 0.060156 0.084375
0 0.102734 0.838021 0.049219 0.065625
0 0.492578 0.856771 0.078906 0.088542
0 0.565234 0.857292 0.071094 0.087500
0 0.844141 0.858333 0.069531 0.085417
0 0.036719 0.861458 0.073438 0.102083
0 0.149609 0.865104 0.067969 0.092708
0 0.343750 0.897917 0.054688 0.100000
0 0.632422 0.894792 0.061719 0.089583
0 0.397266 0.900521 0.061719 0.092708
0 0.287891 0.896354 0.064844 0.080208
0 0.683594 0.911979 0.068750 0.094792
0 0.461719 0.911458 0.078125 0.089583
0 0.531641 0.921875 0.063281 0.081250
0 0.744141 0.926042 0.058594 0.091667
0 0.862500 0.929167 0.076563 0.091667
0 0.587109 0.937500 0.053906 0.072917
0 0.973437 0.938542 0.060937 0.072917
0 0.798047 0.934896 0.057031 0.094792
0 0.183594 0.945833 0.073438 0.097917
0 0.918750 0.949479 0.048438 0.088542
2 0.778906 0.466667 0.078125 0.087500
1 0.518359 0.429167 0.063281 0.091667
