0 0.309766 0.476562 0.055469 0.078125
0 0.315234 0.397917 0.049219 0.077083
0 0.354297 0.441667 0.053906 0.068750
0 0.262109 0.532292 0.052344 0.072917
0 0.303516 0.554167 0.057031 0.077083
0 0.281250 0.429167 0.048438 0.064583
0 0.198437 0.080208 0.053125 0.072917
0 0.162891 0.170313 0.057031 0.067708
0 0.164453 0.231771 0.060156 0.071875
0 0.110547 0.055208 0.064844 0.077083
0 0.129688 0.107292 0.054688 0.064583
0 0.307031 0.073438 0.050000 0.076042
0 0.361719 0.049479 0.060937 0.086458
0 0.421094 0.077604 0.073438 0.101042
0 0.477734 0.149479 0.057031 0.069792
0 0.442188 0.188021 0.050000 0.069792
0 0.802734 0.558854 0.063281 0.078125
0 0.847656 0.647396 0.056250 0.080208
0 0.779687 0.640625 0.051562 0.066667
0 0.828125 0.714063 0.065625 0.076042
0 0.800000 0.695312 0.054688 0.080208
0 0.729688 0.627083 0.060937 0.070833
0 0.699219 0.646354 0.053125 0.078125
0 0.336328 0.953646 0.069531 0.086458
0 0.058203 0.698438 0.060156 0.078125
0 0.330469 0.173437 0.071875 0.094792
0 0.360547 0.879167 0.063281 0.089583
0 0.538281 0.748958 0.057813 0.075000
0 0.517578 0.664583 0.064844 0.081250
0 0.681641 0.932813 0.064844 0.086458
0 0.683203 0.846354 0.063281 0.084375
0 0.034375 0.126042 0.056250 0.093750
0 0.177344 0.622396 0.064062 0.078125
0 0.208203 0.618229 0.060156 0.098958
0 0.185156 0.860417 0.062500 0.075000
0 0.133594 0.900000 0.059375 0.072917
0 0.642188 0.056250 0.062500 0.089583
0 0.575391 0.053125 0.094531 0.106250
0 0.830078 0.056771 0.075781 0.113542
0 0.750391 0.068229 0.061719 0.073958
0 0.899219 0.077604 0.070312 0.103125
0 0.676172 0.117188 0.064844 0.086458
0 0.738672 0.125000 0.066406 0.081250
0 0.582812 0.123438 0.082812 0.090625
0 0.369531 0.128646 0.064062 0.084375
0 0.807422 0.119792 0.083594 0.106250
0 0.879687 0.148958 0.059375 0.079167
0 0.707422 0.173958 0.085156 0.116667
0 0.817187 0.189583 0.071875 0.068750
0 0.919141 0.209375 0.067969 0.087500
0 0.571484 0.212500 0.085156 0.118750
0 0.488281 0.220833 0.054688 0.097917
0 0.391016 0.214583 0.086719 0.102083
0 0.733984 0.246354 0.078906 0.134375
0 0.966016 0.236458 0.075781 0.085417
0 0.861719 0.228125 0.070312 0.118750
0 0.593359 0.268750 0.069531 0.091667
0 0.388672 0.290625 0.072656 0.081250
0 0.157422 0.293750 0.071094 0.091667
0 0.279297 0.296875 0.066406 0.091667
0 0.847266 0.294271 0.080469 0.071875
0 0.587500 0.343750 0.070312 0.091667
0 0.708984 0.347396 0.066406 0.103125
0 0.129297 0.351042 0.064844 0.083333
0 0.364844 0.352604 0.070312 0.098958
0 0.033984 0.361979 0.067969 0.111458
0 0.265234 0.366146 0.063281 0.088542
0 0.852344 0.379167 0.073438 0.066667
0 0.666797 0.377604 0.096094 0.115625
0 0.171484 0.406250 0.066406 0.087500
0 0.491797 0.415625 0.067969 0.093750
0 0.571875 0.418750 0.064062 0.091667
0 0.636328 0.433333 0.071094 0.100000
0 0.843750 0.438542 0.068750 0.083333
0 0.521484 0.434375 0.061719 0.093750
0 0.073828 0.444792 0.085156 0.104167
0 0.228516 0.451042 0.061719 0.085417
0 0.710156 0.483333 0.054688 0.072917
0 0.397656 0.488542 0.057813 0.089583
0 0.825000 0.503646 0.067187 0.086458
0 0.505078 0.508854 0.072656 0.092708
0 0.645312 0.514583 0.068750 0.093750
0 0.109375 0.519271 0.067187 0.092708
0 0.201953 0.525000 0.063281 0.093750
0 0.160156 0.549479 0.064062 0.086458
0 0.071875 0.559896 0.064062 0.086458
0 0.364844 0.566146 0.065625 0.096875
0 0.453125 0.570833 0.053125 0.085417
0 0.538281 0.580729 0.076563 0.088542
0 0.398047 0.601562 0.082031 0.134375
0 0.907031 0.592708 0.082812 0.108333
0 0.255469 0.622396 0.051562 0.090625
0 0.963672 0.637500 0.080469 0.100000
0 0.463672 0.641667 0.058594 0.079167
0 0.142578 0.647917 0.067969 0.089583
0 0.085156 0.654167 0.071875 0.089583
0 0.344141 0.663021 0.067969 0.092708
0 0.417187 0.685937 0.065625 0.082292
0 0.236719 0.708854 0.101562 0.101042
0 0.578125 0.709375 0.060937 0.089583
0 0.430859 0.711458 0.049219 0.083333
0 0.878125 0.735938 0.067187 0.084375
0 0.628516 0.726042 0.080469 0.081250
0 0.695312 0.757292 0.062500 0.085417
0 0.802734 0.768229 0.069531 0.078125
0 0.609766 0.788021 0.092969 0.088542
0 0.490234 0.803125 0.094531 0.112500
0 0.162500 0.767188 0.060937 0.071875
0 0.212891 0.778125 0.064844 0.083333
0 0.961328 0.805729 0.080469 0.109375
0 0.388281 0.800000 0.092188 0.133333
0 0.880469 0.802083 0.068750 0.081250
0 0.646094 0.806771 0.067187 0.092708
0 0.774609 0.818750 0.057031 0.091667
0 0.732812 0.818229 0.051562 0.076042
0 0.102734 0.823438 0.074219 0.119792
0 0.823047 0.848437 0.066406 0.084375
0 0.223438 0.855729 0.050000 0.088542
0 0.544922 0.852604 0.082031 0.084375
0 0.034375 0.860938 0.068750 0.086458
0 0.265625 0.863542 0.059375 0.097917
0 0.550391 0.917708 0.078906 0.104167
0 0.954688 0.902604 0.075000 0.094792
0 0.896484 0.900000 0.064844 0.093750
0 0.617578 0.907813 0.071094 0.088542
0 0.248828 0.939583 0.063281 0.085417
0 0.138281 0.957292 0.101562 0.095833
0 0.064453 0.961979 0.069531 0.086458
2 0.413281 0.393229 0.065625 0.080208
