0 0.406250 0.770833 0.068750 0.087500
0 0.410156 0.671875 0.070312 0.089583
0 0.113281 0.601042 0.064062 0.068750
0 0.834375 0.399479 0.060937 0.101042
0 0.106641 0.043229 0.074219 0.086458
0 0.789844 0.048958 0.071875 0.097917
0 0.493750 0.054167 0.089063 0.108333
0 0.178125 0.055729 0.081250 0.111458
0 0.244922 0.072396 0.061719 0.078125
0 0.544531 0.077604 0.064062 0.078125
0 0.430078 0.097396 0.082031 0.078125
0 0.309766 0.117708 0.063281 0.085417
0 0.919922 0.127604 0.061719 0.076042
0 0.226562 0.134896 0.065625 0.088542
0 0.155469 0.135417 0.070312 0.083333
0 0.585156 0.150521 0.056250 0.109375
0 0.660156 0.156250 0.046875 0.075000
0 0.631641 0.171875 0.057031 0.097917
0 0.527734 0.172917 0.066406 0.087500
0 0.892578 0.218229 0.071094 0.092708
0 0.314453 0.226042 0.064844 0.083333
0 0.369141 0.236979 0.058594 0.103125
0 0.748828 0.243229 0.061719 0.101042
0 0.804688 0.235937 0.059375 0.088542
0 0.659375 0.253125 0.073438 0.085417
0 0.160547 0.256771 0.061719 0.096875
0 0.471875 0.259896 0.060937 0.096875
0 0.419922 0.266667 0.066406 0.085417
0 0.221875 0.278125 0.064062 0.089583
0 0.942187 0.283333 0.065625 0.091667
0 0.792188 0.301042 0.071875 0.075000
0 0.700000 0.303646 0.075000 0.090625
0 0.282031 0.342708 0.065625 0.091667
0 0.350781 0.342708 0.060937 0.085417
0 0.132422 0.348438 0.066406 0.092708
0 0.515625 0.354687 0.068750 0.101042
0 0.050000 0.356250 0.065625 0.085417
0 0.947656 0.375000 0.062500 0.093750
0 0.713672 0.379688 0.072656 0.084375
0 0.787500 0.384896 0.062500 0.092708
0 0.557031 0.386458 0.059375 0.077083
0 0.166406 0.429167 0.064062 0.091667
0 0.881641 0.431771 0.063281 0.088542
0 0.746484 0.438542 0.063281 0.081250
0 0.285547 0.450000 0.064844 0.102083
0 0.550391 0.450000 0.067969 0.083333
0 0.030859 0.468750 0.061719 0.081250
0 0.693359 0.476042 0.067969 0.091667
0 0.232422 0.483854 0.061719 0.080208
0 0.422656 0.498437 0.060937 0.084375
0 0.885156 0.509896 0.060937 0.078125
0 0.120313 0.515104 0.062500 0.103125
0 0.067969 0.527083 0.065625 0.097917
0 0.946484 0.532813 0.071094 0.086458
0 0.591016 0.538542 0.074219 0.091667
0 0.301563 0.543229 0.065625 0.088542
0 0.791406 0.544792 0.059375 0.079167
0 0.701562 0.556250 0.064062 0.079167
0 0.184375 0.577083 0.068750 0.087500
0 0.379297 0.581771 0.061719 0.073958
0 0.441406 0.590625 0.067187 0.085417
0 0.539062 0.592708 0.065625 0.087500
0 0.863281 0.598437 0.064062 0.082292
0 0.582422 0.618750 0.061719 0.089583
0 0.780859 0.629687 0.064844 0.078125
0 0.945312 0.645312 0.065625 0.084375
0 0.187891 0.647396 0.066406 0.088542
0 0.631641 0.649479 0.063281 0.084375
0 0.721875 0.652083 0.067187 0.081250
0 0.489063 0.660417 0.059375 0.070833
0 0.090625 0.666146 0.057813 0.082292
0 0.828906 0.667188 0.068750 0.088542
0 0.033594 0.672917 0.060937 0.077083
0 0.693359 0.701042 0.069531 0.068750
0 0.144141 0.713542 0.066406 0.075000
0 0.597656 0.722396 0.067187 0.090625
0 0.219141 0.728646 0.064844 0.084375
0 0.488672 0.728646 0.060156 0.082292
0 0.914453 0.733333 0.066406 0.087500
0 0.352344 0.733854 0.059375 0.073958
0 0.756250 0.741667 0.064062 0.081250
0 0.048047 0.743229 0.096094 0.086458
0 0.699219 0.770833 0.065625 0.083333
0 0.173437 0.787500 0.070312 0.085417
0 0.871094 0.794792 0.064062 0.091667
0 0.510547 0.798958 0.061719 0.072917
0 0.128516 0.834896 0.064844 0.111458
0 0.805859 0.820312 0.061719 0.076042
0 0.957422 0.825521 0.061719 0.080208
0 0.028906 0.843229 0.057813 0.082292
0 0.081250 0.854688 0.064062 0.086458
0 0.183203 0.864062 0.071094 0.080208
0 0.679297 0.872917 0.061719 0.081250
0 0.621484 0.880208 0.064844 0.104167
0 0.787891 0.898958 0.060156 0.097917
0 0.567969 0.904687 0.067187 0.092708
0 0.403906 0.925521 0.060937 0.109375
0 0.169141 0.923958 0.074219 0.097917
0 0.842578 0.929688 0.064844 0.090625
0 0.037109 0.927083 0.069531 0.091667
0 0.355078 0.936458 0.061719 0.100000
0 0.751953 0.937500 0.063281 0.100000
0 0.621094 0.947917 0.067187 0.072917
2 0.517969 0.876563 0.068750 0.105208
2 0.574219 0.815625 0.073438 0.100000
2 0.434766 0.180208 0.080469 0.100000
2 0.723047 0.125000 0.082031 0.106250
3 0.972266 0.743750 0.055469 0.104167
