0 0.366406 0.410938 0.056250 0.080208
0 0.671484 0.581771 0.058594 0.080208
0 0.851172 0.215625 0.063281 0.100000
0 0.878906 0.160417 0.065625 0.070833
0 0.898047 0.239063 0.057031 0.088542
0 0.853906 0.697917 0.070312 0.085417
0 0.798438 0.715104 0.062500 0.069792
0 0.802734 0.653125 0.085156 0.070833
0 0.051953 0.330208 0.063281 0.070833
0 0.087891 0.371875 0.064844 0.079167
0 0.578516 0.551042 0.066406 0.100000
0 0.790625 0.061979 0.059375 0.096875
0 0.292187 0.068229 0.064062 0.080208
0 0.848437 0.075000 0.062500 0.106250
0 0.908203 0.099479 0.064844 0.088542
0 0.400391 0.116667 0.053906 0.100000
0 0.342578 0.098437 0.072656 0.084375
0 0.423047 0.159896 0.067969 0.092708
0 0.240625 0.164583 0.068750 0.089583
0 0.929688 0.185938 0.056250 0.094792
0 0.348828 0.213021 0.069531 0.092708
0 0.197656 0.209896 0.059375 0.078125
0 0.411328 0.240625 0.074219 0.077083
0 0.248438 0.252604 0.070312 0.111458
0 0.155469 0.261979 0.059375 0.092708
0 0.197656 0.285938 0.073438 0.084375
0 0.951953 0.290104 0.071094 0.096875
0 0.444531 0.301042 0.064062 0.083333
0 0.108984 0.296354 0.058594 0.067708
0 0.880859 0.316667 0.058594 0.068750
0 0.832422 0.313542 0.061719 0.093750
0 0.938281 0.345313 0.071875 0.090625
0 0.207031 0.348958 0.046875 0.089583
0 0.190625 0.367708 0.060937 0.102083
0 0.461328 0.381250 0.072656 0.093750
0 0.818750 0.400000 0.070312 0.083333
0 0.869531 0.396875 0.054688 0.083333
0 0.923047 0.412500 0.066406 0.085417
0 0.247656 0.423438 0.073438 0.088542
0 0.136719 0.435417 0.071875 0.077083
0 0.196094 0.438021 0.057813 0.071875
0 0.825781 0.453646 0.065625 0.078125
0 0.496875 0.450000 0.070312 0.093750
0 0.284375 0.469271 0.056250 0.080208
0 0.914453 0.480729 0.053906 0.078125
0 0.543750 0.501563 0.064062 0.096875
0 0.439063 0.500521 0.062500 0.092708
0 0.382812 0.493750 0.062500 0.081250
0 0.782422 0.498958 0.061719 0.083333
0 0.857422 0.506250 0.100781 0.133333
0 0.639453 0.534896 0.069531 0.084375
0 0.722266 0.531250 0.066406 0.087500
0 0.497656 0.534375 0.064062 0.085417
0 0.931250 0.544792 0.062500 0.089583
0 0.775391 0.568229 0.063281 0.086458
0 0.460938 0.587500 0.065625 0.079167
0 0.912109 0.597917 0.078906 0.100000
0 0.500781 0.634375 0.060937 0.085417
0 0.580859 0.682292 0.069531 0.079167
0 0.542969 0.696875 0.071875 0.100000
0 0.478906 0.723437 0.070312 0.105208
0 0.918359 0.732812 0.078906 0.069792
0 0.585156 0.799479 0.057813 0.113542
0 0.441797 0.820312 0.049219 0.090625
0 0.496094 0.822396 0.092188 0.103125
0 0.558203 0.855208 0.066406 0.106250
0 0.478906 0.884375 0.060937 0.062500
0 0.871875 0.923958 0.060937 0.081250
0 0.580078 0.927083 0.067969 0.079167
0 0.508203 0.929688 0.060156 0.088542
0 0.389453 0.944792 0.066406 0.079167
0 0.919531 0.938542 0.062500 0.068750
0 0.448828 0.951042 0.063281 0.104167
4 0.520312 0.767188 0.071875 0.119792
2 0.252344 0.345313 0.081250 0.101042
1 0.873047 0.530729 0.064844 0.071875
