0 0.860156 0.077083 0.081250 0.081250
0 0.597266 0.127083 0.072656 0.091667
0 0.596484 0.203646 0.085156 0.069792
0 0.795703 0.310937 0.063281 0.078125
0 0.790234 0.386979 0.077344 0.080208
0 0.740625 0.303646 0.054688 0.082292
0 0.678906 0.201563 0.071875 0.069792
0 0.726172 0.608854 0.086719 0.084375
0 0.121094 0.401042 0.056250 0.108333
0 0.100781 0.267188 0.057813 0.071875
0 0.079687 0.442708 0.059375 0.077083
0 0.330078 0.810417 0.058594 0.064583
0 0.351172 0.673958 0.049219 0.093750
0 0.301953 0.669792 0.052344 0.081250
0 0.389844 0.790104 0.076563 0.067708
0 0.383984 0.733333 0.064844 0.060417
0 0.411328 0.668750 0.058594 0.070833
0 0.142969 0.892708 0.070312 0.064583
0 0.610547 0.515625 0.053906 0.087500
0 0.111328 0.070312 0.063281 0.103125
0 0.050391 0.084896 0.066406 0.088542
0 0.777344 0.092708 0.075000 0.085417
0 0.912891 0.155729 0.071094 0.090625
0 0.035156 0.157292 0.070312 0.083333
0 0.098828 0.164062 0.069531 0.090625
0 0.820312 0.200521 0.059375 0.107292
0 0.859766 0.211979 0.057031 0.105208
0 0.044141 0.210417 0.066406 0.081250
0 0.512500 0.307292 0.068750 0.091667
0 0.551953 0.343750 0.078906 0.087500
0 0.613672 0.359375 0.071094 0.093750
0 0.705469 0.364583 0.060937 0.100000
0 0.449219 0.381771 0.064062 0.092708
0 0.643359 0.401042 0.060156 0.083333
0 0.639844 0.452083 0.059375 0.066667
0 0.698438 0.418750 0.073438 0.070833
0 0.414062 0.435417 0.059375 0.095833
0 0.466016 0.461979 0.057031 0.092708
0 0.806641 0.467187 0.063281 0.101042
0 0.701562 0.476562 0.090625 0.076042
0 0.778125 0.517188 0.076563 0.094792
0 0.699219 0.533854 0.073438 0.069792
0 0.349609 0.546875 0.064844 0.104167
0 0.813281 0.598958 0.060937 0.087500
0 0.575781 0.611458 0.076563 0.093750
0 0.034375 0.647917 0.068750 0.075000
0 0.812500 0.674479 0.070312 0.094792
0 0.778906 0.716667 0.062500 0.085417
0 0.459375 0.728646 0.078125 0.076042
0 0.266797 0.742188 0.053906 0.101042
0 0.073438 0.830729 0.059375 0.098958
0 0.131250 0.829167 0.070312 0.085417
0 0.244141 0.835417 0.060156 0.104167
0 0.027734 0.838542 0.055469 0.095833
0 0.388672 0.853646 0.071094 0.088542
0 0.326953 0.891146 0.071094 0.084375
0 0.194141 0.892188 0.058594 0.092708
0 0.254297 0.914583 0.075781 0.085417
0 0.837109 0.931250 0.053906 0.091667
0 0.306250 0.957812 0.100000 0.094792
0 0.105078 0.964583 0.060156 0.081250
0 0.047266 0.962500 0.094531 0.085417
2 0.476172 0.653125 0.085156 0.112500
