0 0.667578 0.378125 0.063281 0.089583
0 0.908203 0.321875 0.069531 0.093750
0 0.337500 0.863021 0.070312 0.080208
0 0.079297 0.263021 0.077344 0.094792
0 0.225000 0.102604 0.057813 0.105208
0 0.527344 0.261979 0.068750 0.084375
0 0.611328 0.792708 0.067969 0.079167
0 0.112109 0.044271 0.069531 0.088542
0 0.724609 0.047396 0.069531 0.090625
0 0.270313 0.059375 0.059375 0.079167
0 0.910547 0.060937 0.063281 0.094792
0 0.028906 0.074479 0.057813 0.086458
0 0.619531 0.076563 0.064062 0.088542
0 0.422266 0.080208 0.066406 0.102083
0 0.178125 0.083333 0.054688 0.083333
0 0.318750 0.108854 0.060937 0.113542
0 0.116406 0.102083 0.067187 0.079167
0 0.369531 0.115104 0.053125 0.082292
0 0.687109 0.117188 0.064844 0.084375
0 0.043750 0.127604 0.078125 0.084375
0 0.267188 0.139583 0.057813 0.085417
0 0.773828 0.145313 0.063281 0.088542
0 0.898438 0.146875 0.067187 0.079167
0 0.637109 0.150521 0.053906 0.078125
0 0.458203 0.151562 0.064844 0.088542
0 0.110547 0.175000 0.053906 0.072917
0 0.401562 0.184375 0.062500 0.087500
0 0.504297 0.195312 0.061719 0.078125
0 0.835156 0.190625 0.060937 0.083333
0 0.060156 0.195833 0.057813 0.077083
0 0.726562 0.197917 0.064062 0.087500
0 0.598437 0.207813 0.067187 0.080208
0 0.928516 0.209896 0.067969 0.096875
0 0.863672 0.229687 0.067969 0.096875
0 0.191016 0.244792 0.061719 0.083333
0 0.271094 0.269792 0.065625 0.081250
0 0.739062 0.275000 0.062500 0.081250
0 0.807422 0.279687 0.058594 0.073958
0 0.373437 0.281250 0.064062 0.089583
0 0.617969 0.279687 0.070312 0.086458
0 0.159766 0.297917 0.077344 0.081250
0 0.102344 0.339062 0.057813 0.082292
0 0.433984 0.336979 0.061719 0.080208
0 0.571875 0.335938 0.064062 0.094792
0 0.271875 0.344271 0.076563 0.073958
0 0.371094 0.367188 0.065625 0.086458
0 0.157422 0.375000 0.072656 0.087500
0 0.526953 0.382812 0.060156 0.092708
0 0.751563 0.386458 0.060937 0.081250
0 0.222266 0.393229 0.067969 0.090625
0 0.052734 0.403646 0.069531 0.080208
0 0.473828 0.403125 0.061719 0.083333
0 0.294922 0.404167 0.066406 0.079167
0 0.826953 0.414583 0.064844 0.083333
0 0.914844 0.415104 0.062500 0.082292
0 0.599219 0.434375 0.054688 0.087500
0 0.540625 0.447396 0.064062 0.090625
0 0.430469 0.445833 0.062500 0.091667
0 0.767578 0.459896 0.063281 0.080208
0 0.371484 0.465104 0.067969 0.082292
0 0.037891 0.475000 0.063281 0.075000
0 0.486328 0.477604 0.058594 0.080208
0 0.876172 0.477083 0.069531 0.093750
0 0.129297 0.500521 0.060156 0.092708
0 0.603516 0.504687 0.063281 0.090625
0 0.659766 0.511979 0.061719 0.082292
0 0.956641 0.513542 0.060156 0.081250
0 0.185547 0.520312 0.060156 0.080208
0 0.066016 0.523438 0.074219 0.101042
0 0.746094 0.531771 0.064062 0.082292
0 0.359766 0.539583 0.072656 0.075000
0 0.831641 0.550000 0.066406 0.097917
0 0.237109 0.569271 0.061719 0.078125
0 0.413281 0.580208 0.068750 0.095833
0 0.323828 0.582812 0.061719 0.078125
0 0.712109 0.591667 0.058594 0.079167
0 0.974609 0.600521 0.058594 0.092708
0 0.548047 0.604167 0.063281 0.083333
0 0.071484 0.645833 0.058594 0.062500
0 0.374219 0.628646 0.062500 0.078125
0 0.883984 0.631250 0.060156 0.079167
0 0.282422 0.635938 0.064844 0.086458
0 0.667969 0.639583 0.060937 0.081250
0 0.123438 0.638021 0.062500 0.088542
0 0.592969 0.651563 0.068750 0.082292
0 0.937891 0.668229 0.063281 0.084375
0 0.830859 0.688021 0.063281 0.080208
0 0.185156 0.690104 0.076563 0.098958
0 0.402734 0.698958 0.066406 0.085417
0 0.241797 0.703125 0.057031 0.093750
0 0.658594 0.713021 0.059375 0.080208
0 0.072266 0.717187 0.058594 0.082292
0 0.599219 0.722396 0.067187 0.082292
0 0.128516 0.728646 0.060156 0.086458
0 0.876563 0.729167 0.065625 0.089583
0 0.337891 0.738542 0.064844 0.081250
0 0.732812 0.740625 0.060937 0.083333
0 0.934766 0.742188 0.053906 0.071875
0 0.446484 0.753125 0.067969 0.087500
0 0.784766 0.761979 0.064844 0.092708
0 0.191016 0.772917 0.066406 0.087500
0 0.505469 0.786979 0.062500 0.082292
0 0.142187 0.802083 0.054688 0.075000
0 0.972656 0.805729 0.062500 0.084375
0 0.673047 0.812500 0.064844 0.085417
0 0.046875 0.821875 0.071875 0.085417
0 0.412500 0.821354 0.060937 0.071875
0 0.801953 0.832292 0.071094 0.081250
0 0.262891 0.849479 0.072656 0.080208
0 0.547656 0.867708 0.065625 0.089583
0 0.729688 0.867708 0.059375 0.083333
0 0.164062 0.872396 0.059375 0.078125
0 0.481641 0.873958 0.057031 0.087500
0 0.421484 0.888021 0.066406 0.071875
0 0.645312 0.894271 0.057813 0.076042
0 0.110547 0.888542 0.060156 0.093750
0 0.055078 0.899479 0.058594 0.078125
0 0.782813 0.902604 0.062500 0.071875
0 0.842187 0.903646 0.056250 0.076042
0 0.281250 0.912500 0.059375 0.075000
0 0.353906 0.927083 0.064062 0.077083
0 0.527344 0.940104 0.064062 0.069792
0 0.685937 0.945833 0.057813 0.075000
0 0.422656 0.960417 0.067187 0.083333
0 0.949609 0.957812 0.072656 0.082292
0 0.798047 0.967187 0.064844 0.076042
0 0.070312 0.968750 0.062500 0.072917
1 0.497266 0.659375 0.064844 0.083333
