0 0.580469 0.938542 0.059375 0.085417
0 0.278516 0.580729 0.055469 0.092708
0 0.545312 0.243750 0.071875 0.095833
0 0.945703 0.553125 0.052344 0.089583
0 0.065625 0.044792 0.062500 0.089583
0 0.728516 0.102083 0.063281 0.087500
0 0.754297 0.170833 0.066406 0.066667
0 0.890234 0.193229 0.061719 0.088542
0 0.827344 0.209896 0.067187 0.086458
0 0.427344 0.236979 0.065625 0.098958
0 0.869922 0.259375 0.066406 0.093750
0 0.387500 0.268229 0.064062 0.084375
0 0.686328 0.252083 0.063281 0.116667
0 0.467578 0.269271 0.066406 0.098958
0 0.644922 0.259896 0.055469 0.111458
0 0.819141 0.311979 0.069531 0.090625
0 0.972656 0.310417 0.062500 0.083333
0 0.917188 0.325521 0.060937 0.082292
0 0.419922 0.328125 0.060156 0.100000
0 0.362109 0.318750 0.072656 0.093750
0 0.471094 0.349479 0.065625 0.090625
0 0.316406 0.359375 0.075000 0.097917
0 0.709766 0.343229 0.049219 0.101042
0 0.875000 0.348438 0.057813 0.098958
0 0.662500 0.348958 0.053125 0.100000
0 0.240234 0.360417 0.077344 0.079167
0 0.787109 0.375521 0.060156 0.084375
0 0.382031 0.386458 0.071875 0.085417
0 0.964453 0.390104 0.069531 0.084375
0 0.909375 0.434375 0.059375 0.081250
0 0.856250 0.442188 0.067187 0.090625
0 0.049609 0.434896 0.052344 0.119792
0 0.098828 0.429167 0.075781 0.133333
0 0.586328 0.472917 0.058594 0.081250
0 0.140625 0.491667 0.056250 0.079167
0 0.902734 0.503646 0.058594 0.082292
0 0.097266 0.517188 0.067969 0.094792
0 0.559375 0.542708 0.060937 0.083333
0 0.528516 0.601562 0.063281 0.086458
0 0.135156 0.619271 0.064062 0.096875
0 0.242578 0.647917 0.080469 0.079167
0 0.189453 0.643750 0.053906 0.104167
0 0.540234 0.682292 0.061719 0.089583
0 0.301953 0.693229 0.067969 0.094792
0 0.496094 0.698958 0.060937 0.083333
0 0.265234 0.721354 0.057031 0.071875
0 0.337109 0.746354 0.063281 0.086458
0 0.535937 0.771875 0.057813 0.095833
0 0.233203 0.776042 0.050781 0.072917
0 0.303516 0.786979 0.055469 0.088542
0 0.351953 0.808333 0.060156 0.087500
0 0.223438 0.832812 0.076563 0.073958
0 0.283594 0.852083 0.051562 0.110417
0 0.325000 0.865104 0.048438 0.101042
0 0.231250 0.888542 0.078125 0.075000
0 0.364453 0.886458 0.061719 0.100000
0 0.973047 0.920833 0.061719 0.085417
0 0.797266 0.919792 0.067969 0.077083
0 0.520703 0.932292 0.064844 0.091667
0 0.398047 0.942708 0.075781 0.095833
1 0.462500 0.916146 0.076563 0.086458
