0 0.486719 0.690625 0.062500 0.089583
0 0.437500 0.663542 0.056250 0.106250
0 0.403516 0.604167 0.071094 0.087500
0 0.466016 0.585417 0.041406 0.108333
0 0.521875 0.639583 0.071875 0.091667
0 0.499219 0.560417 0.045312 0.091667
0 0.544922 0.578125 0.060156 0.085417
0 0.626172 0.613542 0.058594 0.118750
0 0.674609 0.508854 0.069531 0.069792
0 0.734766 0.538542 0.064844 0.077083
0 0.729688 0.615625 0.071875 0.072917
0 0.661719 0.596875 0.057813 0.122917
0 0.170703 0.429688 0.063281 0.103125
0 0.124219 0.367188 0.054688 0.105208
0 0.187500 0.268229 0.056250 0.086458
0 0.173437 0.347396 0.053125 0.082292
0 0.213672 0.325521 0.053906 0.061458
0 0.274219 0.323958 0.065625 0.066667
0 0.232813 0.251563 0.060937 0.088542
0 0.290234 0.252604 0.061719 0.086458
0 0.225391 0.168750 0.064844 0.079167
0 0.333984 0.153125 0.080469 0.077083
0 0.413281 0.190625 0.076563 0.087500
0 0.300781 0.188542 0.082812 0.085417
0 0.330859 0.300521 0.053906 0.113542
0 0.435156 0.267188 0.048438 0.094792
0 0.541797 0.456771 0.060156 0.086458
0 0.376172 0.294271 0.058594 0.101042
0 0.770312 0.273438 0.056250 0.071875
0 0.827344 0.301563 0.054688 0.096875
0 0.966016 0.359375 0.057031 0.087500
0 0.932031 0.282292 0.056250 0.089583
0 0.760547 0.365625 0.052344 0.108333
0 0.428516 0.498437 0.075781 0.059375
0 0.830469 0.206771 0.064062 0.088542
0 0.488672 0.253125 0.050781 0.110417
0 0.536328 0.257292 0.066406 0.095833
0 0.862109 0.291667 0.047656 0.114583
0 0.553125 0.322396 0.084375 0.086458
0 0.290234 0.384896 0.071094 0.069792
0 0.576953 0.376042 0.082031 0.087500
0 0.221484 0.383333 0.069531 0.081250
0 0.899609 0.382292 0.064844 0.081250
0 0.355859 0.389062 0.067969 0.090625
0 0.840625 0.392188 0.062500 0.090625
0 0.735938 0.397396 0.068750 0.096875
0 0.949609 0.440104 0.069531 0.094792
0 0.485938 0.453125 0.067187 0.114583
0 0.798047 0.457292 0.066406 0.089583
0 0.884375 0.456771 0.085938 0.082292
0 0.216406 0.459896 0.068750 0.086458
0 0.350000 0.466667 0.068750 0.100000
0 0.726172 0.478125 0.052344 0.085417
0 0.285547 0.489063 0.069531 0.101042
0 0.923828 0.494271 0.072656 0.088542
0 0.780078 0.514062 0.060156 0.088542
0 0.881641 0.528125 0.088281 0.083333
0 0.250000 0.529687 0.056250 0.094792
0 0.583984 0.530729 0.066406 0.090625
0 0.206641 0.528125 0.053906 0.083333
0 0.367578 0.549479 0.075781 0.107292
0 0.302344 0.552083 0.062500 0.087500
0 0.581250 0.628125 0.062500 0.102083
2 0.432031 0.368229 0.087500 0.113542
