0 0.347266 0.049479 0.078906 0.080208
0 0.164453 0.457292 0.069531 0.093750
0 0.333984 0.469271 0.067969 0.078125
0 0.230078 0.696875 0.063281 0.083333
0 0.041406 0.798438 0.059375 0.080208
0 0.100781 0.655208 0.062500 0.077083
0 0.846094 0.038021 0.068750 0.076042
0 0.247656 0.041667 0.062500 0.083333
0 0.177344 0.050521 0.096875 0.101042
0 0.787109 0.052083 0.061719 0.081250
0 0.515234 0.055208 0.067969 0.100000
0 0.672656 0.069271 0.062500 0.082292
0 0.449609 0.069792 0.063281 0.087500
0 0.917969 0.076563 0.067187 0.084375
0 0.619141 0.092708 0.074219 0.089583
0 0.037500 0.100521 0.062500 0.086458
0 0.205469 0.102083 0.064062 0.085417
0 0.316016 0.119792 0.074219 0.089583
0 0.866016 0.119792 0.064844 0.087500
0 0.560937 0.123438 0.057813 0.076042
0 0.399609 0.137500 0.061719 0.081250
0 0.721094 0.153646 0.070312 0.088542
0 0.582812 0.188021 0.067187 0.078125
0 0.172266 0.196354 0.071094 0.086458
0 0.810156 0.198958 0.067187 0.079167
0 0.102734 0.206771 0.066406 0.086458
0 0.306641 0.206250 0.064844 0.085417
0 0.244531 0.209896 0.060937 0.084375
0 0.665625 0.216667 0.067187 0.085417
0 0.490234 0.221354 0.071094 0.094792
0 0.725391 0.228125 0.055469 0.066667
0 0.875781 0.225000 0.067187 0.089583
0 0.942578 0.236458 0.058594 0.070833
0 0.553125 0.248438 0.067187 0.092708
0 0.027734 0.257292 0.055469 0.075000
0 0.768359 0.269792 0.067969 0.087500
0 0.154688 0.280729 0.068750 0.088542
0 0.619922 0.289062 0.069531 0.090625
0 0.303516 0.290625 0.063281 0.079167
0 0.376563 0.291146 0.060937 0.078125
0 0.092969 0.299479 0.062500 0.090625
0 0.904297 0.297396 0.067969 0.086458
0 0.483594 0.305729 0.059375 0.078125
0 0.704297 0.318750 0.061719 0.081250
0 0.967969 0.322396 0.064062 0.090625
0 0.426953 0.322917 0.060156 0.091667
0 0.564453 0.341667 0.064844 0.091667
0 0.782031 0.350000 0.070312 0.081250
0 0.347656 0.352083 0.062500 0.077083
0 0.193359 0.354167 0.061719 0.087500
0 0.903516 0.375521 0.066406 0.071875
0 0.841797 0.384375 0.063281 0.085417
0 0.723828 0.389062 0.066406 0.086458
0 0.114844 0.399479 0.064062 0.082292
0 0.446484 0.403646 0.072656 0.084375
0 0.308594 0.408333 0.067187 0.087500
0 0.041797 0.410938 0.058594 0.076042
0 0.663281 0.409375 0.060937 0.077083
0 0.562500 0.413542 0.065625 0.085417
0 0.213281 0.425521 0.053125 0.069792
0 0.951562 0.427083 0.057813 0.097917
0 0.262109 0.459896 0.060156 0.080208
0 0.473047 0.459896 0.074219 0.080208
0 0.687109 0.485938 0.061719 0.090625
0 0.906250 0.483333 0.062500 0.085417
0 0.392578 0.490104 0.064844 0.084375
0 0.626953 0.501563 0.066406 0.088542
0 0.850000 0.510417 0.062500 0.083333
0 0.203516 0.511458 0.066406 0.093750
0 0.042188 0.518229 0.056250 0.088542
0 0.449219 0.520833 0.064062 0.079167
0 0.324219 0.549479 0.060937 0.076042
0 0.258594 0.552604 0.059375 0.088542
0 0.569141 0.554688 0.071094 0.094792
0 0.928516 0.566146 0.067969 0.090625
0 0.084375 0.580729 0.060937 0.080208
0 0.818359 0.580729 0.060156 0.080208
0 0.475000 0.586979 0.067187 0.082292
0 0.873828 0.596354 0.058594 0.078125
0 0.157812 0.597917 0.059375 0.079167
0 0.333203 0.625000 0.064844 0.083333
0 0.451172 0.652083 0.071094 0.081250
0 0.766016 0.663542 0.069531 0.095833
0 0.955078 0.689583 0.060156 0.081250
0 0.378125 0.690625 0.068750 0.093750
0 0.826953 0.689583 0.064844 0.087500
0 0.044531 0.691146 0.062500 0.086458
0 0.514062 0.693229 0.064062 0.084375
0 0.893750 0.694271 0.060937 0.080208
0 0.312891 0.695312 0.069531 0.076042
0 0.713672 0.719271 0.067969 0.090625
0 0.439063 0.723958 0.062500 0.083333
0 0.151172 0.730208 0.064844 0.083333
0 0.076172 0.741667 0.058594 0.075000
0 0.552344 0.748958 0.065625 0.087500
0 0.298828 0.767708 0.071094 0.079167
0 0.883594 0.768229 0.059375 0.073958
0 0.814453 0.775000 0.067969 0.087500
0 0.222656 0.776042 0.060937 0.081250
0 0.476562 0.785937 0.064062 0.086458
0 0.383203 0.792708 0.060156 0.085417
0 0.106641 0.802083 0.058594 0.079167
0 0.697266 0.802083 0.064844 0.085417
0 0.525781 0.821354 0.054688 0.084375
0 0.330469 0.823958 0.068750 0.079167
0 0.750781 0.830729 0.062500 0.076042
0 0.905469 0.830729 0.064062 0.084375
0 0.169141 0.841146 0.061719 0.084375
0 0.837500 0.846354 0.067187 0.080208
0 0.630469 0.848958 0.067187 0.087500
0 0.405469 0.870833 0.060937 0.089583
0 0.465625 0.872917 0.064062 0.083333
0 0.125000 0.877604 0.054688 0.084375
0 0.250781 0.884896 0.064062 0.082292
0 0.793359 0.885938 0.066406 0.088542
0 0.078125 0.884375 0.050000 0.077083
0 0.575000 0.888021 0.062500 0.082292
0 0.344531 0.893750 0.070312 0.079167
0 0.032813 0.908854 0.065625 0.086458
0 0.734766 0.912500 0.069531 0.089583
0 0.650781 0.917708 0.064062 0.081250
0 0.889453 0.919792 0.061719 0.081250
0 0.526172 0.921354 0.060156 0.084375
0 0.310156 0.941146 0.068750 0.080208
0 0.207031 0.944271 0.070312 0.090625
0 0.468750 0.952604 0.068750 0.086458
0 0.604688 0.963542 0.065625 0.083333
2 0.581250 0.646875 0.073438 0.100000
