0 0.163281 0.836979 0.068750 0.067708
0 0.062891 0.840104 0.050781 0.073958
0 0.041797 0.914583 0.072656 0.075000
0 0.845313 0.915104 0.060937 0.088542
0 0.262109 0.257292 0.050781 0.083333
0 0.033984 0.063542 0.067969 0.072917
0 0.428516 0.072396 0.067969 0.090625
0 0.299609 0.393750 0.071094 0.091667
0 0.586719 0.037500 0.060937 0.075000
0 0.242188 0.053646 0.059375 0.094792
0 0.039062 0.056771 0.078125 0.113542
0 0.085547 0.089583 0.063281 0.087500
0 0.509375 0.092188 0.075000 0.078125
0 0.571094 0.101042 0.062500 0.083333
0 0.128125 0.144271 0.078125 0.086458
0 0.252344 0.161458 0.060937 0.085417
0 0.319531 0.162500 0.073438 0.077083
0 0.507031 0.162500 0.059375 0.075000
0 0.071094 0.176042 0.084375 0.089583
0 0.569922 0.184375 0.074219 0.093750
0 0.626172 0.210417 0.063281 0.100000
0 0.457031 0.211458 0.071875 0.089583
0 0.153125 0.212500 0.068750 0.087500
0 0.539453 0.219271 0.066406 0.090625
0 0.713281 0.231771 0.059375 0.094792
0 0.673047 0.241667 0.055469 0.097917
0 0.048438 0.229687 0.096875 0.113542
0 0.402734 0.246875 0.064844 0.089583
0 0.349219 0.267188 0.062500 0.082292
0 0.612109 0.285938 0.071094 0.076042
0 0.295703 0.307812 0.061719 0.078125
0 0.439844 0.295833 0.070312 0.087500
0 0.780859 0.296875 0.066406 0.087500
0 0.707422 0.305729 0.066406 0.088542
0 0.912109 0.307292 0.069531 0.093750
0 0.237891 0.324479 0.069531 0.092708
0 0.341797 0.325521 0.061719 0.105208
0 0.396484 0.341667 0.060156 0.085417
0 0.495703 0.350000 0.058594 0.077083
0 0.621875 0.363542 0.060937 0.091667
0 0.731641 0.357292 0.053906 0.085417
0 0.812500 0.361979 0.073438 0.090625
0 0.891797 0.378125 0.067969 0.085417
0 0.183203 0.388021 0.067969 0.071875
0 0.650391 0.424479 0.069531 0.082292
0 0.753125 0.428646 0.068750 0.090625
0 0.813281 0.443229 0.075000 0.094792
0 0.878125 0.440104 0.056250 0.080208
0 0.090625 0.447396 0.065625 0.082292
0 0.250781 0.444271 0.057813 0.121875
0 0.032813 0.453646 0.065625 0.078125
0 0.944141 0.457292 0.064844 0.091667
0 0.161328 0.452083 0.088281 0.091667
0 0.212891 0.458333 0.049219 0.095833
0 0.612500 0.465625 0.073438 0.083333
0 0.683984 0.482292 0.069531 0.075000
0 0.287891 0.494792 0.064844 0.100000
0 0.346094 0.499479 0.070312 0.101042
0 0.783203 0.499479 0.063281 0.078125
0 0.108984 0.502604 0.072656 0.084375
0 0.169922 0.513021 0.058594 0.063542
0 0.226953 0.532292 0.067969 0.077083
0 0.606641 0.534896 0.067969 0.080208
0 0.666797 0.541146 0.058594 0.078125
0 0.966797 0.542188 0.060156 0.082292
0 0.916016 0.570312 0.060156 0.084375
0 0.788281 0.571875 0.064062 0.077083
0 0.298828 0.576042 0.057031 0.079167
0 0.723047 0.576042 0.069531 0.081250
0 0.640234 0.593750 0.085156 0.089583
0 0.343359 0.596354 0.064844 0.090625
0 0.573828 0.617188 0.066406 0.076042
0 0.225391 0.617188 0.053906 0.078125
0 0.957812 0.624479 0.068750 0.094792
0 0.782813 0.637500 0.073438 0.070833
0 0.303906 0.656771 0.064062 0.092708
0 0.620703 0.658333 0.067969 0.085417
0 0.357031 0.675521 0.064062 0.088542
0 0.565234 0.682813 0.063281 0.086458
0 0.248828 0.691667 0.061719 0.077083
0 0.762891 0.698958 0.066406 0.091667
0 0.816406 0.695833 0.057813 0.075000
0 0.895703 0.693229 0.064844 0.080208
0 0.501953 0.703125 0.075781 0.089583
0 0.972266 0.704688 0.063281 0.090625
0 0.648047 0.725000 0.066406 0.083333
0 0.393750 0.730729 0.073438 0.090625
0 0.582422 0.740104 0.069531 0.082292
0 0.344922 0.758854 0.066406 0.090625
0 0.804297 0.757812 0.061719 0.086458
0 0.486328 0.771875 0.067969 0.089583
0 0.282422 0.772917 0.063281 0.079167
0 0.448047 0.784896 0.096094 0.113542
0 0.387891 0.804167 0.061719 0.089583
0 0.217578 0.816667 0.064844 0.083333
0 0.338281 0.844271 0.064062 0.090625
0 0.464844 0.846875 0.060937 0.079167
0 0.809766 0.843229 0.053906 0.096875
0 0.508594 0.841667 0.051562 0.091667
0 0.451172 0.870833 0.067969 0.087500
0 0.528516 0.879167 0.071094 0.089583
0 0.390234 0.885938 0.067969 0.086458
0 0.293750 0.890625 0.067187 0.087500
0 0.189453 0.901042 0.064844 0.087500
0 0.150391 0.940104 0.061719 0.094792
0 0.244141 0.933854 0.061719 0.082292
0 0.511328 0.945833 0.064844 0.093750
0 0.460156 0.951562 0.062500 0.084375
2 0.582031 0.393750 0.081250 0.097917
