0 0.251563 0.445833 0.053125 0.102083
0 0.435547 0.455729 0.052344 0.096875
0 0.696875 0.621354 0.060937 0.082292
0 0.241797 0.590104 0.071094 0.071875
0 0.100000 0.034896 0.060937 0.069792
0 0.544922 0.040625 0.058594 0.081250
0 0.040625 0.043750 0.059375 0.087500
0 0.407031 0.039062 0.070312 0.078125
0 0.615234 0.053125 0.060156 0.083333
0 0.773047 0.048958 0.064844 0.085417
0 0.255859 0.067708 0.060156 0.091667
0 0.716797 0.086458 0.064844 0.095833
0 0.446094 0.103646 0.070312 0.086458
0 0.533984 0.102604 0.061719 0.073958
0 0.650781 0.110937 0.070312 0.084375
0 0.233984 0.114583 0.064844 0.089583
0 0.813672 0.133854 0.066406 0.090625
0 0.473828 0.165104 0.061719 0.082292
0 0.548828 0.162500 0.064844 0.108333
0 0.664062 0.183333 0.054688 0.083333
0 0.766797 0.190625 0.072656 0.081250
0 0.313672 0.198958 0.067969 0.077083
0 0.504297 0.211458 0.055469 0.081250
0 0.825000 0.226562 0.067187 0.098958
0 0.405859 0.230208 0.050781 0.081250
0 0.453906 0.234375 0.048438 0.083333
0 0.576172 0.236458 0.066406 0.087500
0 0.880078 0.243750 0.064844 0.089583
0 0.637109 0.246875 0.063281 0.075000
0 0.334375 0.260937 0.075000 0.082292
0 0.958203 0.260937 0.064844 0.082292
0 0.524609 0.281771 0.050781 0.117708
0 0.922656 0.298438 0.068750 0.092708
0 0.288281 0.308854 0.056250 0.098958
0 0.859766 0.316146 0.067969 0.121875
0 0.816406 0.324479 0.046875 0.113542
0 0.340234 0.329688 0.075781 0.069792
0 0.578516 0.332813 0.064844 0.084375
0 0.882812 0.367708 0.068750 0.093750
0 0.746484 0.361979 0.082031 0.065625
0 0.652344 0.367188 0.084375 0.086458
0 0.309766 0.393229 0.067969 0.098958
0 0.363281 0.396354 0.064062 0.086458
0 0.572656 0.416667 0.059375 0.085417
0 0.855469 0.426042 0.064062 0.097917
0 0.689453 0.421354 0.069531 0.086458
0 0.749219 0.438542 0.057813 0.097917
0 0.803125 0.433854 0.065625 0.094792
0 0.630469 0.432812 0.062500 0.103125
0 0.525781 0.450521 0.054688 0.086458
0 0.301172 0.466146 0.055469 0.084375
0 0.903516 0.473958 0.066406 0.089583
0 0.355859 0.476042 0.069531 0.095833
0 0.684375 0.493750 0.064062 0.089583
0 0.146875 0.516667 0.068750 0.104167
0 0.622656 0.510938 0.067187 0.071875
0 0.775781 0.515625 0.062500 0.085417
0 0.051172 0.506771 0.057031 0.092708
0 0.211328 0.522396 0.064844 0.069792
0 0.718359 0.531771 0.058594 0.080208
0 0.885938 0.537500 0.084375 0.095833
0 0.085938 0.545833 0.060937 0.116667
0 0.465234 0.556250 0.066406 0.102083
0 0.118750 0.566146 0.059375 0.098958
0 0.524219 0.559896 0.065625 0.088542
0 0.812109 0.545833 0.071094 0.087500
0 0.618750 0.590104 0.060937 0.090625
0 0.756250 0.600521 0.059375 0.096875
0 0.373047 0.596354 0.063281 0.065625
0 0.040234 0.595313 0.050781 0.101042
0 0.814063 0.615104 0.068750 0.084375
0 0.871094 0.617708 0.062500 0.072917
0 0.083203 0.627604 0.052344 0.080208
0 0.958984 0.643750 0.077344 0.070833
0 0.425000 0.668229 0.057813 0.098958
0 0.637891 0.666667 0.066406 0.093750
0 0.037500 0.666667 0.071875 0.075000
0 0.369922 0.677083 0.071094 0.085417
0 0.251953 0.670833 0.082031 0.110417
0 0.469922 0.719271 0.063281 0.103125
0 0.583203 0.737500 0.067969 0.093750
0 0.358203 0.742708 0.071094 0.093750
0 0.183594 0.760417 0.060937 0.075000
0 0.521484 0.768229 0.055469 0.078125
0 0.406641 0.754687 0.069531 0.090625
0 0.507422 0.805208 0.080469 0.091667
0 0.228516 0.806250 0.058594 0.064583
0 0.307031 0.802604 0.093750 0.103125
0 0.376172 0.825521 0.066406 0.090625
0 0.437891 0.811458 0.067969 0.091667
0 0.279297 0.857812 0.064844 0.086458
0 0.366797 0.902604 0.067969 0.101042
1 0.614062 0.183854 0.065625 0.080208
