0 0.750781 0.527083 0.062500 0.081250
0 0.885547 0.124479 0.058594 0.101042
0 0.938672 0.125000 0.069531 0.085417
0 0.920312 0.189062 0.070312 0.084375
0 0.901953 0.264583 0.064844 0.085417
0 0.554688 0.400521 0.065625 0.092708
0 0.180078 0.239063 0.078906 0.098958
0 0.349609 0.383854 0.049219 0.080208
0 0.441016 0.663542 0.069531 0.089583
0 0.600781 0.409896 0.056250 0.086458
0 0.966016 0.047396 0.066406 0.094792
0 0.538672 0.047917 0.069531 0.095833
0 0.598047 0.046354 0.055469 0.080208
0 0.333594 0.050521 0.068750 0.088542
0 0.917578 0.055729 0.071094 0.067708
0 0.521094 0.089583 0.067187 0.102083
0 0.578906 0.102604 0.071875 0.082292
0 0.364063 0.108333 0.062500 0.108333
0 0.410547 0.110417 0.053906 0.106250
0 0.310156 0.119271 0.060937 0.086458
0 0.106250 0.130208 0.059375 0.100000
0 0.163672 0.149479 0.058594 0.096875
0 0.262109 0.144792 0.060156 0.102083
0 0.490234 0.160417 0.055469 0.091667
0 0.055078 0.139583 0.063281 0.104167
0 0.596094 0.174479 0.067187 0.090625
0 0.213281 0.163021 0.057813 0.105208
0 0.538672 0.174479 0.060156 0.094792
0 0.974219 0.191667 0.059375 0.087500
0 0.110156 0.207813 0.065625 0.082292
0 0.864062 0.211458 0.067187 0.091667
0 0.048047 0.219271 0.096094 0.117708
0 0.798438 0.236979 0.068750 0.101042
0 0.667188 0.234375 0.065625 0.085417
0 0.608984 0.249479 0.067969 0.090625
0 0.100000 0.266667 0.070312 0.081250
0 0.955859 0.282292 0.060156 0.064583
0 0.766016 0.279687 0.061719 0.094792
0 0.048047 0.300000 0.060156 0.077083
0 0.837500 0.291667 0.073438 0.095833
0 0.647266 0.298958 0.078906 0.091667
0 0.372266 0.300000 0.067969 0.091667
0 0.157031 0.303125 0.070312 0.093750
0 0.707812 0.293229 0.065625 0.115625
0 0.885938 0.331250 0.070312 0.093750
0 0.261328 0.332813 0.067969 0.088542
0 0.207031 0.328125 0.056250 0.100000
0 0.099609 0.334896 0.063281 0.088542
0 0.796094 0.344792 0.067187 0.118750
0 0.726562 0.350000 0.089063 0.091667
0 0.404687 0.372917 0.071875 0.087500
0 0.842578 0.376563 0.066406 0.096875
0 0.157812 0.384896 0.056250 0.092708
0 0.348828 0.381250 0.055469 0.072917
0 0.472656 0.384375 0.073438 0.089583
0 0.646094 0.382812 0.075000 0.096875
0 0.237109 0.398958 0.072656 0.095833
0 0.296484 0.397396 0.063281 0.109375
0 0.739844 0.436979 0.090625 0.115625
0 0.101562 0.425000 0.062500 0.095833
0 0.811328 0.439063 0.060156 0.094792
0 0.513281 0.443229 0.064062 0.092708
0 0.456250 0.452083 0.060937 0.083333
0 0.342187 0.461458 0.065625 0.093750
0 0.043750 0.472396 0.059375 0.096875
0 0.218359 0.477083 0.064844 0.087500
0 0.107422 0.510417 0.063281 0.079167
0 0.392578 0.504167 0.055469 0.116667
0 0.357812 0.547396 0.062500 0.090625
0 0.157422 0.547917 0.066406 0.075000
0 0.071875 0.554167 0.060937 0.083333
0 0.302344 0.550521 0.064062 0.088542
0 0.229687 0.562500 0.071875 0.089583
0 0.702734 0.577083 0.066406 0.112500
0 0.459375 0.578646 0.070312 0.084375
0 0.521484 0.590625 0.061719 0.093750
0 0.581641 0.625000 0.086719 0.131250
0 0.102344 0.603646 0.071875 0.090625
0 0.036719 0.608854 0.057813 0.078125
0 0.287109 0.623958 0.064844 0.087500
0 0.148828 0.628125 0.071094 0.100000
0 0.216406 0.630729 0.070312 0.084375
0 0.351953 0.627604 0.080469 0.094792
0 0.533203 0.681771 0.057031 0.121875
0 0.087891 0.678646 0.067969 0.092708
0 0.630078 0.672917 0.063281 0.102083
0 0.345313 0.701562 0.071875 0.086458
0 0.189844 0.693229 0.060937 0.092708
0 0.401562 0.690625 0.067187 0.095833
0 0.281641 0.699479 0.063281 0.084375
0 0.581641 0.703125 0.060156 0.079167
0 0.139844 0.721875 0.075000 0.102083
0 0.231641 0.721354 0.060156 0.067708
0 0.502734 0.728646 0.074219 0.098958
0 0.450781 0.741667 0.071875 0.093750
0 0.222656 0.754167 0.057813 0.064583
0 0.326953 0.759375 0.064844 0.093750
0 0.391016 0.763021 0.067969 0.082292
0 0.173828 0.772396 0.077344 0.084375
0 0.269141 0.780729 0.067969 0.105208
0 0.108984 0.800000 0.047656 0.095833
0 0.216797 0.813021 0.060156 0.078125
0 0.160938 0.838542 0.067187 0.083333
0 0.214844 0.883854 0.078125 0.094792
0 0.162109 0.914583 0.066406 0.081250
1 0.491016 0.643750 0.069531 0.100000
