0 0.519141 0.528125 0.074219 0.066667
0 0.223828 0.770833 0.053906 0.072917
0 0.032813 0.037500 0.064062 0.075000
0 0.160156 0.039062 0.059375 0.078125
0 0.408594 0.041146 0.071875 0.082292
0 0.668359 0.044792 0.099219 0.089583
0 0.087109 0.045312 0.088281 0.090625
0 0.244922 0.048438 0.063281 0.096875
0 0.473047 0.056771 0.083594 0.080208
0 0.307812 0.066146 0.068750 0.088542
0 0.533984 0.082292 0.061719 0.077083
0 0.201172 0.084375 0.072656 0.079167
0 0.039062 0.091146 0.078125 0.086458
0 0.369141 0.090625 0.067969 0.089583
0 0.656641 0.109896 0.077344 0.101042
0 0.109375 0.113021 0.064062 0.078125
0 0.265625 0.139063 0.056250 0.105208
0 0.416797 0.127083 0.071094 0.079167
0 0.494141 0.128125 0.077344 0.093750
0 0.317969 0.147396 0.064062 0.088542
0 0.069922 0.151042 0.074219 0.093750
0 0.685937 0.147917 0.057813 0.083333
0 0.607812 0.179167 0.076563 0.095833
0 0.362891 0.184896 0.067969 0.076042
0 0.641016 0.221354 0.074219 0.101042
0 0.522266 0.220833 0.064844 0.091667
0 0.265234 0.237500 0.060156 0.085417
0 0.676562 0.249479 0.068750 0.092708
0 0.565625 0.259896 0.079687 0.103125
0 0.128906 0.295833 0.064062 0.091667
0 0.608203 0.297396 0.074219 0.092708
0 0.316797 0.315104 0.071094 0.088542
0 0.241797 0.326042 0.074219 0.081250
0 0.527344 0.327083 0.070312 0.070833
0 0.044531 0.368750 0.073438 0.091667
0 0.526563 0.383854 0.090625 0.076042
0 0.114453 0.386979 0.071094 0.105208
0 0.171484 0.372396 0.067969 0.082292
0 0.236328 0.396354 0.074219 0.080208
0 0.618750 0.421354 0.060937 0.082292
0 0.076172 0.427604 0.075781 0.082292
0 0.182031 0.435937 0.062500 0.076042
0 0.245703 0.460938 0.075781 0.078125
0 0.155469 0.472917 0.078125 0.083333
0 0.424219 0.476562 0.050000 0.078125
0 0.369922 0.515104 0.052344 0.094792
0 0.443750 0.542188 0.073438 0.090625
0 0.299609 0.614583 0.060156 0.091667
0 0.154297 0.622917 0.063281 0.093750
0 0.353906 0.632292 0.065625 0.093750
0 0.916406 0.629687 0.064062 0.109375
0 0.397266 0.667188 0.058594 0.084375
0 0.045312 0.687500 0.067187 0.097917
0 0.317578 0.690104 0.080469 0.090625
0 0.871875 0.686979 0.071875 0.084375
0 0.935156 0.723437 0.071875 0.080208
0 0.378906 0.738542 0.057813 0.089583
0 0.327344 0.753646 0.082812 0.103125
0 0.147266 0.758333 0.071094 0.089583
0 0.392969 0.802083 0.050000 0.085417
0 0.833984 0.790625 0.053906 0.091667
0 0.887891 0.788542 0.080469 0.135417
0 0.124219 0.832292 0.064062 0.089583
0 0.330469 0.832292 0.046875 0.089583
0 0.340625 0.880208 0.081250 0.110417
0 0.187500 0.946354 0.064062 0.092708
0 0.328125 0.958854 0.062500 0.092708
0 0.145313 0.963021 0.062500 0.084375
2 0.500000 0.450521 0.076563 0.090625
