0 0.774609 0.444792 0.064844 0.102083
0 0.364453 0.617708 0.069531 0.093750
0 0.947656 0.778646 0.059375 0.082292
0 0.142187 0.945833 0.054688 0.075000
0 0.038281 0.190625 0.050000 0.075000
0 0.212109 0.036458 0.058594 0.072917
0 0.150000 0.059896 0.079687 0.119792
0 0.074609 0.040104 0.071094 0.080208
0 0.282422 0.044792 0.060156 0.083333
0 0.440234 0.042708 0.064844 0.085417
0 0.383984 0.078125 0.064844 0.095833
0 0.113281 0.095312 0.070312 0.088542
0 0.201172 0.093750 0.061719 0.075000
0 0.317578 0.102604 0.071094 0.084375
0 0.439453 0.103646 0.074219 0.071875
0 0.481250 0.125000 0.067187 0.089583
0 0.141016 0.156250 0.061719 0.083333
0 0.216016 0.153646 0.064844 0.109375
0 0.331641 0.175000 0.053906 0.083333
0 0.433984 0.182292 0.072656 0.081250
0 0.171484 0.203125 0.055469 0.081250
0 0.492578 0.218229 0.067969 0.098958
0 0.073438 0.220833 0.051562 0.081250
0 0.120703 0.224479 0.049219 0.084375
0 0.243750 0.227604 0.067187 0.088542
0 0.546875 0.235417 0.065625 0.089583
0 0.303906 0.238021 0.064062 0.073958
0 0.625781 0.252604 0.065625 0.082292
0 0.191797 0.272917 0.050781 0.118750
0 0.589844 0.290104 0.068750 0.092708
0 0.526953 0.307812 0.067969 0.121875
0 0.483594 0.315625 0.048438 0.114583
0 0.245703 0.323958 0.064844 0.085417
0 0.654297 0.331250 0.063281 0.085417
0 0.550000 0.359375 0.068750 0.093750
0 0.413281 0.353646 0.082812 0.065625
0 0.319141 0.358333 0.085156 0.087500
0 0.609766 0.363542 0.064844 0.089583
0 0.035156 0.387500 0.070312 0.087500
0 0.239453 0.407813 0.060156 0.086458
0 0.522656 0.417708 0.064062 0.097917
0 0.356641 0.411979 0.069531 0.086458
0 0.416016 0.430208 0.058594 0.097917
0 0.470313 0.425521 0.065625 0.094792
0 0.623047 0.426042 0.053906 0.075000
0 0.297656 0.424479 0.062500 0.103125
0 0.095312 0.442708 0.054688 0.093750
0 0.192969 0.441667 0.056250 0.087500
0 0.571094 0.465625 0.067187 0.089583
0 0.032813 0.466667 0.065625 0.095833
0 0.866016 0.469792 0.061719 0.081250
0 0.351172 0.483333 0.064844 0.093750
0 0.619141 0.501563 0.053906 0.082292
0 0.289453 0.502604 0.067969 0.071875
0 0.442578 0.507292 0.063281 0.085417
0 0.808594 0.486458 0.073438 0.118750
0 0.385156 0.523958 0.059375 0.081250
0 0.552734 0.529167 0.085156 0.095833
0 0.132422 0.547396 0.066406 0.103125
0 0.191016 0.551042 0.064844 0.089583
0 0.478906 0.536979 0.071875 0.086458
0 0.657422 0.573958 0.064844 0.089583
0 0.285938 0.581250 0.060937 0.091667
0 0.594531 0.584375 0.062500 0.100000
0 0.919531 0.586979 0.071875 0.084375
0 0.422656 0.591667 0.059375 0.097917
0 0.040234 0.587500 0.063281 0.066667
0 0.535156 0.596354 0.068750 0.098958
0 0.480859 0.606771 0.067969 0.084375
0 0.691797 0.628646 0.060156 0.078125
0 0.626172 0.635417 0.077344 0.070833
0 0.092188 0.658333 0.057813 0.100000
0 0.222266 0.644792 0.100781 0.116667
0 0.304688 0.658333 0.067187 0.091667
0 0.746094 0.664062 0.065625 0.078125
0 0.875781 0.671354 0.076563 0.076042
0 0.037109 0.668229 0.071094 0.086458
0 0.193359 0.693750 0.072656 0.083333
0 0.133594 0.690104 0.057813 0.065625
0 0.832422 0.719271 0.072656 0.090625
0 0.893359 0.740625 0.071094 0.093750
0 0.199219 0.766146 0.075000 0.092708
0 0.073828 0.745313 0.069531 0.092708
0 0.173828 0.795833 0.082031 0.091667
0 0.042969 0.816146 0.067187 0.090625
0 0.163672 0.848958 0.074219 0.091667
0 0.037891 0.887500 0.075781 0.112500
1 0.105469 0.805729 0.065625 0.088542
2 0.279687 0.175521 0.065625 0.086458
