0 0.621875 0.053125 0.060937 0.077083
0 0.768359 0.092708 0.061719 0.087500
0 0.840234 0.070312 0.074219 0.092708
0 0.925781 0.111979 0.076563 0.082292
0 0.446094 0.035417 0.062500 0.070833
0 0.391406 0.044271 0.075000 0.088542
0 0.724219 0.055208 0.062500 0.102083
0 0.494141 0.053125 0.061719 0.083333
0 0.913281 0.053125 0.048438 0.077083
0 0.173437 0.077604 0.065625 0.088542
0 0.438672 0.083333 0.067969 0.077083
0 0.669922 0.080729 0.069531 0.084375
0 0.387891 0.115625 0.064844 0.091667
0 0.816406 0.135417 0.062500 0.091667
0 0.874609 0.145833 0.064844 0.100000
0 0.212500 0.156250 0.064062 0.097917
0 0.940625 0.168229 0.075000 0.069792
0 0.347266 0.168750 0.064844 0.091667
0 0.279687 0.187500 0.068750 0.085417
0 0.891797 0.216667 0.058594 0.089583
0 0.941797 0.235937 0.061719 0.084375
0 0.248047 0.234896 0.064844 0.092708
0 0.304297 0.260937 0.066406 0.088542
0 0.931641 0.295833 0.071094 0.085417
0 0.264062 0.309896 0.065625 0.080208
0 0.976562 0.333333 0.054688 0.070833
0 0.311719 0.344271 0.064062 0.088542
0 0.255859 0.383854 0.078906 0.080208
0 0.316406 0.431771 0.065625 0.094792
0 0.270313 0.455208 0.076563 0.102083
0 0.046094 0.467187 0.062500 0.103125
0 0.182812 0.483333 0.054688 0.100000
0 0.237109 0.490625 0.071094 0.093750
0 0.350000 0.497917 0.059375 0.083333
0 0.083203 0.507812 0.061719 0.105208
0 0.305859 0.530729 0.066406 0.107292
0 0.133203 0.532813 0.058594 0.094792
0 0.587109 0.556250 0.060156 0.091667
0 0.394531 0.550000 0.059375 0.093750
0 0.644141 0.555729 0.064844 0.098958
0 0.035937 0.554688 0.062500 0.082292
0 0.220312 0.558333 0.048438 0.072917
0 0.495703 0.579167 0.057031 0.091667
0 0.446094 0.571354 0.054688 0.094792
0 0.342187 0.578125 0.067187 0.089583
0 0.089453 0.596875 0.069531 0.093750
0 0.675781 0.606250 0.064062 0.085417
0 0.135156 0.617708 0.054688 0.097917
0 0.282813 0.633333 0.064062 0.081250
0 0.412109 0.634375 0.071094 0.095833
0 0.722266 0.646875 0.071094 0.104167
0 0.042578 0.645312 0.063281 0.098958
0 0.489453 0.667708 0.096094 0.118750
0 0.364453 0.681771 0.066406 0.113542
0 0.093750 0.687500 0.065625 0.095833
0 0.758594 0.697396 0.064062 0.086458
0 0.270313 0.703125 0.057813 0.081250
0 0.814844 0.717187 0.062500 0.082292
0 0.482812 0.741667 0.065625 0.064583
0 0.712891 0.734375 0.050781 0.104167
0 0.062500 0.736458 0.062500 0.089583
0 0.121094 0.746354 0.070312 0.090625
0 0.384766 0.766667 0.080469 0.085417
0 0.763672 0.776563 0.067969 0.092708
0 0.452344 0.792708 0.057813 0.122917
0 0.819531 0.794271 0.059375 0.084375
0 0.509766 0.799479 0.064844 0.096875
0 0.288281 0.808854 0.071875 0.105208
0 0.866016 0.806771 0.071094 0.094792
0 0.060937 0.818229 0.062500 0.078125
0 0.401172 0.822917 0.060156 0.085417
0 0.122266 0.827604 0.069531 0.080208
0 0.963281 0.855729 0.067187 0.084375
0 0.350391 0.852604 0.058594 0.076042
0 0.554688 0.861979 0.076563 0.088542
0 0.028906 0.869792 0.057813 0.089583
0 0.854297 0.878646 0.058594 0.076042
0 0.192578 0.898958 0.064844 0.104167
0 0.078516 0.888021 0.069531 0.094792
0 0.385547 0.902083 0.052344 0.081250
0 0.294922 0.901563 0.063281 0.094792
0 0.512891 0.905729 0.058594 0.082292
0 0.242578 0.939583 0.074219 0.131250
0 0.876172 0.942187 0.055469 0.076042
0 0.042578 0.945833 0.085156 0.083333
0 0.557422 0.952604 0.061719 0.090625
0 0.955078 0.939063 0.050781 0.080208
0 0.912109 0.967708 0.055469 0.075000
