0 0.539453 0.153125 0.072656 0.062500
0 0.533984 0.072396 0.074219 0.105208
0 0.538281 0.742708 0.067187 0.077083
0 0.605469 0.849479 0.075000 0.123958
0 0.659375 0.845833 0.042188 0.093750
0 0.700781 0.773438 0.071875 0.076042
0 0.192969 0.043750 0.060937 0.087500
0 0.352734 0.083854 0.060156 0.090625
0 0.168750 0.155729 0.059375 0.076042
0 0.477344 0.150521 0.059375 0.096875
0 0.777734 0.170833 0.063281 0.085417
0 0.423047 0.194271 0.053906 0.065625
0 0.103906 0.196354 0.062500 0.071875
0 0.626172 0.178125 0.058594 0.064583
0 0.634766 0.230208 0.061719 0.072917
0 0.734375 0.216146 0.064062 0.105208
0 0.791016 0.232813 0.085156 0.092708
0 0.489844 0.233333 0.051562 0.091667
0 0.389453 0.246875 0.057031 0.087500
0 0.144531 0.263021 0.046875 0.105208
0 0.191406 0.260417 0.057813 0.110417
0 0.712891 0.260937 0.067969 0.111458
0 0.439844 0.264062 0.068750 0.098958
0 0.045312 0.257292 0.056250 0.097917
0 0.536719 0.296875 0.064062 0.091667
0 0.098437 0.269271 0.060937 0.094792
0 0.346484 0.286458 0.072656 0.083333
0 0.624219 0.285938 0.064062 0.092708
0 0.809766 0.297917 0.055469 0.072917
0 0.226953 0.300000 0.071094 0.085417
0 0.489844 0.310417 0.067187 0.087500
0 0.765234 0.303125 0.061719 0.104167
0 0.577734 0.336458 0.066406 0.100000
0 0.830078 0.339583 0.067969 0.100000
0 0.714844 0.361458 0.064062 0.091667
0 0.626953 0.369792 0.063281 0.079167
0 0.877344 0.378125 0.057813 0.093750
0 0.789453 0.388021 0.064844 0.067708
0 0.792188 0.422396 0.059375 0.065625
0 0.839063 0.413542 0.059375 0.066667
0 0.618750 0.436458 0.059375 0.075000
0 0.745313 0.436979 0.068750 0.092708
0 0.887109 0.458333 0.063281 0.081250
0 0.683203 0.461458 0.066406 0.083333
0 0.796094 0.489583 0.064062 0.102083
0 0.914062 0.511458 0.064062 0.077083
0 0.844531 0.518750 0.059375 0.081250
0 0.633594 0.519271 0.057813 0.092708
0 0.751172 0.516667 0.049219 0.091667
0 0.700391 0.523958 0.069531 0.087500
0 0.905859 0.570833 0.063281 0.089583
0 0.860156 0.590104 0.062500 0.109375
0 0.665625 0.590104 0.070312 0.084375
0 0.721094 0.597917 0.079687 0.085417
0 0.710547 0.654687 0.069531 0.073958
0 0.658984 0.664062 0.066406 0.078125
0 0.947656 0.683854 0.050000 0.103125
0 0.691016 0.719792 0.075781 0.100000
0 0.629297 0.724479 0.061719 0.109375
0 0.773047 0.798438 0.066406 0.086458
0 0.405078 0.822917 0.067969 0.081250
0 0.710547 0.838021 0.069531 0.090625
0 0.324219 0.844792 0.065625 0.089583
0 0.889453 0.854688 0.061719 0.076042
0 0.944922 0.861458 0.066406 0.068750
0 0.264062 0.845833 0.065625 0.068750
0 0.372656 0.866146 0.056250 0.090625
0 0.798438 0.868750 0.064062 0.087500
0 0.208594 0.884896 0.070312 0.082292
0 0.273438 0.906771 0.076563 0.086458
0 0.855859 0.903125 0.067969 0.095833
0 0.332031 0.913021 0.064062 0.080208
0 0.761328 0.917708 0.071094 0.095833
0 0.235937 0.938021 0.060937 0.105208
0 0.193750 0.954688 0.090625 0.101042
0 0.825391 0.955729 0.092969 0.098958
0 0.289844 0.964063 0.073438 0.076042
0 0.134766 0.960938 0.080469 0.088542
4 0.367969 0.156771 0.085938 0.113542
