0 0.868750 0.086458 0.057813 0.072917
0 0.819141 0.091667 0.055469 0.102083
0 0.922656 0.077604 0.054688 0.082292
0 0.480078 0.330208 0.058594 0.110417
0 0.516406 0.388542 0.065625 0.091667
0 0.719922 0.665104 0.052344 0.107292
0 0.853125 0.036458 0.089063 0.072917
0 0.548047 0.039062 0.063281 0.071875
0 0.976172 0.067187 0.055469 0.069792
0 0.771484 0.100000 0.061719 0.095833
0 0.609766 0.088542 0.069531 0.091667
0 0.672266 0.100521 0.061719 0.073958
0 0.737109 0.127083 0.066406 0.091667
0 0.561719 0.121354 0.071875 0.088542
0 0.970703 0.126562 0.066406 0.082292
0 0.648047 0.152083 0.063281 0.083333
0 0.535547 0.173437 0.069531 0.078125
0 0.710938 0.172917 0.073438 0.106250
0 0.603906 0.184896 0.067187 0.084375
0 0.483594 0.217188 0.060937 0.086458
0 0.673438 0.222396 0.084375 0.092708
0 0.549609 0.248958 0.071094 0.085417
0 0.639062 0.252083 0.050000 0.079167
0 0.443359 0.272396 0.055469 0.090625
0 0.687891 0.292708 0.067969 0.072917
0 0.394531 0.304167 0.067187 0.085417
0 0.583203 0.317188 0.057031 0.090625
0 0.639844 0.322917 0.059375 0.081250
0 0.726953 0.344271 0.058594 0.084375
0 0.305078 0.356771 0.058594 0.078125
0 0.678516 0.360938 0.053906 0.073958
0 0.360938 0.371875 0.070312 0.093750
0 0.710938 0.417708 0.070312 0.083333
0 0.402734 0.414583 0.061719 0.062500
0 0.542969 0.438021 0.056250 0.109375
0 0.050781 0.429167 0.064062 0.077083
0 0.348047 0.447917 0.063281 0.091667
0 0.768359 0.457292 0.069531 0.097917
0 0.091406 0.477083 0.054688 0.085417
0 0.734766 0.495833 0.071094 0.091667
0 0.140234 0.491667 0.047656 0.097917
0 0.864062 0.536458 0.057813 0.081250
0 0.105078 0.553125 0.075781 0.085417
0 0.567969 0.561979 0.068750 0.090625
0 0.900000 0.578125 0.056250 0.075000
0 0.847656 0.603125 0.071875 0.093750
0 0.627344 0.609375 0.064062 0.085417
0 0.116797 0.610938 0.072656 0.086458
0 0.525000 0.615104 0.056250 0.098958
0 0.939453 0.619792 0.063281 0.072917
0 0.371484 0.628125 0.058594 0.097917
0 0.886328 0.631771 0.055469 0.084375
0 0.581250 0.635417 0.053125 0.081250
0 0.423047 0.650000 0.064844 0.089583
0 0.482422 0.661458 0.063281 0.083333
0 0.835547 0.668750 0.066406 0.077083
0 0.666797 0.673438 0.066406 0.088542
0 0.932422 0.679167 0.067969 0.077083
0 0.262109 0.705729 0.069531 0.073958
0 0.196875 0.703125 0.071875 0.077083
0 0.882031 0.711458 0.065625 0.093750
0 0.457031 0.719271 0.073438 0.092708
0 0.396094 0.721354 0.073438 0.088542
0 0.706250 0.752604 0.064062 0.098958
0 0.347656 0.760938 0.064062 0.078125
0 0.840625 0.764583 0.065625 0.091667
0 0.441406 0.780729 0.070312 0.084375
0 0.773438 0.783333 0.070312 0.085417
0 0.389844 0.804167 0.067187 0.091667
0 0.741016 0.830729 0.064844 0.092708
0 0.798047 0.856771 0.066406 0.088542
0 0.444531 0.858333 0.064062 0.085417
0 0.757422 0.905729 0.066406 0.080208
0 0.474219 0.937500 0.067187 0.093750
0 0.805078 0.940104 0.064844 0.088542
1 0.503906 0.547917 0.068750 0.100000
