0 0.313672 0.751042 0.069531 0.083333
0 0.437891 0.914062 0.063281 0.063542
0 0.702344 0.100000 0.076563 0.087500
0 0.391016 0.218750 0.063281 0.095833
0 0.366797 0.344792 0.063281 0.085417
0 0.950781 0.296875 0.062500 0.081250
0 0.195703 0.628125 0.060156 0.083333
0 0.379688 0.584375 0.064062 0.079167
0 0.577734 0.441667 0.069531 0.064583
0 0.719531 0.038021 0.065625 0.076042
0 0.034375 0.043229 0.068750 0.086458
0 0.805859 0.050000 0.063281 0.083333
0 0.638281 0.053125 0.075000 0.091667
0 0.150781 0.055729 0.073438 0.090625
0 0.515625 0.064062 0.071875 0.096875
0 0.461719 0.086979 0.067187 0.086458
0 0.273047 0.100521 0.058594 0.076042
0 0.574219 0.103125 0.068750 0.091667
0 0.057031 0.109375 0.062500 0.083333
0 0.840625 0.129167 0.064062 0.087500
0 0.192578 0.136458 0.069531 0.081250
0 0.435937 0.153646 0.067187 0.090625
0 0.516406 0.158854 0.070312 0.076042
0 0.280469 0.175000 0.068750 0.091667
0 0.028906 0.183854 0.057813 0.088542
0 0.732812 0.181250 0.068750 0.093750
0 0.081641 0.184375 0.069531 0.091667
0 0.237500 0.199479 0.068750 0.103125
0 0.146094 0.201563 0.067187 0.086458
0 0.858203 0.213542 0.064844 0.091667
0 0.799609 0.217708 0.063281 0.085417
0 0.550781 0.218229 0.059375 0.094792
0 0.605859 0.226042 0.061719 0.081250
0 0.200391 0.231250 0.066406 0.083333
0 0.503516 0.238542 0.066406 0.091667
0 0.323828 0.240625 0.067969 0.081250
0 0.441406 0.241667 0.064062 0.093750
0 0.894531 0.266667 0.059375 0.077083
0 0.693750 0.270833 0.064062 0.083333
0 0.765234 0.277083 0.067969 0.085417
0 0.098047 0.281250 0.061719 0.091667
0 0.258984 0.285417 0.067969 0.085417
0 0.580859 0.292187 0.061719 0.094792
0 0.639062 0.289583 0.060937 0.087500
0 0.530859 0.302604 0.050781 0.092708
0 0.811719 0.307812 0.076563 0.076042
0 0.189453 0.307292 0.074219 0.077083
0 0.506641 0.311458 0.047656 0.079167
0 0.422266 0.322917 0.063281 0.085417
0 0.919922 0.353125 0.064844 0.081250
0 0.310547 0.359375 0.063281 0.079167
0 0.751953 0.352083 0.066406 0.079167
0 0.235156 0.360938 0.056250 0.078125
0 0.476562 0.339062 0.068750 0.063542
0 0.555469 0.368229 0.076563 0.088542
0 0.116797 0.379688 0.067969 0.086458
0 0.854297 0.398958 0.064844 0.087500
0 0.428516 0.400521 0.069531 0.084375
0 0.195703 0.407813 0.067969 0.073958
0 0.516797 0.418750 0.052344 0.089583
0 0.280859 0.423438 0.071094 0.084375
0 0.916406 0.418750 0.070312 0.083333
0 0.639844 0.424479 0.060937 0.078125
0 0.137891 0.440104 0.077344 0.086458
0 0.828125 0.445312 0.051562 0.086458
0 0.327344 0.465625 0.076563 0.085417
0 0.889844 0.464583 0.076563 0.083333
0 0.409375 0.464583 0.064062 0.087500
0 0.719141 0.472396 0.067969 0.082292
0 0.477344 0.476042 0.073438 0.091667
0 0.219531 0.478646 0.079687 0.094792
0 0.046094 0.493750 0.065625 0.093750
0 0.109375 0.497917 0.064062 0.087500
0 0.653516 0.501042 0.067969 0.089583
0 0.587891 0.520312 0.067969 0.096875
0 0.751563 0.519792 0.068750 0.083333
0 0.526172 0.530729 0.066406 0.090625
0 0.344922 0.533333 0.061719 0.066667
0 0.332031 0.552083 0.053125 0.062500
0 0.696875 0.551562 0.071875 0.092708
0 0.971875 0.548438 0.064062 0.082292
0 0.463281 0.553125 0.070312 0.079167
0 0.221094 0.556250 0.059375 0.083333
0 0.037891 0.569271 0.060156 0.076042
0 0.610156 0.565625 0.089063 0.081250
0 0.289844 0.584896 0.062500 0.082292
0 0.117969 0.600000 0.071875 0.083333
0 0.539062 0.609896 0.060937 0.080208
0 0.660156 0.613542 0.068750 0.093750
0 0.251563 0.632812 0.059375 0.088542
0 0.589063 0.641667 0.070312 0.091667
0 0.137109 0.673438 0.067969 0.080208
0 0.689453 0.677083 0.066406 0.089583
0 0.551172 0.691667 0.069531 0.091667
0 0.077734 0.694792 0.057031 0.075000
0 0.032031 0.722917 0.064062 0.087500
0 0.409375 0.723437 0.068750 0.086458
0 0.169531 0.735938 0.071875 0.084375
0 0.250000 0.743229 0.064062 0.084375
0 0.587500 0.732812 0.065625 0.067708
0 0.691016 0.754687 0.063281 0.076042
0 0.466016 0.765104 0.063281 0.082292
0 0.067969 0.770833 0.068750 0.087500
0 0.139453 0.783854 0.072656 0.082292
0 0.636719 0.759375 0.068750 0.072917
0 0.416797 0.790625 0.052344 0.070833
0 0.217578 0.806771 0.074219 0.094792
0 0.299609 0.836979 0.063281 0.107292
0 0.687109 0.828125 0.064844 0.081250
0 0.101953 0.828646 0.066406 0.084375
0 0.361719 0.835417 0.067187 0.089583
0 0.043750 0.842187 0.065625 0.086458
0 0.739453 0.844271 0.050781 0.069792
0 0.164062 0.852083 0.070312 0.089583
0 0.408594 0.861979 0.070312 0.080208
0 0.967578 0.865625 0.060156 0.081250
0 0.257031 0.864583 0.065625 0.083333
0 0.503906 0.870313 0.068750 0.082292
0 0.089844 0.904687 0.076563 0.090625
0 0.334375 0.904167 0.065625 0.083333
0 0.766406 0.914062 0.062500 0.073958
0 0.030469 0.921354 0.060937 0.084375
0 0.572656 0.922396 0.078125 0.082292
0 0.516016 0.952083 0.066406 0.083333
0 0.120313 0.955729 0.070312 0.090625
0 0.713672 0.954167 0.058594 0.072917
0 0.220703 0.960417 0.063281 0.083333
4 0.630469 0.693750 0.084375 0.114583
