0 0.747656 0.624479 0.053125 0.073958
0 0.739453 0.540104 0.063281 0.094792
0 0.893750 0.543750 0.051562 0.093750
0 0.648828 0.326042 0.052344 0.097917
0 0.246484 0.572917 0.055469 0.077083
0 0.499219 0.038021 0.060937 0.076042
0 0.282422 0.041146 0.064844 0.082292
0 0.092188 0.042708 0.068750 0.085417
0 0.827734 0.040104 0.074219 0.080208
0 0.766797 0.059375 0.063281 0.108333
0 0.875781 0.059375 0.064062 0.089583
0 0.033984 0.066146 0.067969 0.084375
0 0.942969 0.066667 0.068750 0.091667
0 0.549609 0.074479 0.064844 0.094792
0 0.610547 0.072917 0.067969 0.095833
0 0.142578 0.082812 0.066406 0.090625
0 0.199219 0.083854 0.053125 0.071875
0 0.822266 0.105729 0.069531 0.086458
0 0.082031 0.116667 0.064062 0.083333
0 0.731250 0.129167 0.062500 0.077083
0 0.243750 0.142708 0.062500 0.079167
0 0.869922 0.145313 0.061719 0.084375
0 0.178906 0.151042 0.073438 0.095833
0 0.634766 0.155208 0.067969 0.085417
0 0.121094 0.174479 0.065625 0.103125
0 0.546094 0.190625 0.051562 0.087500
0 0.733203 0.205729 0.058594 0.080208
0 0.032031 0.223438 0.064062 0.084375
0 0.169922 0.226042 0.060156 0.077083
0 0.682031 0.220833 0.059375 0.095833
0 0.228906 0.228646 0.071875 0.103125
0 0.630078 0.233854 0.061719 0.084375
0 0.079297 0.238021 0.058594 0.086458
0 0.952734 0.268229 0.064844 0.096875
0 0.551953 0.267188 0.064844 0.086458
0 0.890625 0.276562 0.062500 0.088542
0 0.378906 0.279167 0.073438 0.089583
0 0.314844 0.294792 0.065625 0.102083
0 0.751172 0.283333 0.061719 0.079167
0 0.136328 0.296354 0.060156 0.101042
0 0.824219 0.296354 0.073438 0.094792
0 0.599609 0.295312 0.057031 0.088542
0 0.208203 0.305729 0.053906 0.088542
0 0.262500 0.309896 0.062500 0.086458
0 0.975391 0.317708 0.057031 0.083333
0 0.506641 0.323437 0.061719 0.082292
0 0.052344 0.343750 0.062500 0.083333
0 0.915625 0.344792 0.071875 0.089583
0 0.364844 0.346354 0.067187 0.082292
0 0.423047 0.362500 0.069531 0.095833
0 0.784375 0.360938 0.062500 0.096875
0 0.857422 0.377083 0.067969 0.083333
0 0.105469 0.368229 0.062500 0.111458
0 0.286328 0.383854 0.069531 0.090625
0 0.527734 0.386979 0.063281 0.088542
0 0.067578 0.413542 0.072656 0.085417
0 0.389453 0.430208 0.100781 0.106250
0 0.894922 0.432812 0.061719 0.092708
0 0.834375 0.441146 0.068750 0.080208
0 0.769531 0.448958 0.065625 0.085417
0 0.319141 0.448437 0.063281 0.088542
0 0.613672 0.458854 0.072656 0.073958
0 0.455859 0.474479 0.069531 0.098958
0 0.108594 0.477083 0.070312 0.097917
0 0.555469 0.479167 0.068750 0.091667
0 0.958594 0.476042 0.062500 0.089583
0 0.052734 0.489063 0.058594 0.082292
0 0.684766 0.493750 0.071094 0.081250
0 0.838672 0.508333 0.066406 0.097917
0 0.351953 0.500521 0.057031 0.067708
0 0.405078 0.504167 0.071094 0.097917
0 0.783203 0.524479 0.060156 0.086458
0 0.505469 0.521354 0.064062 0.094792
0 0.291406 0.525521 0.065625 0.092708
0 0.190625 0.537500 0.060937 0.079167
0 0.085938 0.548438 0.064062 0.086458
0 0.140234 0.554688 0.055469 0.088542
0 0.044531 0.572396 0.060937 0.096875
0 0.458984 0.573958 0.063281 0.089583
0 0.550391 0.576562 0.067969 0.103125
0 0.953516 0.579167 0.060156 0.083333
0 0.799219 0.604167 0.062500 0.095833
0 0.399609 0.616146 0.058594 0.090625
0 0.904297 0.618229 0.058594 0.082292
0 0.089453 0.625521 0.064844 0.080208
0 0.509375 0.631250 0.062500 0.081250
0 0.192969 0.632292 0.057813 0.081250
0 0.274609 0.636979 0.063281 0.080208
0 0.142578 0.648958 0.061719 0.110417
0 0.332031 0.651563 0.062500 0.092708
0 0.582812 0.657292 0.065625 0.089583
0 0.701953 0.671875 0.072656 0.075000
0 0.045312 0.664583 0.065625 0.091667
0 0.637109 0.676562 0.063281 0.105208
0 0.962891 0.669271 0.066406 0.086458
0 0.819141 0.688021 0.061719 0.080208
0 0.102734 0.693229 0.063281 0.080208
0 0.909375 0.701042 0.065625 0.089583
0 0.411328 0.703125 0.069531 0.091667
0 0.524219 0.705208 0.065625 0.083333
0 0.226562 0.708854 0.056250 0.098958
0 0.286719 0.707292 0.067187 0.081250
0 0.665234 0.729167 0.071094 0.091667
0 0.468359 0.729688 0.064844 0.090625
0 0.593750 0.737500 0.065625 0.085417
0 0.955078 0.735417 0.055469 0.079167
0 0.729297 0.734896 0.061719 0.092708
0 0.790234 0.742188 0.066406 0.086458
0 0.042188 0.750521 0.062500 0.090625
0 0.133984 0.750521 0.063281 0.084375
0 0.376172 0.754167 0.058594 0.083333
0 0.320703 0.768229 0.066406 0.088542
0 0.850000 0.774479 0.068750 0.086458
0 0.547656 0.784375 0.065625 0.087500
0 0.087500 0.789062 0.065625 0.090625
0 0.198828 0.793750 0.069531 0.085417
0 0.445703 0.801562 0.057031 0.080208
0 0.399609 0.824479 0.063281 0.084375
0 0.146484 0.830208 0.069531 0.089583
0 0.028516 0.830208 0.057031 0.089583
0 0.504687 0.857812 0.068750 0.063542
0 0.922266 0.847917 0.060156 0.072917
0 0.870313 0.850521 0.060937 0.094792
0 0.069531 0.866667 0.075000 0.089583
0 0.203125 0.872917 0.062500 0.079167
0 0.457813 0.883854 0.076563 0.094792
0 0.278516 0.889062 0.067969 0.090625
0 0.945703 0.922917 0.067969 0.072917
0 0.534375 0.919792 0.067187 0.093750
0 0.898438 0.922917 0.081250 0.085417
0 0.349219 0.932813 0.068750 0.084375
0 0.062891 0.944792 0.060156 0.081250
0 0.435156 0.948438 0.070312 0.088542
0 0.489844 0.956250 0.064062 0.083333
0 0.259766 0.964583 0.064844 0.081250
0 0.182031 0.970313 0.057813 0.069792
2 0.664844 0.570312 0.075000 0.111458
