0 0.468750 0.617188 0.054688 0.076042
0 0.317188 0.616146 0.062500 0.101042
0 0.265234 0.625000 0.063281 0.079167
0 0.396094 0.693229 0.057813 0.088542
0 0.498437 0.684375 0.062500 0.070833
0 0.548047 0.655208 0.057031 0.083333
0 0.480078 0.753646 0.053906 0.078125
0 0.415234 0.755729 0.061719 0.078125
0 0.101562 0.802604 0.076563 0.078125
0 0.677734 0.388542 0.060156 0.089583
0 0.732031 0.397917 0.065625 0.075000
0 0.477734 0.170833 0.060156 0.070833
0 0.472656 0.110937 0.068750 0.076042
0 0.449219 0.079167 0.059375 0.068750
0 0.397266 0.083333 0.061719 0.083333
0 0.427734 0.161458 0.063281 0.072917
0 0.601562 0.079687 0.070312 0.069792
0 0.959766 0.461979 0.057031 0.071875
0 0.896094 0.602604 0.067187 0.082292
0 0.774609 0.616146 0.055469 0.078125
0 0.746094 0.585417 0.056250 0.075000
0 0.729688 0.533333 0.062500 0.085417
0 0.798828 0.521354 0.067969 0.084375
0 0.906250 0.766146 0.051562 0.086458
0 0.918359 0.711979 0.050781 0.073958
0 0.964063 0.711979 0.060937 0.090625
0 0.566016 0.729167 0.042969 0.089583
0 0.443750 0.666667 0.059375 0.095833
0 0.398438 0.577083 0.062500 0.058333
0 0.347266 0.719792 0.066406 0.093750
0 0.371875 0.787500 0.071875 0.079167
0 0.307422 0.684896 0.074219 0.090625
0 0.067578 0.697917 0.069531 0.066667
0 0.047656 0.761458 0.078125 0.081250
0 0.099609 0.752604 0.063281 0.090625
0 0.037109 0.892708 0.055469 0.077083
0 0.057813 0.958333 0.057813 0.077083
0 0.431250 0.034896 0.070312 0.069792
0 0.208984 0.045312 0.066406 0.090625
0 0.155078 0.053646 0.064844 0.078125
0 0.260547 0.063542 0.061719 0.085417
0 0.739453 0.068229 0.061719 0.082292
0 0.900000 0.075521 0.062500 0.088542
0 0.033203 0.082812 0.066406 0.078125
0 0.685547 0.094271 0.060156 0.080208
0 0.964844 0.072917 0.078125 0.131250
0 0.214062 0.105208 0.070312 0.072917
0 0.535937 0.109896 0.062500 0.067708
0 0.324219 0.116667 0.065625 0.100000
0 0.769141 0.122396 0.058594 0.078125
0 0.602734 0.143229 0.060156 0.084375
0 0.040625 0.139063 0.070312 0.084375
0 0.364063 0.146354 0.064062 0.080208
0 0.649609 0.138021 0.060156 0.073958
0 0.817969 0.152083 0.064062 0.081250
0 0.095703 0.158854 0.064844 0.096875
0 0.277734 0.164583 0.058594 0.068750
0 0.970703 0.167708 0.066406 0.079167
0 0.187891 0.182292 0.071094 0.112500
0 0.878516 0.182292 0.052344 0.095833
0 0.651172 0.194271 0.053906 0.071875
0 0.919141 0.185417 0.052344 0.102083
0 0.956641 0.190625 0.052344 0.075000
0 0.135937 0.198958 0.060937 0.083333
0 0.683594 0.196875 0.062500 0.083333
0 0.037891 0.205208 0.063281 0.081250
0 0.627734 0.206250 0.061719 0.085417
0 0.229297 0.210938 0.064844 0.076042
0 0.491797 0.225000 0.072656 0.087500
0 0.960938 0.239063 0.067187 0.082292
0 0.283203 0.221354 0.067969 0.084375
0 0.455469 0.256771 0.070312 0.082292
0 0.703125 0.257292 0.092188 0.087500
0 0.278125 0.289062 0.071875 0.094792
0 0.039844 0.298438 0.079687 0.128125
0 0.659766 0.283854 0.061719 0.094792
0 0.324219 0.282813 0.054688 0.103125
0 0.921875 0.286458 0.065625 0.091667
0 0.121094 0.290625 0.064062 0.085417
0 0.869141 0.301563 0.064844 0.082292
0 0.564063 0.302604 0.060937 0.086458
0 0.721875 0.320833 0.068750 0.083333
0 0.163672 0.337500 0.064844 0.089583
0 0.369531 0.334896 0.071875 0.111458
0 0.963672 0.343750 0.080469 0.127083
0 0.581250 0.360938 0.073438 0.088542
0 0.337500 0.366667 0.054688 0.072917
0 0.810937 0.368229 0.060937 0.082292
0 0.396484 0.374479 0.074219 0.090625
0 0.904297 0.374479 0.061719 0.092708
0 0.080469 0.383854 0.065625 0.088542
0 0.857422 0.389062 0.057031 0.088542
0 0.208203 0.396875 0.061719 0.085417
0 0.609375 0.401042 0.068750 0.095833
0 0.035156 0.414583 0.070312 0.083333
0 0.476562 0.403646 0.071875 0.090625
0 0.538281 0.445312 0.067187 0.078125
0 0.700781 0.461458 0.068750 0.075000
0 0.818359 0.450521 0.069531 0.076042
0 0.228906 0.458333 0.064062 0.087500
0 0.460156 0.489063 0.082812 0.092708
0 0.561719 0.499479 0.062500 0.082292
0 0.032031 0.509375 0.064062 0.087500
0 0.197656 0.515104 0.064062 0.090625
0 0.514453 0.526042 0.067969 0.091667
0 0.263672 0.530208 0.064844 0.093750
0 0.357422 0.533854 0.053906 0.096875
0 0.600000 0.539062 0.071875 0.084375
0 0.859766 0.554688 0.064844 0.096875
0 0.963672 0.552604 0.080469 0.090625
0 0.053906 0.569271 0.071875 0.086458
0 0.162891 0.598958 0.061719 0.077083
0 0.075391 0.631250 0.069531 0.083333
0 0.969531 0.638542 0.065625 0.077083
0 0.154688 0.660417 0.060937 0.077083
0 0.596875 0.663021 0.050000 0.088542
0 0.783203 0.680729 0.072656 0.078125
0 0.160156 0.691146 0.050000 0.069792
0 0.200781 0.684375 0.054688 0.093750
0 0.635156 0.691667 0.071875 0.089583
0 0.241797 0.723958 0.057031 0.095833
0 0.285938 0.732812 0.054688 0.084375
0 0.147266 0.734896 0.064844 0.086458
0 0.667188 0.740104 0.096875 0.109375
0 0.791016 0.743750 0.058594 0.083333
0 0.205078 0.754167 0.066406 0.085417
0 0.735938 0.771354 0.082812 0.103125
0 0.640625 0.821354 0.065625 0.096875
0 0.299219 0.836458 0.057813 0.087500
0 0.693359 0.834896 0.064844 0.084375
0 0.593750 0.846354 0.065625 0.076042
0 0.347266 0.856250 0.066406 0.091667
0 0.479687 0.857812 0.062500 0.109375
0 0.109375 0.873958 0.084375 0.089583
0 0.507422 0.871875 0.057031 0.095833
0 0.208203 0.880729 0.067969 0.084375
0 0.141016 0.903646 0.077344 0.088542
0 0.266406 0.909896 0.064062 0.084375
0 0.526172 0.909375 0.060156 0.100000
0 0.821094 0.918229 0.057813 0.076042
0 0.562109 0.923438 0.064844 0.098958
0 0.789453 0.965625 0.072656 0.079167
0 0.601562 0.958333 0.095312 0.093750
2 0.557422 0.237500 0.077344 0.083333
