0 0.096875 0.597396 0.060937 0.084375
0 0.623047 0.963021 0.069531 0.073958
0 0.048828 0.051042 0.053906 0.102083
0 0.396484 0.065625 0.067969 0.081250
0 0.457813 0.068229 0.064062 0.076042
0 0.432422 0.126562 0.069531 0.092708
0 0.372656 0.134375 0.059375 0.089583
0 0.026953 0.188542 0.053906 0.091667
0 0.407422 0.192708 0.067969 0.093750
0 0.356641 0.219792 0.060156 0.087500
0 0.393750 0.281250 0.065625 0.091667
0 0.046875 0.267708 0.046875 0.106250
0 0.332422 0.296354 0.063281 0.090625
0 0.355859 0.347917 0.066406 0.093750
0 0.054297 0.396875 0.052344 0.072917
0 0.307812 0.389583 0.065625 0.095833
0 0.267578 0.460938 0.064844 0.082292
0 0.050391 0.480208 0.057031 0.093750
0 0.098047 0.484375 0.057031 0.085417
0 0.187109 0.533333 0.072656 0.087500
0 0.069922 0.546354 0.063281 0.082292
0 0.029297 0.553646 0.058594 0.086458
0 0.152344 0.582292 0.059375 0.081250
0 0.134766 0.656771 0.064844 0.092708
0 0.951562 0.697396 0.046875 0.063542
0 0.880859 0.725000 0.064844 0.091667
0 0.029687 0.727604 0.059375 0.113542
0 0.106641 0.731771 0.063281 0.090625
0 0.050391 0.759375 0.063281 0.085417
0 0.812500 0.790104 0.060937 0.101042
0 0.923828 0.787500 0.075781 0.104167
0 0.651172 0.797396 0.066406 0.082292
0 0.571875 0.811979 0.053125 0.090625
0 0.862500 0.802083 0.062500 0.102083
0 0.080469 0.811979 0.060937 0.090625
0 0.760938 0.812500 0.065625 0.093750
0 0.705078 0.827083 0.058594 0.104167
0 0.829297 0.870313 0.066406 0.084375
0 0.758203 0.886979 0.078906 0.084375
0 0.705078 0.914062 0.063281 0.084375
0 0.035156 0.894271 0.070312 0.121875
0 0.863281 0.927083 0.073438 0.072917
0 0.786719 0.930208 0.078125 0.093750
0 0.733594 0.967187 0.060937 0.076042
