0 0.750781 0.460938 0.065625 0.084375
0 0.491016 0.706771 0.064844 0.076042
0 0.373828 0.944792 0.057031 0.066667
0 0.890234 0.934375 0.055469 0.070833
0 0.948828 0.164062 0.052344 0.076042
0 0.140625 0.219792 0.064062 0.083333
0 0.329297 0.033333 0.057031 0.066667
0 0.710547 0.036979 0.057031 0.073958
0 0.186328 0.032292 0.060156 0.064583
0 0.551172 0.043229 0.085156 0.086458
0 0.491406 0.047396 0.060937 0.080208
0 0.780859 0.047396 0.053906 0.071875
0 0.901172 0.058333 0.060156 0.075000
0 0.845703 0.065625 0.055469 0.072917
0 0.315234 0.088542 0.060156 0.081250
0 0.165625 0.091146 0.062500 0.082292
0 0.643359 0.101562 0.057031 0.076042
0 0.212109 0.122396 0.066406 0.086458
0 0.733203 0.119792 0.055469 0.072917
0 0.490625 0.127083 0.060937 0.079167
0 0.388281 0.131250 0.060937 0.079167
0 0.854688 0.136979 0.064062 0.078125
0 0.799609 0.143750 0.061719 0.081250
0 0.103125 0.177604 0.056250 0.073958
0 0.350781 0.188542 0.059375 0.079167
0 0.457422 0.188021 0.057031 0.073958
0 0.227344 0.188021 0.067187 0.078125
0 0.570312 0.193750 0.057813 0.081250
0 0.050391 0.196354 0.060156 0.078125
0 0.840234 0.214062 0.055469 0.078125
0 0.396094 0.238021 0.059375 0.078125
0 0.251172 0.241146 0.055469 0.073958
0 0.645703 0.253125 0.061719 0.079167
0 0.316797 0.262500 0.055469 0.077083
0 0.511328 0.261979 0.060156 0.084375
0 0.041016 0.267188 0.060156 0.078125
0 0.178125 0.272917 0.071875 0.081250
0 0.572266 0.279687 0.061719 0.082292
0 0.826562 0.284896 0.059375 0.080208
0 0.358984 0.307292 0.057031 0.075000
0 0.106250 0.308854 0.059375 0.078125
0 0.883984 0.308854 0.060156 0.071875
0 0.621094 0.327604 0.064062 0.082292
0 0.182422 0.338542 0.066406 0.066667
0 0.673438 0.347396 0.065625 0.084375
0 0.484766 0.350000 0.060156 0.079167
0 0.328906 0.370312 0.059375 0.080208
0 0.883594 0.381771 0.059375 0.080208
0 0.166797 0.388021 0.064844 0.078125
0 0.438672 0.395313 0.057031 0.080208
0 0.943359 0.438542 0.061719 0.081250
0 0.137500 0.437500 0.054688 0.079167
0 0.358594 0.442188 0.064062 0.080208
0 0.645312 0.446875 0.062500 0.085417
0 0.221875 0.455729 0.060937 0.073958
0 0.306250 0.458854 0.054688 0.076042
0 0.104688 0.482812 0.054688 0.069792
0 0.464844 0.494271 0.053125 0.069792
0 0.569141 0.495833 0.058594 0.079167
0 0.158594 0.503125 0.057813 0.072917
0 0.056250 0.511979 0.057813 0.076042
0 0.809375 0.555208 0.059375 0.077083
0 0.468359 0.559375 0.053906 0.075000
0 0.028125 0.563542 0.056250 0.083333
0 0.331250 0.570312 0.054688 0.073958
0 0.607422 0.574479 0.063281 0.082292
0 0.158203 0.578125 0.057031 0.081250
0 0.215234 0.580208 0.060156 0.075000
0 0.759375 0.584375 0.062500 0.081250
0 0.105078 0.597396 0.060156 0.078125
0 0.417578 0.600000 0.055469 0.075000
0 0.695703 0.603125 0.049219 0.083333
0 0.855859 0.601562 0.063281 0.082292
0 0.558203 0.615625 0.060156 0.079167
0 0.343750 0.643750 0.060937 0.077083
0 0.214062 0.649479 0.056250 0.073958
0 0.655859 0.657813 0.058594 0.076042
0 0.883203 0.671875 0.071094 0.081250
0 0.387891 0.674479 0.053906 0.069792
0 0.739453 0.676042 0.053906 0.070833
0 0.598047 0.678646 0.060156 0.076042
0 0.968750 0.696875 0.060937 0.077083
0 0.127734 0.702604 0.067969 0.067708
0 0.824609 0.708854 0.061719 0.084375
0 0.708203 0.727083 0.050781 0.070833
0 0.347656 0.742188 0.054688 0.082292
0 0.638281 0.756250 0.057813 0.079167
0 0.166016 0.762500 0.060156 0.079167
0 0.089844 0.768229 0.062500 0.080208
0 0.952344 0.767188 0.064062 0.082292
0 0.255078 0.777604 0.060156 0.080208
0 0.567187 0.783854 0.057813 0.076042
0 0.458203 0.789583 0.057031 0.083333
0 0.742969 0.793229 0.054688 0.076042
0 0.801562 0.800000 0.057813 0.072917
0 0.972656 0.835938 0.059375 0.073958
0 0.067969 0.838542 0.053125 0.070833
0 0.883984 0.842708 0.053906 0.072917
0 0.026172 0.850000 0.052344 0.075000
0 0.184766 0.851042 0.061719 0.083333
0 0.500000 0.855729 0.060937 0.082292
0 0.710156 0.858333 0.059375 0.085417
0 0.120313 0.860417 0.060937 0.079167
0 0.276562 0.861979 0.064062 0.084375
0 0.758594 0.868229 0.062500 0.082292
0 0.648828 0.884896 0.053906 0.071875
0 0.415234 0.891146 0.058594 0.073958
0 0.328516 0.901042 0.061719 0.079167
0 0.544531 0.902083 0.057813 0.077083
0 0.228906 0.905208 0.059375 0.079167
0 0.467187 0.918750 0.064062 0.079167
0 0.029687 0.927083 0.059375 0.075000
0 0.790234 0.928125 0.061719 0.075000
0 0.131641 0.932813 0.060156 0.073958
0 0.680078 0.942708 0.055469 0.070833
0 0.626563 0.944792 0.046875 0.079167
2 0.378906 0.522917 0.075000 0.085417
