0 0.528516 0.843750 0.052344 0.072917
0 0.585156 0.859896 0.048438 0.067708
0 0.412500 0.568229 0.054688 0.082292
0 0.440234 0.317188 0.041406 0.084375
0 0.307031 0.384896 0.054688 0.071875
0 0.183984 0.154688 0.057031 0.067708
0 0.158984 0.095833 0.055469 0.064583
0 0.279687 0.076563 0.056250 0.073958
0 0.436719 0.891146 0.045312 0.059375
0 0.819531 0.889583 0.068750 0.062500
0 0.907813 0.961979 0.057813 0.063542
0 0.953125 0.776563 0.039062 0.078125
0 0.900391 0.559896 0.066406 0.073958
0 0.923047 0.617708 0.067969 0.066667
0 0.946484 0.338542 0.060156 0.085417
0 0.935547 0.203125 0.061719 0.070833
0 0.922656 0.279167 0.054688 0.062500
0 0.724609 0.319271 0.047656 0.057292
0 0.415625 0.049479 0.060937 0.069792
0 0.360547 0.048958 0.055469 0.077083
0 0.572266 0.043750 0.061719 0.087500
0 0.930859 0.043750 0.075781 0.087500
0 0.671484 0.059896 0.080469 0.119792
0 0.616016 0.068750 0.055469 0.085417
0 0.971484 0.073958 0.064844 0.075000
0 0.103125 0.117188 0.068750 0.082292
0 0.510547 0.129167 0.053906 0.083333
0 0.477344 0.140625 0.056250 0.089583
0 0.352734 0.156250 0.055469 0.072917
0 0.558594 0.176042 0.056250 0.075000
0 0.087891 0.181250 0.063281 0.087500
0 0.130859 0.213021 0.064844 0.086458
0 0.448437 0.227604 0.059375 0.080208
0 0.025391 0.259375 0.050781 0.079167
0 0.060547 0.262500 0.058594 0.085417
0 0.498047 0.275000 0.063281 0.087500
0 0.637891 0.332292 0.058594 0.072917
0 0.860938 0.325521 0.068750 0.101042
0 0.806250 0.349479 0.067187 0.088542
0 0.748047 0.364063 0.063281 0.090625
0 0.044141 0.367708 0.069531 0.104167
0 0.782422 0.399479 0.061719 0.107292
0 0.091406 0.389062 0.057813 0.084375
0 0.582031 0.389062 0.070312 0.080208
0 0.650781 0.394792 0.090625 0.095833
0 0.882031 0.400000 0.089063 0.089583
0 0.182031 0.401042 0.059375 0.079167
0 0.031250 0.447917 0.062500 0.102083
0 0.385547 0.456250 0.063281 0.112500
0 0.548438 0.456250 0.056250 0.077083
0 0.142969 0.458333 0.067187 0.072917
0 0.215625 0.468229 0.071875 0.107292
0 0.473438 0.468750 0.068750 0.081250
0 0.691797 0.462500 0.074219 0.112500
0 0.818750 0.470313 0.060937 0.090625
0 0.745313 0.484375 0.059375 0.081250
0 0.616406 0.498437 0.064062 0.084375
0 0.918750 0.501042 0.065625 0.087500
0 0.048828 0.501042 0.063281 0.077083
0 0.780469 0.527083 0.065625 0.081250
0 0.555469 0.550000 0.062500 0.089583
0 0.056641 0.554688 0.061719 0.063542
0 0.251563 0.554688 0.051562 0.092708
0 0.288672 0.556771 0.047656 0.092708
0 0.330469 0.569792 0.060937 0.087500
0 0.769531 0.591667 0.067187 0.083333
0 0.183594 0.594271 0.078125 0.086458
0 0.504687 0.601562 0.065625 0.088542
0 0.960156 0.635938 0.087500 0.128125
0 0.557813 0.624479 0.053125 0.092708
0 0.516406 0.631250 0.064062 0.083333
0 0.219141 0.638542 0.066406 0.083333
0 0.336719 0.640625 0.070312 0.087500
0 0.842187 0.652083 0.051562 0.087500
0 0.742188 0.649479 0.065625 0.090625
0 0.588672 0.663021 0.094531 0.107292
0 0.932813 0.688021 0.062500 0.076042
0 0.713281 0.684375 0.067187 0.079167
0 0.264453 0.692187 0.066406 0.092708
0 0.642188 0.700000 0.075000 0.089583
0 0.441797 0.694271 0.071094 0.123958
0 0.772266 0.707812 0.060156 0.080208
0 0.511719 0.732292 0.056250 0.077083
0 0.820312 0.728125 0.065625 0.095833
0 0.136328 0.731771 0.071094 0.101042
0 0.471484 0.740625 0.063281 0.093750
0 0.866016 0.750521 0.061719 0.094792
0 0.557813 0.756771 0.073438 0.096875
0 0.704688 0.755729 0.092188 0.096875
0 0.292578 0.761979 0.069531 0.096875
0 0.911719 0.763021 0.057813 0.092708
0 0.172656 0.769792 0.057813 0.079167
0 0.242578 0.789062 0.069531 0.090625
0 0.342969 0.802604 0.065625 0.115625
0 0.690234 0.816667 0.071094 0.072917
0 0.106641 0.815104 0.071094 0.082292
0 0.868750 0.835938 0.062500 0.107292
0 0.912109 0.847917 0.047656 0.062500
0 0.386328 0.863021 0.063281 0.090625
0 0.036719 0.853646 0.073438 0.119792
0 0.276562 0.865625 0.067187 0.091667
0 0.741016 0.868229 0.066406 0.092708
0 0.640625 0.867188 0.064062 0.088542
0 0.185547 0.873958 0.066406 0.075000
0 0.260937 0.931771 0.057813 0.080208
0 0.849609 0.961458 0.057031 0.079167
1 0.169922 0.501563 0.063281 0.078125
2 0.475391 0.579688 0.066406 0.078125
2 0.650391 0.694792 0.058594 0.079167
