0 0.444141 0.833333 0.064844 0.075000
0 0.528906 0.808333 0.068750 0.083333
0 0.580078 0.663021 0.050781 0.084375
0 0.845313 0.516667 0.051562 0.072917
0 0.839453 0.872917 0.063281 0.077083
0 0.581641 0.765104 0.071094 0.069792
0 0.317188 0.120833 0.062500 0.077083
0 0.740234 0.089583 0.063281 0.070833
0 0.865625 0.037500 0.067187 0.075000
0 0.032422 0.037500 0.064844 0.075000
0 0.534375 0.038021 0.062500 0.076042
0 0.116406 0.040104 0.064062 0.080208
0 0.341016 0.039583 0.060156 0.079167
0 0.795312 0.040104 0.065625 0.080208
0 0.466016 0.045833 0.066406 0.091667
0 0.395313 0.046875 0.064062 0.093750
0 0.697656 0.051562 0.067187 0.084375
0 0.076563 0.084896 0.056250 0.084375
0 0.618750 0.089583 0.068750 0.091667
0 0.950781 0.083854 0.056250 0.080208
0 0.893359 0.090625 0.061719 0.093750
0 0.131641 0.096354 0.057031 0.078125
0 0.262891 0.095312 0.064844 0.076042
0 0.553906 0.092708 0.064062 0.089583
0 0.031250 0.100000 0.062500 0.079167
0 0.433203 0.104688 0.069531 0.092708
0 0.179688 0.118750 0.059375 0.077083
0 0.793359 0.118229 0.061719 0.094792
0 0.853125 0.135937 0.060937 0.092708
0 0.369531 0.147917 0.067187 0.095833
0 0.487109 0.149479 0.067969 0.090625
0 0.637500 0.182292 0.059375 0.062500
0 0.735938 0.163021 0.065625 0.082292
0 0.243359 0.165104 0.067969 0.080208
0 0.920703 0.164062 0.060156 0.080208
0 0.569141 0.171875 0.061719 0.077083
0 0.032031 0.181250 0.064062 0.085417
0 0.417578 0.192708 0.069531 0.089583
0 0.167969 0.189583 0.060937 0.081250
0 0.684766 0.190104 0.058594 0.082292
0 0.817187 0.200521 0.067187 0.082292
0 0.111328 0.207292 0.064844 0.087500
0 0.964453 0.214062 0.071094 0.088542
0 0.352344 0.228646 0.065625 0.084375
0 0.266016 0.234375 0.067969 0.085417
0 0.889844 0.234896 0.064062 0.086458
0 0.551953 0.248438 0.063281 0.086458
0 0.439453 0.251563 0.071094 0.080208
0 0.726562 0.255208 0.067187 0.091667
0 0.665625 0.263021 0.068750 0.090625
0 0.496484 0.266146 0.060156 0.084375
0 0.794531 0.281771 0.062500 0.090625
0 0.046875 0.281250 0.065625 0.081250
0 0.110547 0.279687 0.064844 0.078125
0 0.948828 0.287500 0.060156 0.081250
0 0.230078 0.292708 0.071094 0.087500
0 0.296875 0.302604 0.056250 0.073958
0 0.351172 0.305208 0.057031 0.072917
0 0.591016 0.324479 0.057031 0.109375
0 0.877344 0.317188 0.065625 0.088542
0 0.637891 0.321875 0.050781 0.079167
0 0.158203 0.325521 0.057031 0.073958
0 0.431641 0.332292 0.066406 0.085417
0 0.490625 0.346354 0.062500 0.082292
0 0.033203 0.358333 0.066406 0.087500
0 0.823438 0.358854 0.060937 0.082292
0 0.096484 0.359375 0.063281 0.089583
0 0.972266 0.363542 0.063281 0.085417
0 0.710938 0.371875 0.062500 0.087500
0 0.306250 0.372917 0.060937 0.077083
0 0.221484 0.371875 0.071094 0.087500
0 0.559766 0.375521 0.064844 0.080208
0 0.411719 0.405729 0.064062 0.076042
0 0.619922 0.409375 0.072656 0.087500
0 0.175781 0.419792 0.065625 0.093750
0 0.502344 0.420833 0.068750 0.089583
0 0.768750 0.438542 0.062500 0.106250
0 0.073438 0.439583 0.064062 0.081250
0 0.829297 0.441146 0.061719 0.082292
0 0.285938 0.440625 0.060937 0.087500
0 0.899609 0.455729 0.069531 0.086458
0 0.358984 0.481771 0.057031 0.090625
0 0.417187 0.481771 0.065625 0.082292
0 0.598047 0.488021 0.058594 0.088542
0 0.137500 0.491667 0.065625 0.093750
0 0.476953 0.496354 0.061719 0.082292
0 0.694531 0.503646 0.048438 0.076042
0 0.736719 0.501563 0.059375 0.098958
0 0.952734 0.509896 0.072656 0.086458
0 0.032422 0.530208 0.060156 0.093750
0 0.789062 0.536458 0.065625 0.089583
0 0.285156 0.538021 0.056250 0.073958
0 0.641406 0.541146 0.070312 0.084375
0 0.091797 0.542708 0.061719 0.083333
0 0.215234 0.552083 0.063281 0.083333
0 0.416016 0.565104 0.061719 0.084375
0 0.919922 0.570833 0.058594 0.079167
0 0.975000 0.580729 0.057813 0.084375
0 0.537500 0.586979 0.065625 0.088542
0 0.478906 0.610417 0.060937 0.093750
0 0.265234 0.600521 0.067969 0.088542
0 0.612109 0.613021 0.057031 0.090625
0 0.818750 0.601562 0.064062 0.094792
0 0.173437 0.620313 0.057813 0.084375
0 0.337891 0.620833 0.069531 0.087500
0 0.875000 0.631771 0.062500 0.078125
0 0.055469 0.646875 0.064062 0.083333
0 0.285938 0.652604 0.059375 0.073958
0 0.436328 0.657813 0.067969 0.101042
0 0.751172 0.666667 0.060156 0.085417
0 0.691406 0.682292 0.062500 0.077083
0 0.207813 0.683333 0.059375 0.075000
0 0.804297 0.699479 0.064844 0.086458
0 0.536719 0.700521 0.064062 0.092708
0 0.880859 0.708333 0.067969 0.085417
0 0.128906 0.720313 0.057813 0.096875
0 0.311328 0.733854 0.057031 0.076042
0 0.938281 0.743229 0.062500 0.088542
0 0.180859 0.743750 0.055469 0.083333
0 0.687109 0.748437 0.047656 0.069792
0 0.450391 0.749479 0.067969 0.082292
0 0.081641 0.753125 0.064844 0.083333
0 0.837109 0.783854 0.061719 0.084375
0 0.350391 0.790104 0.058594 0.084375
0 0.655469 0.800000 0.065625 0.087500
0 0.760156 0.808333 0.054688 0.079167
0 0.295312 0.810417 0.062500 0.083333
0 0.228125 0.832812 0.060937 0.088542
0 0.074219 0.837500 0.060937 0.093750
0 0.899609 0.840104 0.067969 0.088542
0 0.606250 0.842187 0.065625 0.098958
0 0.375391 0.853125 0.066406 0.083333
0 0.732031 0.880208 0.075000 0.085417
0 0.335156 0.902604 0.062500 0.080208
0 0.207031 0.898958 0.048438 0.085417
0 0.553125 0.905729 0.059375 0.086458
0 0.441016 0.907813 0.063281 0.065625
0 0.042578 0.910937 0.061719 0.086458
0 0.965234 0.895833 0.064844 0.087500
0 0.785937 0.916667 0.065625 0.087500
0 0.508594 0.944271 0.089063 0.121875
0 0.280859 0.942187 0.063281 0.084375
0 0.665234 0.955208 0.063281 0.085417
0 0.863281 0.962500 0.065625 0.085417
0 0.166016 0.960938 0.069531 0.088542
0 0.730859 0.965104 0.072656 0.080208
0 0.363672 0.970313 0.058594 0.069792
0 0.438672 0.970833 0.064844 0.068750
1 0.542578 0.489063 0.057031 0.086458
