0 0.529297 0.570833 0.038281 0.079167
0 0.304297 0.482292 0.063281 0.093750
0 0.287500 0.556250 0.051562 0.083333
0 0.334766 0.579167 0.075781 0.083333
0 0.351562 0.507292 0.059375 0.083333
0 0.599609 0.368229 0.069531 0.076042
0 0.882422 0.360417 0.069531 0.089583
0 0.926172 0.401042 0.072656 0.072917
0 0.828125 0.569271 0.059375 0.101042
0 0.768750 0.558333 0.084375 0.072917
0 0.722656 0.632292 0.053125 0.104167
0 0.413281 0.871875 0.065625 0.100000
0 0.373828 0.850000 0.078906 0.122917
0 0.525391 0.742708 0.055469 0.085417
0 0.087500 0.408854 0.059375 0.088542
0 0.050391 0.578125 0.066406 0.108333
0 0.742578 0.292187 0.063281 0.078125
0 0.679297 0.301563 0.053906 0.080208
0 0.553516 0.052604 0.057031 0.080208
0 0.196484 0.042188 0.075781 0.084375
0 0.660547 0.047396 0.092969 0.094792
0 0.587500 0.046354 0.054688 0.086458
0 0.776953 0.064062 0.063281 0.086458
0 0.034375 0.074479 0.064062 0.088542
0 0.122656 0.079167 0.073438 0.091667
0 0.503125 0.074479 0.078125 0.092708
0 0.274219 0.078646 0.084375 0.088542
0 0.186328 0.098437 0.067969 0.082292
0 0.704297 0.113021 0.053906 0.080208
0 0.527734 0.123438 0.060156 0.082292
0 0.902344 0.121875 0.070312 0.085417
0 0.330859 0.120833 0.064844 0.095833
0 0.087500 0.136458 0.068750 0.085417
0 0.783594 0.141146 0.062500 0.105208
0 0.269141 0.174479 0.069531 0.098958
0 0.684766 0.188021 0.066406 0.088542
0 0.462109 0.200000 0.061719 0.068750
0 0.560547 0.197396 0.066406 0.088542
0 0.621875 0.210417 0.067187 0.087500
0 0.403125 0.219271 0.079687 0.092708
0 0.039062 0.214583 0.078125 0.102083
0 0.833203 0.226562 0.061719 0.098958
0 0.142578 0.238542 0.066406 0.091667
0 0.303125 0.247917 0.076563 0.087500
0 0.702734 0.234896 0.069531 0.065625
0 0.791016 0.247917 0.063281 0.106250
0 0.239844 0.262500 0.060937 0.085417
0 0.934375 0.264583 0.070312 0.091667
0 0.476953 0.275000 0.067969 0.112500
0 0.366406 0.286458 0.075000 0.083333
0 0.617578 0.284375 0.066406 0.091667
0 0.432812 0.284896 0.056250 0.084375
0 0.183594 0.302604 0.070312 0.084375
0 0.968750 0.308854 0.070312 0.084375
0 0.841406 0.320312 0.062500 0.080208
0 0.220703 0.352604 0.072656 0.098958
0 0.097266 0.351042 0.064844 0.077083
0 0.392188 0.355208 0.064062 0.075000
0 0.518750 0.380729 0.064062 0.073958
0 0.702344 0.390625 0.071875 0.079167
0 0.316406 0.394792 0.075000 0.077083
0 0.202734 0.410417 0.077344 0.072917
0 0.857812 0.429688 0.065625 0.084375
0 0.935937 0.449479 0.065625 0.073958
0 0.600000 0.442188 0.062500 0.086458
0 0.039453 0.453646 0.078906 0.094792
0 0.370312 0.456250 0.060937 0.089583
0 0.159375 0.482292 0.065625 0.091667
0 0.471875 0.491667 0.048438 0.079167
0 0.680078 0.499479 0.064844 0.090625
0 0.869922 0.502604 0.066406 0.084375
0 0.512109 0.507812 0.063281 0.090625
0 0.242188 0.514583 0.068750 0.091667
0 0.728906 0.525000 0.075000 0.093750
0 0.889453 0.539583 0.061719 0.075000
0 0.639844 0.543229 0.065625 0.086458
0 0.470703 0.569792 0.066406 0.083333
0 0.148047 0.566667 0.058594 0.108333
0 0.100781 0.603125 0.067187 0.091667
0 0.439063 0.605208 0.062500 0.091667
0 0.208984 0.600521 0.083594 0.088542
0 0.870703 0.615625 0.061719 0.091667
0 0.928516 0.629167 0.060156 0.085417
0 0.029297 0.648958 0.058594 0.110417
0 0.405859 0.636979 0.055469 0.080208
0 0.347266 0.633854 0.052344 0.080208
0 0.668750 0.659375 0.057813 0.102083
0 0.185156 0.653125 0.070312 0.075000
0 0.488672 0.666667 0.060156 0.108333
0 0.612891 0.680208 0.063281 0.100000
0 0.851562 0.700000 0.067187 0.091667
0 0.226172 0.701042 0.075781 0.097917
0 0.441406 0.697917 0.064062 0.093750
0 0.760547 0.701562 0.067969 0.069792
0 0.958594 0.720313 0.090625 0.098958
0 0.353516 0.714583 0.061719 0.083333
0 0.122266 0.715104 0.074219 0.090625
0 0.598437 0.751042 0.064062 0.085417
0 0.180469 0.757812 0.065625 0.094792
0 0.470313 0.753125 0.062500 0.070833
0 0.885156 0.753125 0.068750 0.083333
0 0.761328 0.759375 0.072656 0.081250
0 0.644531 0.780208 0.070312 0.089583
0 0.126953 0.791146 0.067969 0.090625
0 0.916406 0.814583 0.067187 0.087500
0 0.969531 0.827083 0.068750 0.087500
0 0.330469 0.826042 0.064062 0.095833
0 0.670703 0.825000 0.064844 0.097917
0 0.840234 0.829688 0.067969 0.096875
0 0.272656 0.839583 0.065625 0.097917
0 0.032422 0.845833 0.064844 0.091667
0 0.583203 0.855729 0.074219 0.086458
0 0.746875 0.867188 0.064062 0.086458
0 0.464844 0.902604 0.056250 0.073958
0 0.030469 0.907813 0.060937 0.088542
0 0.575000 0.919271 0.056250 0.071875
0 0.800781 0.930729 0.084375 0.090625
0 0.130469 0.927604 0.064062 0.094792
0 0.078906 0.944792 0.067187 0.120833
0 0.150391 0.958854 0.063281 0.092708
0 0.657422 0.969271 0.061719 0.071875
3 0.542188 0.662500 0.070312 0.091667
2 0.512500 0.238542 0.071875 0.097917
