0 0.479297 0.215625 0.060156 0.075000
0 0.521875 0.265104 0.057813 0.078125
0 0.380859 0.156771 0.050781 0.078125
0 0.043750 0.593229 0.056250 0.067708
0 0.051172 0.793229 0.052344 0.071875
0 0.914844 0.954688 0.053125 0.069792
0 0.863672 0.254688 0.057031 0.071875
0 0.230078 0.300521 0.058594 0.069792
0 0.168359 0.036979 0.060156 0.073958
0 0.889062 0.038542 0.059375 0.077083
0 0.234375 0.045312 0.060937 0.090625
0 0.076563 0.042188 0.060937 0.078125
0 0.442969 0.058333 0.062500 0.116667
0 0.934375 0.070312 0.062500 0.080208
0 0.278125 0.073438 0.059375 0.082292
0 0.193359 0.076042 0.057031 0.079167
0 0.123047 0.077083 0.055469 0.072917
0 0.032813 0.090104 0.059375 0.084375
0 0.878125 0.119271 0.065625 0.082292
0 0.787500 0.121354 0.062500 0.073958
0 0.514844 0.133854 0.065625 0.105208
0 0.217578 0.140625 0.058594 0.081250
0 0.066406 0.142708 0.070312 0.089583
0 0.330859 0.144271 0.063281 0.080208
0 0.267578 0.161458 0.057031 0.072917
0 0.943750 0.165104 0.059375 0.084375
0 0.704297 0.170833 0.060156 0.081250
0 0.168750 0.178125 0.068750 0.079167
0 0.106641 0.188542 0.064844 0.079167
0 0.881641 0.186979 0.069531 0.086458
0 0.648438 0.192708 0.065625 0.081250
0 0.775781 0.215625 0.062500 0.085417
0 0.372266 0.228646 0.060156 0.082292
0 0.603516 0.231771 0.069531 0.086458
0 0.226953 0.238542 0.060156 0.087500
0 0.076953 0.236979 0.064844 0.080208
0 0.155859 0.241146 0.061719 0.082292
0 0.816797 0.256250 0.064844 0.089583
0 0.299219 0.277083 0.054688 0.075000
0 0.471094 0.291667 0.057813 0.087500
0 0.069141 0.302083 0.064844 0.083333
0 0.897266 0.315104 0.063281 0.084375
0 0.371484 0.325521 0.061719 0.098958
0 0.323047 0.338542 0.058594 0.087500
0 0.916406 0.376563 0.060937 0.088542
0 0.244141 0.418229 0.061719 0.082292
0 0.820703 0.450000 0.071094 0.085417
0 0.731641 0.456771 0.061719 0.084375
0 0.876172 0.455729 0.064844 0.090625
0 0.430078 0.466667 0.064844 0.081250
0 0.177344 0.473958 0.064062 0.085417
0 0.268359 0.483333 0.063281 0.089583
0 0.690625 0.483333 0.057813 0.079167
0 0.794141 0.515625 0.069531 0.083333
0 0.930469 0.519271 0.062500 0.082292
0 0.360156 0.520312 0.065625 0.094792
0 0.203516 0.526042 0.057031 0.077083
0 0.267578 0.557292 0.066406 0.089583
0 0.138672 0.569792 0.064844 0.083333
0 0.455859 0.578646 0.060156 0.086458
0 0.916016 0.583333 0.057031 0.079167
0 0.189453 0.593229 0.066406 0.088542
0 0.323437 0.597396 0.067187 0.088542
0 0.512891 0.601562 0.066406 0.082292
0 0.853125 0.623958 0.064062 0.081250
0 0.626953 0.636458 0.061719 0.083333
0 0.119141 0.636979 0.064844 0.084375
0 0.969922 0.638542 0.067969 0.087500
0 0.558594 0.637500 0.067187 0.081250
0 0.769141 0.645312 0.066406 0.092708
0 0.885938 0.655729 0.065625 0.103125
0 0.252734 0.661979 0.060156 0.080208
0 0.148438 0.675000 0.062500 0.097917
0 0.456641 0.699479 0.072656 0.088542
0 0.241406 0.733854 0.060937 0.086458
0 0.865625 0.738021 0.065625 0.096875
0 0.535547 0.747396 0.061719 0.086458
0 0.915625 0.736979 0.071875 0.092708
0 0.135547 0.767708 0.063281 0.079167
0 0.450781 0.771875 0.067187 0.087500
0 0.271484 0.780729 0.067969 0.086458
0 0.733594 0.789062 0.073438 0.086458
0 0.911719 0.802083 0.073438 0.070833
0 0.219531 0.803646 0.059375 0.082292
0 0.646094 0.816146 0.067187 0.086458
0 0.416797 0.820312 0.064844 0.086458
0 0.556641 0.820312 0.064844 0.090625
0 0.507812 0.822396 0.056250 0.073958
0 0.855469 0.833854 0.054688 0.092708
0 0.912891 0.835417 0.083594 0.087500
0 0.745313 0.856250 0.071875 0.095833
0 0.696875 0.874479 0.048438 0.086458
0 0.264062 0.886458 0.062500 0.085417
0 0.504687 0.884896 0.064062 0.082292
0 0.571094 0.884896 0.064062 0.082292
0 0.834766 0.901563 0.067969 0.092708
0 0.362109 0.915625 0.061719 0.085417
0 0.767188 0.923958 0.073438 0.091667
0 0.681641 0.953646 0.063281 0.103125
0 0.571484 0.957292 0.071094 0.095833
0 0.417187 0.967187 0.065625 0.076042
2 0.625781 0.740104 0.070312 0.105208
2 0.803125 0.582812 0.075000 0.107292
3 0.390234 0.404687 0.066406 0.103125
1 0.332031 0.824479 0.065625 0.082292
