0 0.074219 0.246354 0.065625 0.088542
0 0.072656 0.419271 0.067187 0.076042
0 0.597656 0.777604 0.065625 0.084375
0 0.730469 0.816667 0.064062 0.072917
0 0.398828 0.037500 0.063281 0.075000
0 0.830469 0.043750 0.064062 0.087500
0 0.798438 0.068229 0.064062 0.088542
0 0.181250 0.074479 0.073438 0.090625
0 0.575781 0.086458 0.076563 0.108333
0 0.404687 0.089063 0.071875 0.084375
0 0.330859 0.087500 0.067969 0.093750
0 0.139844 0.107292 0.067187 0.093750
0 0.254688 0.102083 0.056250 0.075000
0 0.844531 0.128125 0.070312 0.100000
0 0.541797 0.136979 0.072656 0.096875
0 0.721094 0.157812 0.070312 0.063542
0 0.616406 0.157812 0.070312 0.096875
0 0.775781 0.159375 0.054688 0.081250
0 0.409766 0.168229 0.064844 0.086458
0 0.896094 0.177083 0.076563 0.091667
0 0.807813 0.179688 0.060937 0.096875
0 0.161719 0.176563 0.060937 0.076042
0 0.317578 0.195312 0.061719 0.098958
0 0.506641 0.193229 0.066406 0.092708
0 0.277734 0.210417 0.061719 0.087500
0 0.376563 0.213021 0.068750 0.090625
0 0.184766 0.219271 0.074219 0.090625
0 0.741797 0.220833 0.052344 0.093750
0 0.699609 0.223958 0.057031 0.087500
0 0.902344 0.259375 0.059375 0.104167
0 0.498828 0.271875 0.063281 0.097917
0 0.580859 0.282292 0.067969 0.104167
0 0.422656 0.282292 0.076563 0.095833
0 0.947656 0.283333 0.070312 0.100000
0 0.849609 0.290625 0.067969 0.102083
0 0.195703 0.300000 0.063281 0.083333
0 0.378906 0.301042 0.064062 0.089583
0 0.257422 0.317188 0.072656 0.096875
0 0.636719 0.330208 0.073438 0.095833
0 0.558984 0.345313 0.066406 0.096875
0 0.820703 0.366146 0.074219 0.101042
0 0.310937 0.372917 0.065625 0.085417
0 0.287500 0.408854 0.059375 0.096875
0 0.755078 0.405208 0.074219 0.079167
0 0.367188 0.405729 0.060937 0.080208
0 0.514844 0.407292 0.073438 0.093750
0 0.946484 0.427083 0.071094 0.116667
0 0.895703 0.446875 0.064844 0.093750
0 0.410547 0.451042 0.083594 0.072917
0 0.231250 0.460938 0.068750 0.082292
0 0.806250 0.472917 0.059375 0.100000
0 0.338281 0.468229 0.067187 0.082292
0 0.655859 0.484896 0.083594 0.084375
0 0.578125 0.487500 0.064062 0.085417
0 0.421094 0.511458 0.073438 0.081250
0 0.166797 0.513021 0.064844 0.088542
0 0.114453 0.519271 0.063281 0.078125
0 0.955469 0.536458 0.075000 0.093750
0 0.319531 0.550521 0.067187 0.086458
0 0.077734 0.556771 0.072656 0.094792
0 0.257812 0.559375 0.071875 0.089583
0 0.389062 0.565104 0.064062 0.082292
0 0.579688 0.574479 0.092188 0.103125
0 0.491797 0.586458 0.063281 0.091667
0 0.164453 0.591146 0.072656 0.101042
0 0.660937 0.592708 0.067187 0.077083
0 0.048828 0.610417 0.066406 0.093750
0 0.950781 0.616146 0.071875 0.094792
0 0.732422 0.625521 0.060156 0.067708
0 0.079297 0.653125 0.072656 0.093750
0 0.848047 0.655729 0.071094 0.094792
0 0.923828 0.667708 0.066406 0.081250
0 0.467578 0.672917 0.067969 0.093750
0 0.531250 0.675000 0.071875 0.089583
0 0.294531 0.676562 0.068750 0.094792
0 0.598437 0.679167 0.076563 0.095833
0 0.417187 0.710417 0.064062 0.089583
0 0.832422 0.722917 0.071094 0.093750
0 0.381250 0.731771 0.065625 0.088542
0 0.625000 0.739062 0.046875 0.069792
0 0.230859 0.741667 0.066406 0.112500
0 0.801953 0.750000 0.066406 0.087500
0 0.045703 0.764062 0.071094 0.096875
0 0.890625 0.764583 0.071875 0.097917
0 0.127344 0.768229 0.067187 0.088542
0 0.178906 0.778646 0.060937 0.088542
0 0.462891 0.785417 0.074219 0.091667
0 0.313281 0.818750 0.067187 0.091667
0 0.073047 0.842708 0.064844 0.093750
0 0.241016 0.861458 0.061719 0.089583
0 0.780469 0.873958 0.067187 0.093750
0 0.026953 0.884375 0.053906 0.085417
0 0.322266 0.904167 0.072656 0.106250
0 0.516797 0.904687 0.058594 0.084375
0 0.733203 0.901563 0.071094 0.090625
0 0.192969 0.910417 0.067187 0.087500
0 0.046484 0.914062 0.069531 0.090625
0 0.113281 0.905729 0.076563 0.096875
0 0.378125 0.913021 0.076563 0.098958
0 0.669141 0.953646 0.085156 0.103125
0 0.778125 0.954167 0.085938 0.102083
0 0.613672 0.956771 0.050781 0.086458
0 0.398828 0.964063 0.071094 0.082292
0 0.475000 0.963542 0.071875 0.083333
2 0.219922 0.639062 0.077344 0.092708
2 0.673828 0.679167 0.091406 0.120833
1 0.241016 0.978646 0.074219 0.042708
