0 0.097266 0.526042 0.060156 0.087500
0 0.123438 0.590104 0.062500 0.111458
0 0.061719 0.750000 0.057813 0.091667
0 0.873047 0.608854 0.061719 0.061458
0 0.606250 0.229167 0.070312 0.077083
0 0.705078 0.242188 0.072656 0.092708
0 0.418750 0.281771 0.056250 0.088542
0 0.251953 0.454167 0.060156 0.072917
0 0.628906 0.852083 0.073438 0.091667
0 0.557031 0.760417 0.064062 0.100000
0 0.082422 0.044271 0.066406 0.088542
0 0.686719 0.044792 0.065625 0.089583
0 0.809766 0.055729 0.067969 0.076042
0 0.495703 0.072917 0.069531 0.083333
0 0.576172 0.073438 0.071094 0.090625
0 0.045703 0.076042 0.061719 0.081250
0 0.178125 0.086458 0.065625 0.087500
0 0.717578 0.096354 0.057031 0.078125
0 0.125781 0.100000 0.062500 0.087500
0 0.458203 0.126562 0.069531 0.092708
0 0.787109 0.133854 0.058594 0.076042
0 0.350781 0.144271 0.075000 0.096875
0 0.861719 0.151562 0.067187 0.088542
0 0.699219 0.160938 0.078125 0.084375
0 0.975391 0.160938 0.057031 0.084375
0 0.640234 0.175521 0.063281 0.098958
0 0.153906 0.178125 0.064062 0.081250
0 0.272266 0.198958 0.061719 0.087500
0 0.386719 0.215625 0.067187 0.095833
0 0.335547 0.217188 0.066406 0.080208
0 0.452344 0.221875 0.076563 0.087500
0 0.196875 0.238542 0.065625 0.068750
0 0.945703 0.259375 0.063281 0.091667
0 0.826953 0.264583 0.061719 0.087500
0 0.664844 0.288021 0.064062 0.088542
0 0.369531 0.289583 0.060937 0.083333
0 0.033594 0.294792 0.067187 0.102083
0 0.306250 0.319792 0.071875 0.085417
0 0.858203 0.312500 0.057031 0.085417
0 0.914844 0.321875 0.062500 0.087500
0 0.064844 0.348438 0.068750 0.092708
0 0.341797 0.350521 0.071094 0.098958
0 0.429297 0.359896 0.061719 0.094792
0 0.689063 0.346354 0.073438 0.082292
0 0.154688 0.367188 0.068750 0.105208
0 0.692969 0.396354 0.057813 0.080208
0 0.735938 0.394271 0.053125 0.092708
0 0.877734 0.404687 0.071094 0.073958
0 0.675391 0.421354 0.074219 0.088542
0 0.492969 0.423958 0.070312 0.097917
0 0.941016 0.423958 0.064844 0.081250
0 0.780859 0.433333 0.069531 0.089583
0 0.054297 0.434375 0.066406 0.097917
0 0.378906 0.437500 0.070312 0.087500
0 0.546094 0.441146 0.062500 0.092708
0 0.188672 0.481771 0.067969 0.088542
0 0.336719 0.501563 0.067187 0.084375
0 0.541797 0.516667 0.071094 0.089583
0 0.230469 0.548438 0.071875 0.088542
0 0.637500 0.553646 0.070312 0.090625
0 0.036719 0.563542 0.057813 0.093750
0 0.580469 0.589063 0.071875 0.094792
0 0.478906 0.589583 0.062500 0.083333
0 0.814453 0.598437 0.057031 0.076042
0 0.706250 0.647396 0.073438 0.092708
0 0.431641 0.657813 0.063281 0.103125
0 0.920312 0.652604 0.076563 0.092708
0 0.777344 0.655208 0.078125 0.079167
0 0.789453 0.697396 0.074219 0.080208
0 0.476953 0.689583 0.074219 0.100000
0 0.407031 0.702083 0.073438 0.089583
0 0.285547 0.701562 0.071094 0.094792
0 0.512109 0.718750 0.066406 0.116667
0 0.715625 0.729688 0.059375 0.092708
0 0.659766 0.736458 0.064844 0.085417
0 0.201953 0.747917 0.066406 0.087500
0 0.255078 0.756771 0.072656 0.096875
0 0.821094 0.747396 0.064062 0.080208
0 0.898828 0.759375 0.061719 0.081250
0 0.317578 0.775000 0.072656 0.079167
0 0.404687 0.775521 0.073438 0.088542
0 0.122656 0.778646 0.067187 0.086458
0 0.966797 0.828125 0.074219 0.081250
0 0.491016 0.852604 0.064844 0.082292
0 0.820312 0.845313 0.060937 0.094792
0 0.310547 0.847396 0.083594 0.094792
0 0.550000 0.873437 0.068750 0.086458
0 0.921094 0.879167 0.057813 0.104167
0 0.873437 0.877083 0.060937 0.093750
0 0.374219 0.881250 0.067187 0.095833
0 0.182422 0.908333 0.064844 0.085417
0 0.040625 0.920833 0.071875 0.087500
0 0.099219 0.936458 0.068750 0.100000
0 0.750391 0.947917 0.066406 0.089583
0 0.660547 0.953125 0.067969 0.083333
0 0.213672 0.967187 0.064844 0.076042
3 0.616016 0.479687 0.074219 0.098958
