0 0.448047 0.361979 0.083594 0.092708
0 0.483203 0.443229 0.071094 0.092708
0 0.028125 0.948958 0.056250 0.079167
0 0.935156 0.355729 0.078125 0.086458
0 0.969531 0.933333 0.054688 0.070833
0 0.820703 0.931771 0.063281 0.067708
0 0.528906 0.074479 0.101562 0.113542
0 0.109766 0.036458 0.066406 0.072917
0 0.783984 0.040625 0.086719 0.081250
0 0.394141 0.070833 0.061719 0.087500
0 0.825000 0.088542 0.093750 0.135417
0 0.748437 0.069792 0.067187 0.104167
0 0.458203 0.079167 0.058594 0.095833
0 0.273438 0.081771 0.079687 0.082292
0 0.964453 0.094792 0.064844 0.085417
0 0.912891 0.101042 0.063281 0.077083
0 0.141406 0.102083 0.062500 0.093750
0 0.660156 0.119792 0.068750 0.079167
0 0.343750 0.131771 0.075000 0.084375
0 0.101953 0.140625 0.061719 0.085417
0 0.410938 0.139583 0.070312 0.087500
0 0.876172 0.139063 0.072656 0.094792
0 0.519141 0.158333 0.085156 0.093750
0 0.042969 0.154167 0.085938 0.104167
0 0.642969 0.169792 0.076563 0.081250
0 0.167578 0.167187 0.060156 0.096875
0 0.962500 0.172917 0.073438 0.102083
0 0.737109 0.179167 0.069531 0.097917
0 0.847266 0.192708 0.066406 0.093750
0 0.221484 0.192188 0.063281 0.105208
0 0.268359 0.197917 0.060156 0.106250
0 0.346094 0.203646 0.057813 0.092708
0 0.401172 0.221875 0.082031 0.095833
0 0.581641 0.209896 0.080469 0.088542
0 0.878516 0.235417 0.072656 0.093750
0 0.662109 0.258854 0.067969 0.084375
0 0.582812 0.276562 0.057813 0.080208
0 0.074219 0.275521 0.057813 0.117708
0 0.032813 0.278125 0.056250 0.104167
0 0.606641 0.272917 0.060156 0.075000
0 0.166797 0.282813 0.069531 0.101042
0 0.544922 0.286458 0.061719 0.087500
0 0.397656 0.294792 0.070312 0.083333
0 0.286328 0.320312 0.058594 0.103125
0 0.696094 0.317188 0.076563 0.086458
0 0.123438 0.323958 0.073438 0.093750
0 0.608984 0.334896 0.071094 0.080208
0 0.248828 0.336979 0.053906 0.073958
0 0.844531 0.346354 0.070312 0.096875
0 0.388281 0.353125 0.073438 0.087500
0 0.975391 0.360417 0.057031 0.089583
0 0.683203 0.377083 0.064844 0.083333
0 0.326953 0.390104 0.078906 0.098958
0 0.596484 0.402604 0.053906 0.084375
0 0.721875 0.406250 0.062500 0.104167
0 0.871875 0.425000 0.065625 0.093750
0 0.030859 0.423438 0.061719 0.084375
0 0.363281 0.425000 0.060937 0.079167
0 0.239844 0.432812 0.067187 0.088542
0 0.183203 0.460417 0.072656 0.093750
0 0.613672 0.465625 0.077344 0.075000
0 0.814063 0.466667 0.060937 0.085417
0 0.682031 0.468229 0.071875 0.096875
0 0.338281 0.474479 0.082812 0.105208
0 0.911719 0.487500 0.076563 0.097917
0 0.844922 0.496875 0.069531 0.091667
0 0.750391 0.509375 0.080469 0.075000
0 0.501563 0.530729 0.068750 0.090625
0 0.225781 0.552604 0.067187 0.084375
0 0.601953 0.554167 0.061719 0.095833
0 0.929688 0.564583 0.068750 0.085417
0 0.049609 0.569271 0.061719 0.090625
0 0.648438 0.579688 0.057813 0.076042
0 0.546094 0.607812 0.068750 0.092708
0 0.910547 0.617188 0.058594 0.086458
0 0.750781 0.618750 0.065625 0.091667
0 0.115234 0.620833 0.066406 0.083333
0 0.220312 0.639583 0.048438 0.087500
0 0.808594 0.635938 0.065625 0.080208
0 0.658594 0.645312 0.073438 0.088542
0 0.596875 0.644271 0.065625 0.096875
0 0.337891 0.665104 0.067969 0.090625
0 0.855859 0.677083 0.074219 0.095833
0 0.142578 0.692187 0.067969 0.088542
0 0.797266 0.702083 0.063281 0.093750
0 0.472266 0.715104 0.066406 0.096875
0 0.711328 0.722917 0.071094 0.089583
0 0.957812 0.760417 0.092188 0.118750
0 0.421094 0.747396 0.071875 0.098958
0 0.887109 0.747917 0.061719 0.083333
0 0.190234 0.752083 0.071094 0.091667
0 0.776563 0.752083 0.067187 0.085417
0 0.041797 0.761458 0.083594 0.097917
0 0.568359 0.766667 0.066406 0.091667
0 0.248438 0.778646 0.070312 0.088542
0 0.846094 0.788021 0.081250 0.084375
0 0.338281 0.789062 0.073438 0.103125
0 0.517969 0.822917 0.071875 0.093750
0 0.239063 0.835417 0.068750 0.091667
0 0.065625 0.838542 0.071875 0.089583
0 0.886719 0.841146 0.070312 0.086458
0 0.578906 0.853646 0.071875 0.090625
0 0.767969 0.853646 0.065625 0.092708
0 0.307031 0.867188 0.068750 0.090625
0 0.862500 0.886979 0.064062 0.094792
0 0.154688 0.923958 0.059375 0.106250
0 0.490625 0.921354 0.062500 0.098958
0 0.603125 0.925000 0.071875 0.087500
0 0.436328 0.935417 0.077344 0.097917
0 0.089063 0.960938 0.073438 0.088542
0 0.297266 0.961979 0.072656 0.086458
1 0.326562 0.559896 0.079687 0.101042
