0 0.444531 0.638542 0.060937 0.081250
0 0.523828 0.584896 0.082031 0.086458
0 0.749219 0.590104 0.062500 0.063542
0 0.640625 0.588542 0.057813 0.108333
0 0.886328 0.904167 0.075781 0.062500
0 0.501563 0.516667 0.059375 0.089583
0 0.055859 0.042188 0.061719 0.078125
0 0.236328 0.053125 0.060156 0.085417
0 0.339453 0.063021 0.063281 0.078125
0 0.137891 0.114062 0.069531 0.082292
0 0.292187 0.125521 0.054688 0.084375
0 0.026172 0.131771 0.052344 0.080208
0 0.219922 0.152604 0.064844 0.076042
0 0.332422 0.159375 0.064844 0.106250
0 0.080469 0.160417 0.068750 0.081250
0 0.280859 0.193229 0.071094 0.094792
0 0.114062 0.221875 0.060937 0.079167
0 0.232813 0.234375 0.068750 0.089583
0 0.357812 0.235937 0.054688 0.076042
0 0.976562 0.253646 0.054688 0.092708
0 0.314844 0.258854 0.067187 0.086458
0 0.032031 0.264583 0.060937 0.079167
0 0.196484 0.296875 0.049219 0.077083
0 0.270313 0.295833 0.062500 0.087500
0 0.387500 0.306771 0.065625 0.084375
0 0.936328 0.315625 0.071094 0.087500
0 0.125781 0.335938 0.056250 0.080208
0 0.176172 0.346875 0.069531 0.079167
0 0.957812 0.363542 0.068750 0.083333
0 0.440625 0.359896 0.059375 0.080208
0 0.901563 0.377083 0.084375 0.118750
0 0.835547 0.391667 0.057031 0.093750
0 0.718750 0.410417 0.071875 0.095833
0 0.148047 0.403646 0.064844 0.073958
0 0.785156 0.408854 0.060937 0.084375
0 0.042969 0.408854 0.062500 0.078125
0 0.533594 0.427604 0.068750 0.084375
0 0.099219 0.435937 0.062500 0.086458
0 0.599609 0.440625 0.061719 0.081250
0 0.956250 0.440625 0.067187 0.091667
0 0.901172 0.455208 0.053906 0.070833
0 0.848047 0.450521 0.055469 0.078125
0 0.752344 0.459896 0.073438 0.084375
0 0.158594 0.477604 0.062500 0.078125
0 0.634766 0.496875 0.061719 0.077083
0 0.068750 0.514062 0.064062 0.088542
0 0.696094 0.539583 0.050000 0.102083
0 0.955859 0.523958 0.067969 0.072917
0 0.762109 0.528646 0.085156 0.086458
0 0.908984 0.566146 0.061719 0.092708
0 0.154297 0.572917 0.063281 0.095833
0 0.953906 0.616146 0.064062 0.078125
0 0.112109 0.618750 0.069531 0.087500
0 0.891016 0.640104 0.063281 0.069792
0 0.185938 0.641667 0.067187 0.083333
0 0.684766 0.641146 0.067969 0.092708
0 0.755859 0.655729 0.072656 0.086458
0 0.031250 0.658333 0.062500 0.077083
0 0.500391 0.657813 0.066406 0.078125
0 0.955078 0.678125 0.055469 0.079167
0 0.078125 0.684896 0.067187 0.067708
0 0.545312 0.696354 0.068750 0.096875
0 0.897656 0.701562 0.065625 0.073958
0 0.607031 0.704688 0.062500 0.090625
0 0.213672 0.709375 0.060156 0.079167
0 0.715234 0.709375 0.061719 0.079167
0 0.783594 0.718750 0.073438 0.079167
0 0.271875 0.713021 0.059375 0.090625
0 0.396875 0.719271 0.067187 0.082292
0 0.334375 0.723958 0.060937 0.075000
0 0.481250 0.745313 0.064062 0.092708
0 0.172656 0.748958 0.065625 0.075000
0 0.077344 0.752604 0.067187 0.071875
0 0.919141 0.759375 0.072656 0.091667
0 0.954688 0.774479 0.054688 0.073958
0 0.524219 0.782292 0.059375 0.079167
0 0.702734 0.794271 0.057031 0.090625
0 0.799609 0.794271 0.050781 0.096875
0 0.854688 0.783854 0.064062 0.078125
0 0.036328 0.790104 0.072656 0.094792
0 0.316016 0.788021 0.072656 0.080208
0 0.370312 0.790104 0.059375 0.090625
0 0.438281 0.801042 0.073438 0.091667
0 0.207031 0.802604 0.064062 0.078125
0 0.747656 0.801562 0.059375 0.080208
0 0.647266 0.805729 0.058594 0.080208
0 0.146094 0.818750 0.060937 0.083333
0 0.560547 0.834375 0.067969 0.091667
0 0.917578 0.833333 0.061719 0.085417
0 0.975000 0.843229 0.057813 0.088542
0 0.848437 0.846354 0.073438 0.088542
0 0.382812 0.857292 0.056250 0.079167
0 0.053125 0.858333 0.064062 0.083333
0 0.319141 0.862500 0.075781 0.072917
0 0.455859 0.862500 0.069531 0.083333
0 0.704297 0.873958 0.063281 0.077083
0 0.109766 0.872396 0.063281 0.088542
0 0.200391 0.878125 0.071094 0.077083
0 0.507812 0.885417 0.059375 0.085417
0 0.595313 0.888542 0.065625 0.087500
0 0.046875 0.916667 0.093750 0.106250
0 0.648828 0.910937 0.061719 0.096875
0 0.767578 0.910417 0.060156 0.083333
0 0.403125 0.937500 0.060937 0.083333
0 0.313281 0.939583 0.064062 0.081250
0 0.127734 0.951042 0.067969 0.089583
0 0.694922 0.954167 0.066406 0.083333
0 0.257422 0.957292 0.057031 0.077083
0 0.861328 0.960938 0.058594 0.071875
0 0.572266 0.963021 0.066406 0.084375
0 0.067187 0.967187 0.068750 0.076042
2 0.578125 0.609896 0.067187 0.084375
