0 0.643750 0.487500 0.062500 0.075000
0 0.089063 0.635938 0.056250 0.090625
0 0.925391 0.382292 0.052344 0.089583
0 0.916406 0.268229 0.059375 0.084375
0 0.450391 0.105208 0.060156 0.089583
0 0.690234 0.562500 0.053906 0.093750
0 0.701172 0.042708 0.058594 0.085417
0 0.230859 0.045833 0.082031 0.091667
0 0.789453 0.050000 0.066406 0.100000
0 0.166797 0.050521 0.067969 0.101042
0 0.207813 0.044792 0.057813 0.083333
0 0.590234 0.061458 0.063281 0.091667
0 0.538281 0.079167 0.081250 0.104167
0 0.117188 0.087500 0.068750 0.087500
0 0.326562 0.129167 0.068750 0.104167
0 0.756641 0.122396 0.066406 0.084375
0 0.869531 0.143750 0.065625 0.091667
0 0.940234 0.145313 0.066406 0.086458
0 0.210547 0.158854 0.055469 0.086458
0 0.617578 0.155208 0.067969 0.091667
0 0.532422 0.158333 0.080469 0.079167
0 0.178906 0.164583 0.067187 0.095833
0 0.240625 0.163021 0.050000 0.084375
0 0.380469 0.164583 0.076563 0.072917
0 0.755469 0.188021 0.084375 0.078125
0 0.033203 0.198437 0.066406 0.092708
0 0.361719 0.222396 0.101562 0.096875
0 0.551172 0.225521 0.074219 0.101042
0 0.814063 0.219792 0.064062 0.093750
0 0.240625 0.239063 0.067187 0.101042
0 0.491016 0.229687 0.069531 0.098958
0 0.642969 0.231771 0.082812 0.094792
0 0.403516 0.238542 0.074219 0.087500
0 0.722266 0.240104 0.077344 0.082292
0 0.294922 0.243750 0.066406 0.100000
0 0.465625 0.276562 0.071875 0.076042
0 0.583984 0.282813 0.071094 0.096875
0 0.847656 0.276562 0.068750 0.107292
0 0.726172 0.304167 0.074219 0.085417
0 0.380859 0.302604 0.072656 0.092708
0 0.476172 0.337500 0.071094 0.079167
0 0.542188 0.341146 0.067187 0.084375
0 0.775000 0.350000 0.092188 0.085417
0 0.650781 0.405729 0.073438 0.090625
0 0.276953 0.430729 0.067969 0.096875
0 0.894141 0.450000 0.066406 0.081250
0 0.325391 0.507292 0.071094 0.083333
0 0.748047 0.549479 0.075781 0.107292
0 0.176953 0.531771 0.083594 0.094792
0 0.560937 0.563542 0.070312 0.108333
0 0.243359 0.566146 0.064844 0.092708
0 0.191406 0.574479 0.062500 0.069792
0 0.289844 0.578125 0.059375 0.091667
0 0.824609 0.577083 0.071094 0.081250
0 0.729297 0.601042 0.069531 0.100000
0 0.648438 0.641667 0.093750 0.085417
0 0.181641 0.636979 0.067969 0.088542
0 0.696875 0.650521 0.067187 0.098958
0 0.270313 0.661979 0.070312 0.109375
0 0.215625 0.645833 0.054688 0.062500
0 0.040234 0.668229 0.080469 0.109375
0 0.216016 0.695833 0.060156 0.070833
0 0.469141 0.699479 0.071094 0.086458
0 0.606250 0.700000 0.059375 0.095833
0 0.666406 0.735938 0.098437 0.126042
0 0.528125 0.726562 0.068750 0.117708
0 0.177344 0.746875 0.071875 0.085417
0 0.565625 0.743750 0.081250 0.083333
0 0.046094 0.773958 0.092188 0.127083
0 0.560547 0.815625 0.074219 0.091667
0 0.450781 0.808333 0.087500 0.097917
0 0.101953 0.814063 0.066406 0.098958
0 0.346484 0.814583 0.075781 0.083333
0 0.500000 0.816667 0.064062 0.095833
0 0.473047 0.889583 0.077344 0.097917
0 0.541016 0.911979 0.067969 0.094792
0 0.228906 0.934375 0.064062 0.093750
0 0.140625 0.943750 0.059375 0.100000
0 0.272266 0.948958 0.071094 0.106250
2 0.629687 0.555729 0.078125 0.101042
