0 0.128125 0.751042 0.057813 0.064583
0 0.052344 0.929167 0.046875 0.081250
0 0.042969 0.759896 0.048438 0.090625
0 0.056250 0.206250 0.064062 0.072917
0 0.096484 0.247396 0.061719 0.063542
0 0.273047 0.283854 0.053906 0.073958
0 0.055859 0.094792 0.053906 0.110417
0 0.439844 0.280208 0.056250 0.087500
0 0.592969 0.236979 0.051562 0.069792
0 0.947656 0.645833 0.051562 0.093750
0 0.936719 0.930729 0.062500 0.057292
0 0.955469 0.172396 0.048438 0.082292
0 0.465234 0.034896 0.066406 0.069792
0 0.791406 0.041667 0.067187 0.083333
0 0.698438 0.032813 0.095312 0.065625
0 0.181250 0.043750 0.067187 0.070833
0 0.402344 0.043750 0.062500 0.087500
0 0.675391 0.076563 0.064844 0.073958
0 0.469922 0.086458 0.058594 0.087500
0 0.728906 0.099479 0.053125 0.078125
0 0.769922 0.096354 0.052344 0.078125
0 0.345313 0.114062 0.059375 0.073958
0 0.411719 0.120833 0.070312 0.091667
0 0.506641 0.126042 0.057031 0.106250
0 0.107422 0.116667 0.071094 0.072917
0 0.449609 0.132292 0.061719 0.091667
0 0.220312 0.140104 0.073438 0.092708
0 0.546875 0.151562 0.067187 0.126042
0 0.771484 0.152083 0.050781 0.066667
0 0.312109 0.152083 0.063281 0.100000
0 0.258984 0.157812 0.066406 0.111458
0 0.657031 0.193750 0.053125 0.095833
0 0.376563 0.223958 0.060937 0.066667
0 0.666016 0.246354 0.071094 0.094792
0 0.923438 0.264583 0.090625 0.104167
0 0.376563 0.278125 0.065625 0.075000
0 0.774609 0.297396 0.082031 0.113542
0 0.118750 0.306250 0.071875 0.081250
0 0.581250 0.314063 0.067187 0.078125
0 0.335938 0.325521 0.060937 0.090625
0 0.491797 0.333333 0.050781 0.072917
0 0.912891 0.359375 0.069531 0.108333
0 0.144531 0.348438 0.070312 0.105208
0 0.700000 0.389062 0.062500 0.080208
0 0.302734 0.383333 0.063281 0.106250
0 0.127344 0.396354 0.065625 0.086458
0 0.554297 0.387500 0.083594 0.114583
0 0.775781 0.379688 0.053125 0.071875
0 0.927734 0.398438 0.069531 0.090625
0 0.773438 0.419792 0.059375 0.064583
0 0.234375 0.395313 0.075000 0.088542
0 0.046875 0.398438 0.070312 0.096875
0 0.343750 0.413542 0.053125 0.095833
0 0.650391 0.423438 0.080469 0.117708
0 0.031641 0.434896 0.063281 0.105208
0 0.264062 0.447396 0.057813 0.098958
0 0.397266 0.447396 0.077344 0.080208
0 0.085547 0.458854 0.066406 0.103125
0 0.520312 0.465104 0.065625 0.084375
0 0.149609 0.479167 0.089844 0.110417
0 0.822266 0.480208 0.067969 0.089583
0 0.317969 0.477604 0.068750 0.092708
0 0.625391 0.490625 0.072656 0.093750
0 0.715625 0.483333 0.073438 0.125000
0 0.796094 0.509896 0.056250 0.090625
0 0.222656 0.504687 0.064062 0.086458
0 0.947266 0.506250 0.067969 0.097917
0 0.588672 0.514583 0.063281 0.087500
0 0.065625 0.511458 0.056250 0.085417
0 0.511719 0.534896 0.048438 0.088542
0 0.408203 0.543750 0.077344 0.079167
0 0.033594 0.539062 0.064062 0.103125
0 0.123438 0.554167 0.056250 0.089583
0 0.336328 0.561458 0.071094 0.085417
0 0.889062 0.564063 0.070312 0.071875
0 0.571094 0.590625 0.062500 0.089583
0 0.610547 0.614583 0.074219 0.089583
0 0.213281 0.619271 0.075000 0.086458
0 0.804688 0.622396 0.057813 0.078125
0 0.713281 0.621875 0.053125 0.068750
0 0.125781 0.625521 0.059375 0.084375
0 0.471875 0.644271 0.065625 0.086458
0 0.333594 0.652083 0.053125 0.102083
0 0.230078 0.672396 0.066406 0.073958
0 0.455469 0.682813 0.057813 0.086458
0 0.711328 0.682292 0.063281 0.085417
0 0.047656 0.684896 0.068750 0.094792
0 0.787500 0.685937 0.067187 0.088542
0 0.644922 0.725521 0.064844 0.088542
0 0.274219 0.729167 0.068750 0.087500
0 0.222266 0.733333 0.060156 0.079167
0 0.531250 0.711979 0.053125 0.069792
0 0.472266 0.746875 0.053906 0.077083
0 0.816016 0.758333 0.066406 0.081250
0 0.646484 0.792188 0.060156 0.078125
0 0.580859 0.798958 0.064844 0.085417
0 0.274609 0.803125 0.067969 0.091667
0 0.894531 0.819271 0.056250 0.082292
0 0.532813 0.844271 0.056250 0.092708
0 0.731641 0.835417 0.064844 0.075000
0 0.432812 0.839583 0.079687 0.072917
0 0.616797 0.856250 0.069531 0.087500
0 0.824219 0.870313 0.067187 0.086458
0 0.319531 0.883854 0.057813 0.082292
0 0.416406 0.891146 0.064062 0.080208
0 0.528516 0.889062 0.057031 0.069792
0 0.691406 0.911979 0.065625 0.080208
0 0.876172 0.899479 0.053906 0.111458
0 0.147656 0.935937 0.070312 0.092708
0 0.840234 0.947917 0.063281 0.079167
0 0.584375 0.959896 0.073438 0.090625
0 0.392188 0.959375 0.065625 0.091667
2 0.576562 0.704167 0.071875 0.127083
