0 0.154688 0.178125 0.070312 0.106250
0 0.189453 0.131771 0.077344 0.084375
0 0.216406 0.216667 0.068750 0.077083
0 0.246094 0.098958 0.071875 0.075000
0 0.256641 0.171354 0.067969 0.073958
0 0.474609 0.127083 0.080469 0.079167
0 0.465234 0.196354 0.072656 0.067708
0 0.890234 0.113021 0.074219 0.086458
0 0.784375 0.575521 0.070312 0.092708
0 0.794922 0.640625 0.072656 0.072917
0 0.585938 0.780208 0.065625 0.083333
0 0.624219 0.908854 0.081250 0.098958
0 0.224219 0.473438 0.060937 0.103125
0 0.254297 0.542708 0.082031 0.083333
0 0.045312 0.533333 0.059375 0.081250
0 0.035937 0.036458 0.043750 0.068750
0 0.683203 0.038542 0.055469 0.072917
0 0.509766 0.325000 0.052344 0.087500
0 0.556641 0.320833 0.067969 0.075000
0 0.555469 0.394271 0.060937 0.098958
0 0.482031 0.886979 0.065625 0.098958
0 0.284766 0.627604 0.071094 0.090625
0 0.353125 0.651563 0.056250 0.098958
0 0.313281 0.701042 0.060937 0.079167
0 0.886328 0.041146 0.071094 0.082292
0 0.805859 0.044792 0.064844 0.089583
0 0.409375 0.046875 0.059375 0.093750
0 0.223047 0.045312 0.071094 0.082292
0 0.459375 0.046354 0.064062 0.092708
0 0.730078 0.065625 0.060156 0.081250
0 0.385156 0.093750 0.070312 0.077083
0 0.814453 0.123438 0.069531 0.086458
0 0.301563 0.128125 0.062500 0.089583
0 0.413281 0.147396 0.054688 0.098958
0 0.365234 0.150000 0.058594 0.066667
0 0.032813 0.166146 0.065625 0.086458
0 0.558984 0.164583 0.083594 0.085417
0 0.821484 0.200521 0.072656 0.073958
0 0.100000 0.207292 0.075000 0.081250
0 0.557422 0.230729 0.080469 0.086458
0 0.941016 0.236979 0.064844 0.090625
0 0.673828 0.276042 0.082031 0.091667
0 0.105469 0.284375 0.065625 0.085417
0 0.402344 0.280729 0.067187 0.088542
0 0.827734 0.279687 0.057031 0.094792
0 0.590234 0.292187 0.075781 0.082292
0 0.454297 0.298438 0.058594 0.103125
0 0.157031 0.313021 0.060937 0.086458
0 0.310937 0.311979 0.067187 0.078125
0 0.786719 0.310937 0.057813 0.119792
0 0.208203 0.308854 0.064844 0.105208
0 0.739062 0.317708 0.062500 0.093750
0 0.871484 0.318229 0.057031 0.090625
0 0.091797 0.346354 0.074219 0.073958
0 0.945312 0.368229 0.062500 0.096875
0 0.666016 0.365625 0.052344 0.064583
0 0.896875 0.390625 0.060937 0.081250
0 0.274219 0.395833 0.067187 0.087500
0 0.815625 0.420833 0.060937 0.070833
0 0.720313 0.409896 0.067187 0.098958
0 0.767188 0.410938 0.060937 0.092708
0 0.075781 0.421354 0.068750 0.088542
0 0.603516 0.423958 0.074219 0.083333
0 0.673438 0.469271 0.070312 0.084375
0 0.288672 0.484375 0.074219 0.095833
0 0.347266 0.484896 0.067969 0.103125
0 0.584375 0.492188 0.062500 0.086458
0 0.762109 0.493229 0.069531 0.092708
0 0.815234 0.494792 0.061719 0.089583
0 0.873437 0.495833 0.060937 0.091667
0 0.083203 0.507812 0.058594 0.088542
0 0.478516 0.511458 0.075781 0.106250
0 0.423828 0.506771 0.057031 0.090625
0 0.178516 0.507812 0.061719 0.078125
0 0.121484 0.551042 0.058594 0.095833
0 0.679297 0.570312 0.064844 0.084375
0 0.331641 0.563021 0.078906 0.076042
0 0.176172 0.580208 0.072656 0.089583
0 0.429688 0.581771 0.068750 0.090625
0 0.840234 0.589583 0.060156 0.093750
0 0.943359 0.596875 0.071094 0.097917
0 0.733984 0.614062 0.064844 0.094792
0 0.883594 0.620313 0.071875 0.105208
0 0.200781 0.660937 0.062500 0.103125
0 0.092969 0.674479 0.068750 0.098958
0 0.152734 0.654687 0.058594 0.084375
0 0.151562 0.698958 0.060937 0.062500
0 0.030469 0.683333 0.060937 0.095833
0 0.951953 0.691146 0.071094 0.096875
0 0.250391 0.690104 0.071094 0.092708
0 0.860938 0.701042 0.078125 0.089583
0 0.484766 0.729688 0.067969 0.084375
0 0.392188 0.734375 0.070312 0.085417
0 0.099219 0.748437 0.071875 0.101042
0 0.962500 0.789583 0.082812 0.131250
0 0.891016 0.762500 0.064844 0.089583
0 0.641406 0.771354 0.068750 0.082292
0 0.137500 0.790104 0.051562 0.073958
0 0.702344 0.788021 0.057813 0.080208
0 0.784766 0.794792 0.061719 0.100000
0 0.839063 0.801562 0.054688 0.096875
0 0.880078 0.800521 0.050781 0.080208
0 0.026953 0.809896 0.053906 0.103125
0 0.371875 0.807292 0.076563 0.097917
0 0.067969 0.820833 0.070312 0.095833
0 0.743359 0.825521 0.067969 0.111458
0 0.885156 0.844271 0.067187 0.088542
0 0.412500 0.839063 0.065625 0.090625
0 0.130859 0.858854 0.071094 0.096875
0 0.348047 0.874479 0.066406 0.092708
0 0.191016 0.880729 0.078906 0.082292
0 0.069141 0.894792 0.057031 0.091667
0 0.676953 0.886458 0.060156 0.108333
0 0.532813 0.914062 0.065625 0.092708
0 0.932031 0.928646 0.062500 0.086458
0 0.317578 0.929688 0.069531 0.084375
0 0.391406 0.923958 0.054688 0.085417
0 0.703906 0.933333 0.067187 0.095833
0 0.749609 0.951042 0.074219 0.108333
0 0.467969 0.948438 0.068750 0.080208
0 0.217969 0.957292 0.064062 0.095833
0 0.817187 0.959375 0.085938 0.091667
4 0.510547 0.407813 0.057031 0.096875
3 0.462891 0.432292 0.060156 0.081250
