0 0.523047 0.311979 0.066406 0.086458
0 0.541016 0.505208 0.074219 0.083333
0 0.514453 0.567187 0.075781 0.065625
0 0.829297 0.814063 0.066406 0.092708
0 0.317578 0.882812 0.069531 0.067708
0 0.255859 0.389583 0.063281 0.095833
0 0.961328 0.223958 0.067969 0.079167
0 0.720313 0.766667 0.070312 0.079167
0 0.690625 0.738542 0.076563 0.102083
0 0.689453 0.816146 0.069531 0.082292
0 0.039062 0.041667 0.078125 0.083333
0 0.450781 0.042188 0.064062 0.084375
0 0.671484 0.043750 0.072656 0.087500
0 0.941016 0.054167 0.080469 0.108333
0 0.144922 0.068750 0.058594 0.093750
0 0.097266 0.084375 0.064844 0.089583
0 0.247266 0.097917 0.072656 0.091667
0 0.041797 0.103125 0.083594 0.075000
0 0.416016 0.101042 0.055469 0.114583
0 0.371094 0.110937 0.059375 0.088542
0 0.475781 0.128125 0.071875 0.089583
0 0.553125 0.132292 0.062500 0.085417
0 0.183594 0.133854 0.065625 0.082292
0 0.696875 0.140625 0.067187 0.079167
0 0.037500 0.163021 0.059375 0.082292
0 0.101172 0.175000 0.058594 0.079167
0 0.588281 0.190625 0.064062 0.083333
0 0.237500 0.195312 0.062500 0.094792
0 0.817969 0.200000 0.064062 0.089583
0 0.416406 0.207292 0.068750 0.100000
0 0.339062 0.202604 0.068750 0.105208
0 0.758594 0.224479 0.051562 0.082292
0 0.200391 0.221875 0.072656 0.097917
0 0.453125 0.227083 0.064062 0.110417
0 0.291406 0.234896 0.071875 0.092708
0 0.496484 0.245833 0.067969 0.120833
0 0.868750 0.262500 0.079687 0.085417
0 0.605078 0.269792 0.067969 0.087500
0 0.946094 0.295833 0.068750 0.097917
0 0.271875 0.304688 0.075000 0.096875
0 0.058984 0.309896 0.057031 0.073958
0 0.191406 0.335417 0.067187 0.093750
0 0.417969 0.360938 0.065625 0.103125
0 0.604297 0.372917 0.064844 0.081250
0 0.351562 0.380729 0.073438 0.096875
0 0.760547 0.390625 0.066406 0.095833
0 0.111719 0.395313 0.064062 0.082292
0 0.306641 0.420312 0.066406 0.096875
0 0.367188 0.435937 0.070312 0.084375
0 0.500391 0.435417 0.080469 0.062500
0 0.972266 0.442708 0.063281 0.089583
0 0.622656 0.445833 0.076563 0.091667
0 0.146875 0.451562 0.060937 0.084375
0 0.028516 0.464583 0.057031 0.087500
0 0.781250 0.484375 0.084375 0.068750
0 0.096484 0.494792 0.060156 0.081250
0 0.608203 0.497396 0.060156 0.088542
0 0.847266 0.496354 0.047656 0.094792
0 0.673438 0.502604 0.065625 0.078125
0 0.884375 0.486979 0.070312 0.113542
0 0.353516 0.505208 0.066406 0.093750
0 0.405469 0.525000 0.070312 0.091667
0 0.796094 0.535417 0.076563 0.095833
0 0.030859 0.541667 0.061719 0.089583
0 0.248828 0.566667 0.075781 0.087500
0 0.420703 0.584375 0.072656 0.093750
0 0.884375 0.585417 0.078125 0.133333
0 0.325000 0.595313 0.065625 0.094792
0 0.128516 0.596354 0.064844 0.090625
0 0.069141 0.594792 0.067969 0.106250
0 0.585938 0.603646 0.057813 0.082292
0 0.941406 0.593750 0.062500 0.104167
0 0.699609 0.624479 0.069531 0.082292
0 0.752734 0.633333 0.063281 0.093750
0 0.278125 0.644792 0.064062 0.087500
0 0.480469 0.646875 0.059375 0.118750
0 0.098828 0.660937 0.061719 0.078125
0 0.437891 0.659896 0.049219 0.073958
0 0.334375 0.673438 0.067187 0.080208
0 0.961328 0.644792 0.085156 0.131250
0 0.582031 0.727604 0.064062 0.098958
0 0.076563 0.721875 0.057813 0.087500
0 0.631641 0.730208 0.060156 0.095833
0 0.949219 0.739583 0.075000 0.089583
0 0.791797 0.747917 0.069531 0.087500
0 0.302344 0.746354 0.064062 0.098958
0 0.360156 0.751563 0.064062 0.084375
0 0.032422 0.768750 0.064844 0.085417
0 0.421484 0.776563 0.064844 0.094792
0 0.163672 0.776563 0.064844 0.090625
0 0.240625 0.782292 0.065625 0.085417
0 0.473047 0.783854 0.071094 0.111458
0 0.555859 0.786979 0.069531 0.080208
0 0.753516 0.823958 0.083594 0.095833
0 0.271094 0.834896 0.070312 0.086458
0 0.374219 0.834375 0.076563 0.091667
0 0.126562 0.837500 0.059375 0.083333
0 0.496484 0.850000 0.077344 0.087500
0 0.401953 0.861979 0.075781 0.073958
0 0.666406 0.872396 0.084375 0.082292
0 0.843359 0.888542 0.060156 0.081250
0 0.733984 0.898438 0.071094 0.084375
0 0.175781 0.902604 0.070312 0.094792
0 0.404687 0.920312 0.071875 0.082292
0 0.493359 0.923438 0.082031 0.086458
0 0.261719 0.926562 0.060937 0.078125
0 0.047656 0.943229 0.057813 0.101042
0 0.664453 0.945312 0.069531 0.080208
0 0.901953 0.961458 0.074219 0.079167
1 0.473828 0.353646 0.055469 0.107292
1 0.475000 0.506250 0.067187 0.097917
