0 0.653125 0.246875 0.003125 0.006250
0 0.685547 0.292187 0.067969 0.084375
0 0.781250 0.254167 0.064062 0.085417
0 0.924219 0.308854 0.067187 0.094792
0 0.727344 0.038021 0.067187 0.076042
0 0.466406 0.038021 0.060937 0.076042
0 0.215625 0.039062 0.062500 0.078125
0 0.860938 0.052083 0.060937 0.077083
0 0.160156 0.056771 0.068750 0.088542
0 0.418359 0.080729 0.066406 0.092708
0 0.278516 0.089583 0.069531 0.075000
0 0.059375 0.101042 0.056250 0.081250
0 0.925000 0.119271 0.062500 0.084375
0 0.137109 0.125521 0.071094 0.082292
0 0.375000 0.124479 0.059375 0.082292
0 0.726953 0.129167 0.057031 0.077083
0 0.797656 0.133333 0.064062 0.085417
0 0.609766 0.156250 0.060156 0.081250
0 0.669141 0.160417 0.063281 0.091667
0 0.550391 0.165104 0.069531 0.088542
0 0.169531 0.171875 0.062500 0.083333
0 0.302344 0.194792 0.060937 0.083333
0 0.901953 0.204687 0.055469 0.088542
0 0.410938 0.206250 0.065625 0.093750
0 0.710547 0.228125 0.072656 0.091667
0 0.037891 0.229167 0.064844 0.081250
0 0.847266 0.265104 0.058594 0.082292
0 0.453516 0.267708 0.069531 0.085417
0 0.262891 0.269271 0.055469 0.080208
0 0.388281 0.303125 0.059375 0.085417
0 0.875000 0.334896 0.070312 0.088542
0 0.434766 0.350521 0.063281 0.086458
0 0.105078 0.353125 0.067969 0.077083
0 0.557422 0.362500 0.063281 0.100000
0 0.301563 0.364063 0.064062 0.084375
0 0.786719 0.367708 0.068750 0.093750
0 0.626172 0.372917 0.061719 0.089583
0 0.169141 0.383333 0.064844 0.091667
0 0.499609 0.391146 0.077344 0.088542
0 0.359375 0.404687 0.065625 0.084375
0 0.722656 0.395833 0.064062 0.104167
0 0.857031 0.410417 0.068750 0.083333
0 0.585547 0.424479 0.072656 0.092708
0 0.660937 0.408854 0.076563 0.071875
0 0.106250 0.423438 0.073438 0.094792
0 0.791797 0.440625 0.067969 0.085417
0 0.481641 0.449479 0.064844 0.088542
0 0.183984 0.450521 0.069531 0.092708
0 0.244531 0.467708 0.062500 0.079167
0 0.544531 0.473958 0.064062 0.079167
0 0.430078 0.493750 0.082031 0.079167
0 0.309766 0.513542 0.063281 0.085417
0 0.920703 0.523438 0.061719 0.076042
0 0.226172 0.529687 0.066406 0.088542
0 0.155469 0.530729 0.070312 0.084375
0 0.585156 0.546875 0.056250 0.110417
0 0.659766 0.552604 0.047656 0.076042
0 0.631641 0.568229 0.055469 0.096875
0 0.527734 0.568750 0.066406 0.087500
0 0.892578 0.614062 0.071094 0.092708
0 0.314063 0.621875 0.064062 0.083333
0 0.368750 0.633333 0.059375 0.104167
0 0.748828 0.639583 0.061719 0.100000
0 0.804688 0.631250 0.059375 0.087500
0 0.659375 0.649479 0.073438 0.086458
0 0.160156 0.652604 0.062500 0.096875
0 0.471094 0.655208 0.060937 0.097917
0 0.419141 0.661979 0.066406 0.086458
0 0.221875 0.673958 0.064062 0.089583
0 0.942969 0.679688 0.065625 0.090625
0 0.792188 0.696354 0.071875 0.076042
0 0.700000 0.699479 0.075000 0.090625
0 0.281641 0.737500 0.066406 0.091667
0 0.350391 0.738542 0.060156 0.085417
0 0.132422 0.743750 0.066406 0.091667
0 0.515625 0.750521 0.068750 0.101042
0 0.049219 0.752083 0.065625 0.085417
0 0.947656 0.770833 0.062500 0.093750
0 0.713672 0.775521 0.072656 0.084375
0 0.787500 0.780729 0.062500 0.092708
0 0.556641 0.782292 0.060156 0.077083
0 0.834766 0.794271 0.064844 0.103125
0 0.166406 0.825000 0.064062 0.091667
0 0.881250 0.827604 0.062500 0.088542
0 0.746484 0.834375 0.063281 0.081250
0 0.285547 0.845313 0.064844 0.101042
0 0.550391 0.845833 0.067969 0.083333
0 0.030859 0.864062 0.061719 0.082292
0 0.693359 0.871875 0.067969 0.091667
0 0.232031 0.879167 0.062500 0.081250
0 0.422656 0.894271 0.060937 0.084375
0 0.884766 0.905208 0.060156 0.079167
0 0.120313 0.909896 0.062500 0.103125
0 0.067969 0.922917 0.065625 0.097917
0 0.948438 0.930729 0.067187 0.080208
0 0.591016 0.934375 0.074219 0.091667
0 0.301563 0.939063 0.065625 0.088542
0 0.791016 0.940104 0.058594 0.080208
0 0.701562 0.952083 0.064062 0.079167
0 0.183984 0.967187 0.067969 0.076042
2 0.438281 0.573958 0.079687 0.106250
2 0.724609 0.526042 0.072656 0.110417
