0 0.455859 0.088021 0.067969 0.090625
0 0.082422 0.094792 0.083594 0.077083
0 0.095312 0.177083 0.071875 0.081250
0 0.030469 0.147396 0.060937 0.055208
0 0.033984 0.210938 0.067969 0.059375
0 0.462500 0.520833 0.071875 0.075000
0 0.216016 0.846875 0.061719 0.083333
0 0.311328 0.230208 0.071094 0.087500
0 0.312109 0.316146 0.055469 0.084375
0 0.853906 0.070312 0.071875 0.082292
0 0.144531 0.367188 0.065625 0.090625
0 0.215234 0.222396 0.058594 0.080208
0 0.098828 0.041667 0.074219 0.083333
0 0.230469 0.042708 0.065625 0.085417
0 0.567969 0.043229 0.082812 0.086458
0 0.683984 0.077083 0.058594 0.093750
0 0.636328 0.092708 0.064844 0.089583
0 0.786328 0.106250 0.072656 0.091667
0 0.571484 0.111979 0.086719 0.073958
0 0.214062 0.112500 0.068750 0.089583
0 0.954688 0.109896 0.056250 0.113542
0 0.909766 0.119271 0.058594 0.086458
0 0.339453 0.125521 0.055469 0.103125
0 0.260937 0.127083 0.048438 0.087500
0 0.398438 0.135937 0.067187 0.090625
0 0.723047 0.142708 0.064844 0.081250
0 0.576562 0.171354 0.059375 0.082292
0 0.640625 0.183854 0.057813 0.080208
0 0.776953 0.203646 0.061719 0.094792
0 0.521875 0.210938 0.059375 0.080208
0 0.878516 0.211458 0.067969 0.104167
0 0.119141 0.218750 0.060156 0.081250
0 0.739844 0.230208 0.073438 0.097917
0 0.831250 0.243750 0.071875 0.093750
0 0.361719 0.278646 0.060937 0.101042
0 0.247656 0.276042 0.062500 0.083333
0 0.033594 0.288021 0.067187 0.080208
0 0.140234 0.288021 0.066406 0.065625
0 0.414844 0.285938 0.057813 0.090625
0 0.541016 0.318229 0.064844 0.092708
0 0.811328 0.314063 0.074219 0.096875
0 0.598437 0.318229 0.057813 0.073958
0 0.730469 0.343750 0.067187 0.093750
0 0.226562 0.344792 0.071875 0.093750
0 0.465234 0.360417 0.064844 0.095833
0 0.088281 0.360938 0.059375 0.086458
0 0.957422 0.369792 0.066406 0.104167
0 0.265625 0.391146 0.057813 0.088542
0 0.890625 0.390104 0.075000 0.096875
0 0.353125 0.395833 0.065625 0.091667
0 0.419141 0.403125 0.064844 0.097917
0 0.651172 0.403646 0.063281 0.082292
0 0.795312 0.399479 0.067187 0.107292
0 0.204297 0.412500 0.072656 0.075000
0 0.497266 0.427083 0.089844 0.077083
0 0.846484 0.428646 0.066406 0.096875
0 0.906641 0.445312 0.069531 0.084375
0 0.686328 0.460417 0.060156 0.083333
0 0.297266 0.471875 0.071094 0.095833
0 0.166797 0.475000 0.053906 0.079167
0 0.557031 0.473438 0.062500 0.086458
0 0.100391 0.492708 0.072656 0.091667
0 0.408594 0.516667 0.051562 0.102083
0 0.635938 0.503125 0.059375 0.081250
0 0.032813 0.506250 0.065625 0.083333
0 0.893359 0.514062 0.066406 0.092708
0 0.364453 0.531771 0.058594 0.088542
0 0.944922 0.533854 0.071094 0.092708
0 0.208203 0.541146 0.069531 0.096875
0 0.147656 0.542708 0.064062 0.083333
0 0.569531 0.550521 0.062500 0.090625
0 0.788672 0.576042 0.075781 0.087500
0 0.088281 0.578646 0.067187 0.088542
0 0.959766 0.592708 0.072656 0.093750
0 0.426172 0.596875 0.071094 0.093750
0 0.241016 0.601042 0.069531 0.097917
0 0.864844 0.604167 0.065625 0.093750
0 0.667578 0.605729 0.064844 0.090625
0 0.608594 0.604167 0.067187 0.106250
0 0.188672 0.619792 0.061719 0.093750
0 0.478516 0.626563 0.071094 0.082292
0 0.142187 0.648438 0.062500 0.063542
0 0.299219 0.640625 0.065625 0.079167
0 0.817969 0.654167 0.064062 0.087500
0 0.978516 0.665625 0.050781 0.079167
0 0.638281 0.670312 0.060937 0.078125
0 0.873828 0.681771 0.066406 0.080208
0 0.339844 0.677083 0.067187 0.102083
0 0.401953 0.685937 0.066406 0.088542
0 0.544141 0.696875 0.063281 0.091667
0 0.200391 0.701562 0.071094 0.094792
0 0.068750 0.700000 0.064062 0.097917
0 0.483203 0.706250 0.067969 0.095833
0 0.135156 0.716146 0.071875 0.082292
0 0.616406 0.730729 0.057813 0.086458
0 0.431641 0.736979 0.066406 0.080208
0 0.285156 0.742708 0.067187 0.089583
0 0.842187 0.754687 0.064062 0.098958
0 0.900000 0.760417 0.064062 0.083333
0 0.372266 0.765625 0.064844 0.091667
0 0.189844 0.770312 0.048438 0.071875
0 0.571484 0.778125 0.064844 0.085417
0 0.966016 0.792188 0.075781 0.109375
0 0.703125 0.785937 0.064062 0.090625
0 0.042578 0.792188 0.072656 0.098958
0 0.780859 0.791667 0.064844 0.085417
0 0.418359 0.794792 0.061719 0.083333
0 0.333203 0.832292 0.063281 0.097917
0 0.810937 0.843750 0.070312 0.085417
0 0.487500 0.839063 0.065625 0.090625
0 0.666016 0.846875 0.058594 0.083333
0 0.572266 0.858854 0.061719 0.084375
0 0.127734 0.883333 0.060156 0.083333
0 0.430859 0.884375 0.072656 0.112500
0 0.532813 0.892708 0.075000 0.081250
0 0.382422 0.898438 0.067969 0.098958
0 0.942578 0.918750 0.074219 0.081250
0 0.715234 0.911458 0.071094 0.095833
0 0.473438 0.918750 0.073438 0.093750
0 0.195312 0.936458 0.075000 0.097917
0 0.801562 0.935937 0.060937 0.078125
0 0.587109 0.952604 0.057031 0.101042
0 0.098828 0.943750 0.067969 0.081250
0 0.326953 0.943229 0.067969 0.088542
0 0.262891 0.949479 0.067969 0.080208
0 0.532813 0.960938 0.064062 0.088542
3 0.355078 0.282292 0.066406 0.089583
