0 0.331641 0.964583 0.060156 0.070833
0 0.037891 0.724479 0.060156 0.080208
0 0.038672 0.644792 0.061719 0.085417
0 0.299219 0.643750 0.056250 0.070833
0 0.241797 0.658854 0.057031 0.078125
0 0.285938 0.573958 0.059375 0.081250
0 0.343750 0.503125 0.051562 0.075000
0 0.393359 0.529167 0.052344 0.070833
0 0.235156 0.543750 0.053125 0.066667
0 0.203906 0.596875 0.057813 0.072917
0 0.101953 0.393229 0.060156 0.082292
0 0.058203 0.294271 0.058594 0.076042
0 0.044141 0.067187 0.049219 0.076042
0 0.176172 0.041667 0.052344 0.079167
0 0.331641 0.042708 0.119531 0.083333
0 0.962891 0.114062 0.053906 0.063542
0 0.860156 0.215625 0.054688 0.085417
0 0.930859 0.861458 0.061719 0.077083
0 0.967969 0.918750 0.056250 0.072917
0 0.570703 0.846875 0.055469 0.093750
0 0.373437 0.455729 0.054688 0.071875
0 0.422656 0.434375 0.046875 0.072917
0 0.547266 0.970833 0.052344 0.058333
0 0.924219 0.542708 0.045312 0.066667
0 0.203516 0.806771 0.060156 0.073958
0 0.074219 0.036458 0.060937 0.072917
0 0.726953 0.037500 0.066406 0.075000
0 0.305859 0.041146 0.067969 0.082292
0 0.358594 0.041146 0.062500 0.082292
0 0.921484 0.038542 0.060156 0.077083
0 0.596484 0.054688 0.058594 0.076042
0 0.494141 0.066146 0.060156 0.078125
0 0.275000 0.086458 0.062500 0.081250
0 0.738281 0.094271 0.062500 0.078125
0 0.374609 0.097917 0.060156 0.085417
0 0.135937 0.109375 0.057813 0.081250
0 0.626953 0.109375 0.061719 0.079167
0 0.498047 0.125521 0.061719 0.071875
0 0.093750 0.120313 0.059375 0.084375
0 0.581250 0.127604 0.056250 0.080208
0 0.445312 0.128646 0.067187 0.084375
0 0.232031 0.131771 0.067187 0.088542
0 0.391797 0.145313 0.064844 0.082292
0 0.865234 0.146354 0.066406 0.086458
0 0.753906 0.146875 0.067187 0.087500
0 0.666797 0.159896 0.064844 0.090625
0 0.915625 0.178125 0.062500 0.091667
0 0.118750 0.186979 0.068750 0.094792
0 0.569141 0.191667 0.064844 0.081250
0 0.969141 0.193229 0.069531 0.090625
0 0.455078 0.200521 0.060156 0.090625
0 0.758203 0.214583 0.061719 0.081250
0 0.345703 0.220833 0.061719 0.085417
0 0.074219 0.228646 0.062500 0.084375
0 0.502734 0.242188 0.066406 0.086458
0 0.414844 0.252604 0.060937 0.084375
0 0.927344 0.248438 0.053125 0.082292
0 0.978906 0.286979 0.050000 0.134375
0 0.805078 0.258333 0.050781 0.087500
0 0.150000 0.271354 0.064062 0.094792
0 0.546875 0.276562 0.064062 0.088542
0 0.364063 0.284896 0.062500 0.084375
0 0.625391 0.284375 0.066406 0.087500
0 0.690234 0.286458 0.058594 0.085417
0 0.464062 0.291667 0.056250 0.079167
0 0.295312 0.295833 0.062500 0.087500
0 0.575391 0.303646 0.060156 0.088542
0 0.862109 0.305208 0.064844 0.077083
0 0.230078 0.323958 0.069531 0.089583
0 0.392188 0.341667 0.064062 0.087500
0 0.777734 0.348438 0.063281 0.098958
0 0.945703 0.345833 0.066406 0.083333
0 0.154688 0.353646 0.064062 0.090625
0 0.446094 0.356250 0.068750 0.087500
0 0.550000 0.365625 0.057813 0.093750
0 0.859375 0.385937 0.064062 0.090625
0 0.967187 0.385937 0.062500 0.082292
0 0.728516 0.416667 0.067969 0.081250
0 0.504297 0.420833 0.061719 0.083333
0 0.266797 0.444271 0.063281 0.082292
0 0.082031 0.460938 0.064062 0.082292
0 0.034766 0.481250 0.069531 0.091667
0 0.605469 0.474479 0.087500 0.094792
0 0.455859 0.496875 0.075781 0.127083
0 0.863281 0.495312 0.068750 0.094792
0 0.089844 0.523438 0.065625 0.094792
0 0.957031 0.530208 0.056250 0.081250
0 0.594141 0.540104 0.063281 0.080208
0 0.184766 0.532813 0.060156 0.094792
0 0.546094 0.544271 0.056250 0.082292
0 0.138672 0.557292 0.057031 0.091667
0 0.349219 0.571354 0.064062 0.084375
0 0.048047 0.575000 0.050781 0.079167
0 0.526172 0.585938 0.061719 0.086458
0 0.766406 0.593750 0.067187 0.079167
0 0.676953 0.597396 0.064844 0.086458
0 0.091406 0.614062 0.060937 0.069792
0 0.873437 0.615625 0.065625 0.087500
0 0.143750 0.645312 0.068750 0.086458
0 0.559766 0.651563 0.060156 0.078125
0 0.667578 0.666146 0.067969 0.086458
0 0.471484 0.673438 0.057031 0.086458
0 0.416406 0.683333 0.062500 0.083333
0 0.361719 0.713021 0.057813 0.078125
0 0.898828 0.719271 0.061719 0.080208
0 0.304688 0.723958 0.057813 0.081250
0 0.613281 0.724479 0.059375 0.067708
0 0.241406 0.734375 0.065625 0.091667
0 0.802734 0.744792 0.069531 0.083333
0 0.967578 0.746875 0.058594 0.077083
0 0.748047 0.756250 0.063281 0.083333
0 0.470703 0.769271 0.069531 0.084375
0 0.527734 0.770312 0.067969 0.084375
0 0.401562 0.769271 0.067187 0.073958
0 0.862500 0.772396 0.065625 0.084375
0 0.573438 0.778646 0.053125 0.080208
0 0.914062 0.790625 0.060937 0.083333
0 0.052344 0.810417 0.059375 0.085417
0 0.255078 0.826562 0.060156 0.078125
0 0.391797 0.836458 0.055469 0.091667
0 0.704688 0.840625 0.059375 0.085417
0 0.206250 0.852083 0.062500 0.095833
0 0.346875 0.867708 0.059375 0.083333
0 0.798047 0.866667 0.063281 0.066667
0 0.112500 0.912500 0.068750 0.081250
0 0.274609 0.913542 0.057031 0.081250
0 0.883594 0.909896 0.065625 0.078125
0 0.699609 0.914583 0.066406 0.095833
0 0.829688 0.926042 0.065625 0.083333
0 0.500781 0.928646 0.057813 0.082292
0 0.775391 0.934375 0.066406 0.079167
1 0.799609 0.564583 0.063281 0.087500
2 0.629687 0.891146 0.059375 0.078125
2 0.633984 0.794792 0.071094 0.079167
