0 0.383984 0.591667 0.064844 0.083333
0 0.225391 0.338542 0.082031 0.079167
0 0.919141 0.142708 0.066406 0.095833
0 0.943359 0.221875 0.055469 0.087500
0 0.778516 0.696354 0.074219 0.073958
0 0.807813 0.664062 0.064062 0.088542
0 0.858594 0.679167 0.054688 0.091667
0 0.741016 0.878125 0.086719 0.093750
0 0.667188 0.852604 0.062500 0.084375
0 0.626172 0.817187 0.071094 0.084375
0 0.061719 0.865625 0.056250 0.079167
0 0.181250 0.095833 0.076563 0.083333
0 0.569531 0.042188 0.068750 0.084375
0 0.027734 0.047396 0.055469 0.094792
0 0.687109 0.045312 0.071094 0.090625
0 0.241016 0.048438 0.092969 0.096875
0 0.125391 0.056250 0.100781 0.112500
0 0.325391 0.053646 0.063281 0.103125
0 0.889062 0.064062 0.057813 0.076042
0 0.286328 0.059375 0.057031 0.068750
0 0.530078 0.092708 0.083594 0.097917
0 0.286328 0.114583 0.094531 0.087500
0 0.466016 0.118750 0.066406 0.106250
0 0.410938 0.120313 0.067187 0.088542
0 0.648438 0.115625 0.067187 0.085417
0 0.591016 0.124479 0.071094 0.090625
0 0.064844 0.135937 0.057813 0.088542
0 0.874609 0.139063 0.061719 0.086458
0 0.027734 0.146354 0.055469 0.080208
0 0.263281 0.154167 0.078125 0.102083
0 0.537500 0.152083 0.062500 0.110417
0 0.049219 0.210417 0.079687 0.095833
0 0.883203 0.221875 0.057031 0.075000
0 0.335156 0.227604 0.067187 0.078125
0 0.094922 0.225521 0.058594 0.078125
0 0.514062 0.243229 0.065625 0.086458
0 0.599219 0.251563 0.060937 0.088542
0 0.721484 0.254167 0.063281 0.079167
0 0.435547 0.257292 0.063281 0.079167
0 0.233203 0.269271 0.075781 0.088542
0 0.046094 0.301042 0.060937 0.089583
0 0.550000 0.304688 0.065625 0.086458
0 0.871484 0.298438 0.078906 0.090625
0 0.089453 0.323958 0.052344 0.097917
0 0.464453 0.322917 0.072656 0.087500
0 0.819922 0.323958 0.067969 0.077083
0 0.605078 0.332813 0.086719 0.084375
0 0.315625 0.348958 0.067187 0.093750
0 0.664844 0.350000 0.057813 0.075000
0 0.944531 0.348958 0.057813 0.118750
0 0.752734 0.363542 0.061719 0.064583
0 0.903516 0.369792 0.060156 0.089583
0 0.473047 0.386458 0.082031 0.097917
0 0.125000 0.381771 0.050000 0.078125
0 0.040234 0.381771 0.080469 0.065625
0 0.399609 0.398958 0.074219 0.079167
0 0.791797 0.389583 0.067969 0.106250
0 0.843359 0.402083 0.064844 0.087500
0 0.267578 0.402083 0.071094 0.070833
0 0.160547 0.420833 0.074219 0.081250
0 0.336719 0.420833 0.068750 0.085417
0 0.034766 0.437500 0.069531 0.077083
0 0.276172 0.456771 0.064844 0.073958
0 0.699609 0.453646 0.063281 0.090625
0 0.562891 0.457292 0.066406 0.089583
0 0.746094 0.468750 0.067187 0.093750
0 0.207813 0.483854 0.068750 0.105208
0 0.811719 0.495312 0.075000 0.098958
0 0.505469 0.500521 0.064062 0.086458
0 0.154297 0.503125 0.063281 0.083333
0 0.972656 0.504167 0.057813 0.089583
0 0.664844 0.510417 0.046875 0.089583
0 0.845313 0.515625 0.078125 0.093750
0 0.280859 0.521875 0.069531 0.089583
0 0.096094 0.531771 0.067187 0.092708
0 0.738672 0.541146 0.074219 0.082292
0 0.227344 0.543229 0.068750 0.080208
0 0.891797 0.540104 0.077344 0.103125
0 0.460156 0.557292 0.067187 0.089583
0 0.527734 0.563021 0.069531 0.086458
0 0.818359 0.577604 0.083594 0.073958
0 0.174219 0.587500 0.059375 0.097917
0 0.126562 0.602083 0.060937 0.091667
0 0.033984 0.602604 0.061719 0.094792
0 0.633984 0.606771 0.055469 0.086458
0 0.297656 0.610938 0.067187 0.080208
0 0.726953 0.630208 0.061719 0.085417
0 0.916797 0.643750 0.069531 0.087500
0 0.079687 0.646354 0.075000 0.092708
0 0.194141 0.683333 0.067969 0.091667
0 0.142969 0.680208 0.059375 0.083333
0 0.598828 0.681771 0.060156 0.086458
0 0.478516 0.686979 0.066406 0.086458
0 0.654297 0.685417 0.060156 0.085417
0 0.538672 0.688542 0.071094 0.087500
0 0.307422 0.698438 0.058594 0.094792
0 0.262891 0.693229 0.071094 0.086458
0 0.942578 0.720313 0.063281 0.088542
0 0.408203 0.728646 0.063281 0.101042
0 0.033203 0.743750 0.066406 0.089583
0 0.601562 0.751042 0.060937 0.085417
0 0.447266 0.758333 0.063281 0.087500
0 0.078516 0.750521 0.058594 0.094792
0 0.194531 0.754167 0.065625 0.083333
0 0.346094 0.766667 0.075000 0.091667
0 0.969531 0.773958 0.068750 0.081250
0 0.121094 0.778125 0.081250 0.077083
0 0.883594 0.805208 0.067187 0.089583
0 0.556250 0.827604 0.075000 0.086458
0 0.928906 0.836979 0.089063 0.094792
0 0.309375 0.833333 0.070312 0.089583
0 0.464062 0.834896 0.073438 0.088542
0 0.187500 0.838021 0.073438 0.084375
0 0.608203 0.883333 0.055469 0.068750
0 0.181641 0.900521 0.064844 0.086458
0 0.532422 0.905729 0.075781 0.094792
0 0.120703 0.916146 0.078906 0.084375
0 0.032813 0.912500 0.062500 0.095833
0 0.396094 0.910937 0.060937 0.094792
0 0.450000 0.944792 0.089063 0.120833
0 0.234766 0.926042 0.074219 0.087500
0 0.336719 0.936979 0.073438 0.090625
0 0.846484 0.952083 0.064844 0.087500
0 0.264453 0.957812 0.063281 0.094792
3 0.790234 0.115104 0.082031 0.103125
