0 0.287109 0.751042 0.067969 0.095833
0 0.045312 0.049479 0.059375 0.073958
0 0.046484 0.121875 0.066406 0.077083
0 0.171094 0.452604 0.064062 0.103125
0 0.811719 0.920312 0.062500 0.088542
0 0.868359 0.942187 0.063281 0.088542
0 0.255469 0.353646 0.078125 0.078125
0 0.974609 0.047917 0.058594 0.095833
0 0.593359 0.063542 0.067969 0.091667
0 0.733984 0.079167 0.055469 0.079167
0 0.690625 0.088542 0.056250 0.089583
0 0.432812 0.096354 0.071875 0.084375
0 0.871484 0.106771 0.061719 0.082292
0 0.382031 0.106771 0.067187 0.098958
0 0.801562 0.110937 0.057813 0.080208
0 0.237891 0.123438 0.074219 0.084375
0 0.477734 0.128125 0.063281 0.081250
0 0.320703 0.139583 0.072656 0.093750
0 0.587109 0.147396 0.077344 0.094792
0 0.744922 0.154167 0.063281 0.089583
0 0.184766 0.148958 0.082031 0.133333
0 0.266016 0.164583 0.082031 0.102083
0 0.682422 0.165625 0.060156 0.083333
0 0.820312 0.184375 0.053125 0.095833
0 0.876953 0.177083 0.064844 0.089583
0 0.376563 0.191667 0.071875 0.102083
0 0.146484 0.196875 0.075781 0.095833
0 0.615625 0.205208 0.068750 0.091667
0 0.965234 0.206771 0.058594 0.088542
0 0.472266 0.211979 0.058594 0.086458
0 0.775391 0.213021 0.063281 0.080208
0 0.069531 0.216146 0.064062 0.096875
0 0.549219 0.234375 0.070312 0.081250
0 0.333594 0.239583 0.062500 0.085417
0 0.658984 0.247917 0.049219 0.100000
0 0.824219 0.273958 0.060937 0.091667
0 0.773828 0.298958 0.060156 0.083333
0 0.065625 0.310937 0.073438 0.088542
0 0.582422 0.330729 0.057031 0.080208
0 0.196484 0.331771 0.057031 0.109375
0 0.146094 0.336979 0.068750 0.086458
0 0.489844 0.341667 0.062500 0.089583
0 0.869922 0.344271 0.066406 0.076042
0 0.437109 0.365625 0.069531 0.097917
0 0.632812 0.360938 0.065625 0.084375
0 0.970313 0.372396 0.067187 0.101042
0 0.800781 0.399479 0.071875 0.086458
0 0.076953 0.405208 0.061719 0.110417
0 0.718359 0.397917 0.058594 0.077083
0 0.033203 0.412500 0.066406 0.120833
0 0.567187 0.411979 0.059375 0.086458
0 0.314844 0.430729 0.067187 0.096875
0 0.408203 0.436979 0.060156 0.092708
0 0.469141 0.436458 0.074219 0.079167
0 0.918359 0.441146 0.064844 0.078125
0 0.516016 0.446875 0.067969 0.102083
0 0.868359 0.465104 0.069531 0.082292
0 0.794922 0.472396 0.075781 0.088542
0 0.364063 0.478125 0.071875 0.091667
0 0.118750 0.485938 0.065625 0.086458
0 0.601953 0.483854 0.060156 0.090625
0 0.067578 0.530208 0.075781 0.087500
0 0.889453 0.530208 0.077344 0.085417
0 0.194141 0.569271 0.066406 0.092708
0 0.964453 0.580208 0.078906 0.104167
0 0.720703 0.577604 0.069531 0.086458
0 0.519922 0.592187 0.069531 0.086458
0 0.775391 0.590625 0.058594 0.089583
0 0.426172 0.608333 0.063281 0.106250
0 0.135937 0.633854 0.064062 0.096875
0 0.374609 0.634896 0.083594 0.086458
0 0.917969 0.641146 0.060937 0.098958
0 0.478906 0.644271 0.070312 0.086458
0 0.652734 0.634375 0.067969 0.104167
0 0.085547 0.656250 0.061719 0.089583
0 0.212500 0.673438 0.056250 0.090625
0 0.258203 0.666667 0.066406 0.095833
0 0.535547 0.665625 0.078906 0.079167
0 0.658984 0.693750 0.066406 0.085417
0 0.876953 0.692708 0.071094 0.091667
0 0.951953 0.703125 0.077344 0.081250
0 0.385937 0.717187 0.064062 0.094792
0 0.544922 0.719271 0.061719 0.069792
0 0.039062 0.723437 0.064062 0.076042
0 0.233203 0.734375 0.058594 0.075000
0 0.598828 0.748437 0.064844 0.086458
0 0.937500 0.759896 0.070312 0.090625
0 0.431250 0.763021 0.050000 0.080208
0 0.496094 0.759375 0.054688 0.091667
0 0.851562 0.782292 0.060937 0.116667
0 0.344531 0.768750 0.062500 0.093750
0 0.464453 0.766667 0.049219 0.081250
0 0.138281 0.794271 0.067187 0.090625
0 0.802344 0.796875 0.060937 0.095833
0 0.652734 0.796875 0.066406 0.085417
0 0.586328 0.802604 0.071094 0.084375
0 0.026953 0.821354 0.053906 0.082292
0 0.530078 0.828646 0.069531 0.090625
0 0.400391 0.828125 0.057031 0.072917
0 0.750000 0.832812 0.068750 0.084375
0 0.469531 0.839063 0.065625 0.096875
0 0.068750 0.850521 0.073438 0.088542
0 0.682813 0.861979 0.064062 0.078125
0 0.116406 0.866146 0.076563 0.086458
0 0.428906 0.875000 0.071875 0.089583
0 0.338281 0.880729 0.067187 0.084375
0 0.500781 0.899479 0.079687 0.065625
0 0.208594 0.923958 0.064062 0.085417
0 0.560937 0.923958 0.070312 0.089583
0 0.260156 0.930208 0.053125 0.087500
0 0.029297 0.932813 0.058594 0.090625
0 0.633594 0.932292 0.070312 0.091667
0 0.089453 0.932292 0.066406 0.089583
0 0.401562 0.941667 0.078125 0.093750
0 0.130859 0.948438 0.055469 0.086458
0 0.330078 0.958333 0.064844 0.083333
0 0.510938 0.962500 0.056250 0.085417
2 0.591016 0.597917 0.074219 0.106250
