0 0.078125 0.653125 0.067187 0.095833
0 0.307031 0.317188 0.053125 0.090625
0 0.353125 0.055729 0.064062 0.073958
0 0.683203 0.193750 0.046094 0.100000
0 0.835938 0.073438 0.050000 0.103125
0 0.884375 0.105729 0.053125 0.080208
0 0.871484 0.036458 0.057031 0.070833
0 0.639062 0.040104 0.062500 0.080208
0 0.421875 0.276042 0.053125 0.062500
0 0.490234 0.722917 0.055469 0.081250
0 0.328906 0.663542 0.051562 0.072917
0 0.302344 0.725521 0.046875 0.078125
0 0.335156 0.763021 0.046875 0.069792
0 0.791406 0.063542 0.056250 0.075000
0 0.276172 0.362500 0.058594 0.093750
0 0.070312 0.041667 0.065625 0.083333
0 0.465625 0.042188 0.071875 0.084375
0 0.534375 0.052083 0.068750 0.104167
0 0.594922 0.077083 0.069531 0.089583
0 0.653906 0.093229 0.062500 0.090625
0 0.140625 0.120313 0.071875 0.090625
0 0.336719 0.137500 0.060937 0.089583
0 0.383594 0.135937 0.056250 0.105208
0 0.766406 0.151042 0.067187 0.097917
0 0.171484 0.176563 0.055469 0.094792
0 0.216797 0.188542 0.058594 0.097917
0 0.565625 0.217708 0.062500 0.087500
0 0.367969 0.227083 0.067187 0.091667
0 0.162891 0.230208 0.064844 0.081250
0 0.778125 0.230729 0.065625 0.092708
0 0.516406 0.235937 0.065625 0.096875
0 0.954688 0.255208 0.067187 0.089583
0 0.063281 0.272917 0.067187 0.100000
0 0.709375 0.276562 0.067187 0.090625
0 0.547266 0.302604 0.063281 0.094792
0 0.861328 0.308333 0.060156 0.091667
0 0.109766 0.309375 0.064844 0.087500
0 0.235547 0.322396 0.063281 0.086458
0 0.399219 0.330208 0.079687 0.091667
0 0.684766 0.345833 0.063281 0.091667
0 0.353516 0.359375 0.050781 0.093750
0 0.756641 0.353125 0.064844 0.102083
0 0.880469 0.380729 0.068750 0.101042
0 0.414453 0.393750 0.060156 0.091667
0 0.123828 0.390625 0.067969 0.093750
0 0.307031 0.433333 0.064062 0.066667
0 0.628906 0.429688 0.064062 0.088542
0 0.504687 0.430729 0.064062 0.084375
0 0.245312 0.442188 0.068750 0.094792
0 0.831250 0.446354 0.068750 0.113542
0 0.669531 0.457813 0.060937 0.098958
0 0.444531 0.465104 0.064062 0.086458
0 0.784375 0.462500 0.053125 0.120833
0 0.103906 0.500000 0.067187 0.089583
0 0.399219 0.509896 0.068750 0.086458
0 0.701172 0.515625 0.063281 0.091667
0 0.749609 0.525521 0.061719 0.103125
0 0.202734 0.560937 0.066406 0.086458
0 0.126953 0.565104 0.067969 0.088542
0 0.537500 0.570833 0.067187 0.085417
0 0.608594 0.589063 0.067187 0.088542
0 0.867578 0.593750 0.074219 0.091667
0 0.568359 0.621354 0.066406 0.103125
0 0.767188 0.614062 0.059375 0.107292
0 0.725781 0.638021 0.056250 0.096875
0 0.910547 0.635938 0.071094 0.094792
0 0.513672 0.660937 0.067969 0.090625
0 0.408984 0.666667 0.064844 0.089583
0 0.458203 0.670312 0.057031 0.086458
0 0.373437 0.696875 0.046875 0.089583
0 0.628906 0.696354 0.067187 0.096875
0 0.816797 0.706250 0.060156 0.112500
0 0.769141 0.709896 0.060156 0.103125
0 0.182031 0.718750 0.068750 0.083333
0 0.253516 0.741667 0.063281 0.091667
0 0.333203 0.773958 0.064844 0.066667
0 0.549219 0.767188 0.067187 0.101042
0 0.456250 0.772917 0.060937 0.083333
0 0.860938 0.771875 0.068750 0.079167
0 0.950391 0.773958 0.064844 0.085417
0 0.374609 0.782292 0.060156 0.093750
0 0.182812 0.788021 0.067187 0.086458
0 0.298047 0.813021 0.060156 0.082292
0 0.678125 0.821354 0.068750 0.080208
0 0.561328 0.846875 0.063281 0.091667
0 0.195312 0.842187 0.060937 0.063542
0 0.093750 0.866667 0.065625 0.091667
0 0.395313 0.870833 0.059375 0.081250
0 0.156641 0.895833 0.060156 0.085417
0 0.219531 0.908333 0.078125 0.085417
0 0.586328 0.936979 0.064844 0.096875
0 0.089844 0.952604 0.065625 0.105208
0 0.205469 0.969271 0.065625 0.071875
2 0.469141 0.375521 0.071094 0.094792
