0 0.130469 0.266146 0.064062 0.084375
0 0.082812 0.228125 0.057813 0.060417
0 0.444141 0.075521 0.053906 0.065625
0 0.257812 0.652083 0.051562 0.075000
0 0.479297 0.644792 0.049219 0.075000
0 0.949219 0.193750 0.059375 0.079167
0 0.041016 0.366146 0.057031 0.076042
0 0.241406 0.428646 0.054688 0.071875
0 0.571094 0.665625 0.056250 0.062500
0 0.318359 0.496354 0.060156 0.086458
0 0.843359 0.947396 0.055469 0.080208
0 0.326562 0.597396 0.054688 0.073958
0 0.342969 0.386979 0.050000 0.076042
0 0.402344 0.517188 0.060937 0.073958
0 0.100000 0.393750 0.059375 0.077083
0 0.112500 0.327083 0.059375 0.058333
0 0.387500 0.355208 0.057813 0.083333
0 0.343359 0.318229 0.060156 0.076042
0 0.785547 0.281250 0.058594 0.066667
0 0.741016 0.234896 0.061719 0.071875
0 0.698047 0.033854 0.063281 0.067708
0 0.125000 0.035937 0.064062 0.071875
0 0.614453 0.042188 0.092969 0.084375
0 0.231250 0.043750 0.087500 0.087500
0 0.180078 0.046875 0.052344 0.083333
0 0.830078 0.067187 0.064844 0.080208
0 0.284766 0.075521 0.061719 0.084375
0 0.336719 0.075521 0.065625 0.065625
0 0.658203 0.087500 0.074219 0.085417
0 0.048438 0.095312 0.056250 0.078125
0 0.887500 0.100000 0.060937 0.075000
0 0.965625 0.131771 0.076563 0.113542
0 0.342969 0.125000 0.064062 0.066667
0 0.581641 0.117708 0.061719 0.077083
0 0.186719 0.121354 0.060937 0.082292
0 0.420703 0.138542 0.072656 0.081250
0 0.634375 0.135937 0.068750 0.076042
0 0.797656 0.144792 0.065625 0.083333
0 0.696875 0.153125 0.056250 0.085417
0 0.535547 0.154688 0.066406 0.082292
0 0.145313 0.163021 0.060937 0.078125
0 0.058594 0.154688 0.068750 0.073958
0 0.753125 0.150521 0.079687 0.086458
0 0.489063 0.176563 0.057813 0.080208
0 0.650781 0.182812 0.068750 0.082292
0 0.869922 0.178646 0.060156 0.086458
0 0.284375 0.201042 0.064062 0.085417
0 0.193359 0.207813 0.061719 0.080208
0 0.439063 0.214062 0.068750 0.086458
0 0.339453 0.219271 0.069531 0.086458
0 0.820312 0.229167 0.053125 0.079167
0 0.389453 0.239583 0.063281 0.087500
0 0.500000 0.240104 0.062500 0.082292
0 0.234375 0.248438 0.060937 0.084375
0 0.566797 0.247396 0.061719 0.080208
0 0.674219 0.251042 0.067187 0.081250
0 0.460938 0.276042 0.062500 0.081250
0 0.547656 0.289583 0.060937 0.075000
0 0.852734 0.302604 0.064844 0.082292
0 0.719922 0.304167 0.052344 0.079167
0 0.195703 0.305729 0.061719 0.076042
0 0.285938 0.308854 0.062500 0.080208
0 0.667578 0.328646 0.063281 0.090625
0 0.976953 0.344792 0.053906 0.087500
0 0.777734 0.344792 0.066406 0.085417
0 0.837109 0.391667 0.057031 0.075000
0 0.676562 0.400521 0.056250 0.086458
0 0.752344 0.404167 0.064062 0.089583
0 0.448047 0.407292 0.064844 0.087500
0 0.604297 0.416146 0.058594 0.063542
0 0.060937 0.443750 0.064062 0.070833
0 0.910156 0.449479 0.057813 0.071875
0 0.488281 0.453125 0.064062 0.087500
0 0.960156 0.452083 0.065625 0.087500
0 0.168750 0.456250 0.062500 0.081250
0 0.770703 0.461458 0.060156 0.075000
0 0.110156 0.482292 0.057813 0.077083
0 0.879297 0.490625 0.066406 0.085417
0 0.542188 0.497917 0.064062 0.079167
0 0.924609 0.516146 0.058594 0.084375
0 0.093750 0.525521 0.059375 0.082292
0 0.204297 0.526042 0.064844 0.081250
0 0.498047 0.526042 0.055469 0.072917
0 0.767188 0.526563 0.056250 0.086458
0 0.457422 0.551562 0.058594 0.071875
0 0.559375 0.561458 0.062500 0.085417
0 0.156641 0.563021 0.058594 0.073958
0 0.960547 0.571354 0.064844 0.086458
0 0.705469 0.567187 0.062500 0.065625
0 0.119141 0.614062 0.058594 0.082292
0 0.385156 0.622917 0.070312 0.064583
0 0.812891 0.618750 0.061719 0.081250
0 0.861328 0.624479 0.060156 0.082292
0 0.201172 0.630729 0.047656 0.078125
0 0.925391 0.623958 0.064844 0.068750
0 0.063281 0.644271 0.057813 0.084375
0 0.755078 0.654167 0.067969 0.079167
0 0.929688 0.678646 0.065625 0.073958
0 0.637109 0.674479 0.047656 0.078125
0 0.698047 0.684375 0.069531 0.114583
0 0.314453 0.682292 0.055469 0.075000
0 0.114453 0.685937 0.061719 0.094792
0 0.808984 0.684896 0.053906 0.082292
0 0.968359 0.707812 0.071094 0.103125
0 0.036719 0.704167 0.057813 0.081250
0 0.887891 0.707292 0.060156 0.079167
0 0.757031 0.713542 0.078125 0.110417
0 0.844922 0.731771 0.058594 0.076042
0 0.120313 0.758333 0.067187 0.083333
0 0.942578 0.767188 0.057031 0.078125
0 0.368750 0.777083 0.048438 0.087500
0 0.628906 0.777083 0.059375 0.083333
0 0.775000 0.785417 0.059375 0.075000
0 0.325391 0.784375 0.061719 0.081250
0 0.975781 0.786458 0.056250 0.085417
0 0.675391 0.801042 0.069531 0.116667
0 0.468750 0.813542 0.068750 0.077083
0 0.728906 0.814063 0.067187 0.084375
0 0.040234 0.835417 0.080469 0.108333
0 0.276562 0.824479 0.062500 0.076042
0 0.188672 0.839063 0.055469 0.073958
0 0.922266 0.843229 0.089844 0.082292
0 0.533203 0.849479 0.061719 0.080208
0 0.346094 0.862500 0.056250 0.083333
0 0.085547 0.863542 0.071094 0.112500
0 0.845703 0.863021 0.063281 0.065625
0 0.656250 0.880729 0.057813 0.076042
0 0.221484 0.891667 0.092969 0.118750
0 0.405469 0.900521 0.064062 0.086458
0 0.610938 0.899479 0.056250 0.082292
0 0.701562 0.907292 0.062500 0.081250
0 0.173828 0.910937 0.047656 0.086458
0 0.364453 0.928125 0.060156 0.079167
0 0.228906 0.946354 0.057813 0.076042
0 0.088672 0.954688 0.071094 0.101042
0 0.036328 0.959896 0.072656 0.090625
0 0.643750 0.960938 0.081250 0.088542
0 0.144141 0.968229 0.058594 0.073958
0 0.552734 0.969271 0.066406 0.071875
1 0.710156 0.485938 0.064062 0.084375
