0 0.935547 0.806771 0.046094 0.092708
0 0.962500 0.743750 0.062500 0.081250
0 0.503516 0.411458 0.078906 0.079167
0 0.569922 0.970313 0.071094 0.059375
0 0.654687 0.326042 0.065625 0.081250
0 0.074609 0.036458 0.060156 0.072917
0 0.338672 0.043229 0.063281 0.086458
0 0.619531 0.045312 0.065625 0.090625
0 0.184375 0.044271 0.070312 0.086458
0 0.100391 0.079687 0.063281 0.086458
0 0.803906 0.082812 0.064062 0.082292
0 0.435156 0.084375 0.059375 0.081250
0 0.280859 0.085417 0.057031 0.085417
0 0.946875 0.088021 0.060937 0.088542
0 0.680078 0.098958 0.061719 0.083333
0 0.741016 0.111458 0.067969 0.091667
0 0.053516 0.111458 0.055469 0.122917
0 0.133203 0.122917 0.071094 0.106250
0 0.835156 0.152604 0.060937 0.086458
0 0.797266 0.175521 0.050781 0.071875
0 0.697656 0.170833 0.067187 0.087500
0 0.089453 0.180729 0.053906 0.073958
0 0.486719 0.185417 0.064062 0.087500
0 0.753125 0.188542 0.062500 0.085417
0 0.047656 0.217188 0.075000 0.103125
0 0.842187 0.220312 0.059375 0.073958
0 0.888281 0.245312 0.062500 0.090625
0 0.707812 0.250000 0.062500 0.081250
0 0.520312 0.253646 0.060937 0.092708
0 0.602344 0.255208 0.067187 0.093750
0 0.469922 0.271354 0.058594 0.098958
0 0.097656 0.286458 0.059375 0.093750
0 0.835547 0.286979 0.057031 0.076042
0 0.565234 0.302604 0.072656 0.109375
0 0.044531 0.306250 0.060937 0.100000
0 0.879687 0.319792 0.062500 0.079167
0 0.509375 0.332292 0.068750 0.081250
0 0.938672 0.344271 0.064844 0.090625
0 0.123828 0.368750 0.058594 0.085417
0 0.584375 0.368229 0.059375 0.080208
0 0.064844 0.369271 0.068750 0.092708
0 0.883984 0.397917 0.069531 0.085417
0 0.550781 0.400521 0.068750 0.109375
0 0.649219 0.405208 0.062500 0.100000
0 0.023828 0.453125 0.047656 0.070833
0 0.099609 0.427604 0.060156 0.094792
0 0.068750 0.449479 0.056250 0.082292
0 0.146094 0.452083 0.065625 0.093750
0 0.628516 0.439583 0.071094 0.106250
0 0.862891 0.476562 0.064844 0.094792
0 0.578516 0.476562 0.061719 0.082292
0 0.493750 0.488021 0.067187 0.076042
0 0.118359 0.516667 0.060156 0.095833
0 0.653125 0.521354 0.060937 0.086458
0 0.073828 0.529687 0.061719 0.090625
0 0.168359 0.528646 0.064844 0.086458
0 0.571875 0.555729 0.062500 0.078125
0 0.856641 0.565104 0.063281 0.086458
0 0.492969 0.564063 0.073438 0.080208
0 0.632422 0.584896 0.063281 0.080208
0 0.909375 0.592187 0.070312 0.082292
0 0.153516 0.591667 0.069531 0.093750
0 0.208594 0.591667 0.065625 0.091667
0 0.694141 0.595313 0.055469 0.084375
0 0.097656 0.604688 0.062500 0.098958
0 0.435937 0.606771 0.065625 0.096875
0 0.797656 0.625000 0.067187 0.077083
0 0.551172 0.632292 0.064844 0.093750
0 0.253125 0.646354 0.059375 0.084375
0 0.857031 0.655729 0.064062 0.090625
0 0.617188 0.655729 0.067187 0.078125
0 0.923438 0.660417 0.068750 0.079167
0 0.195312 0.662500 0.060937 0.089583
0 0.676562 0.666667 0.060937 0.089583
0 0.733203 0.671354 0.053906 0.073958
0 0.140234 0.671354 0.072656 0.088542
0 0.414453 0.686979 0.060156 0.088542
0 0.786719 0.693229 0.064062 0.082292
0 0.281250 0.709375 0.064062 0.083333
0 0.357812 0.715104 0.070312 0.084375
0 0.858984 0.723958 0.047656 0.081250
0 0.557031 0.721354 0.060937 0.084375
0 0.107031 0.720313 0.060937 0.092708
0 0.625391 0.726562 0.058594 0.076042
0 0.734766 0.740625 0.061719 0.089583
0 0.169141 0.742708 0.071094 0.093750
0 0.678125 0.744271 0.065625 0.086458
0 0.227734 0.761458 0.060156 0.108333
0 0.778125 0.767188 0.062500 0.094792
0 0.498828 0.767708 0.060156 0.075000
0 0.830078 0.782813 0.057031 0.094792
0 0.277734 0.785937 0.057031 0.080208
0 0.405078 0.786458 0.067969 0.087500
0 0.885156 0.790625 0.056250 0.087500
0 0.123828 0.793750 0.072656 0.077083
0 0.552344 0.809375 0.062500 0.081250
0 0.604297 0.823438 0.055469 0.096875
0 0.738281 0.815104 0.067187 0.092708
0 0.679688 0.821875 0.062500 0.087500
0 0.183594 0.822917 0.075000 0.091667
0 0.466016 0.828646 0.067969 0.084375
0 0.796875 0.844792 0.060937 0.079167
0 0.114844 0.867188 0.060937 0.084375
0 0.068359 0.854688 0.053906 0.096875
0 0.382422 0.872396 0.071094 0.084375
0 0.269531 0.877604 0.059375 0.090625
0 0.546875 0.886979 0.060937 0.082292
0 0.716406 0.891146 0.064062 0.086458
0 0.637109 0.867708 0.085156 0.108333
0 0.658203 0.909375 0.066406 0.077083
0 0.498828 0.913021 0.080469 0.103125
0 0.151562 0.904687 0.078125 0.101042
0 0.591406 0.941667 0.062500 0.127083
0 0.332813 0.928646 0.060937 0.084375
0 0.084766 0.941667 0.069531 0.091667
0 0.266016 0.956771 0.060156 0.078125
0 0.472656 0.961458 0.073438 0.087500
0 0.695312 0.963021 0.057813 0.084375
2 0.496094 0.683333 0.075000 0.097917
2 0.928906 0.436979 0.085938 0.098958
2 0.404687 0.953646 0.081250 0.086458
1 0.316406 0.845313 0.064062 0.076042
