0 0.766406 0.751042 0.060937 0.081250
0 0.098828 0.222917 0.058594 0.083333
0 0.070312 0.169792 0.073438 0.097917
0 0.933594 0.048958 0.064062 0.081250
0 0.735547 0.938542 0.058594 0.079167
0 0.689063 0.896354 0.051562 0.101042
0 0.763281 0.866146 0.067187 0.105208
0 0.731641 0.823438 0.061719 0.111458
0 0.156250 0.391146 0.071875 0.076042
0 0.382031 0.492708 0.070312 0.085417
0 0.830859 0.684896 0.058594 0.107292
0 0.115625 0.045312 0.070312 0.090625
0 0.541797 0.047396 0.069531 0.088542
0 0.822266 0.049479 0.060156 0.080208
0 0.750781 0.051042 0.092188 0.102083
0 0.222266 0.076042 0.074219 0.077083
0 0.409766 0.076563 0.060156 0.084375
0 0.703125 0.090104 0.075000 0.090625
0 0.070312 0.087500 0.068750 0.085417
0 0.469141 0.092188 0.066406 0.071875
0 0.848047 0.106250 0.074219 0.091667
0 0.782031 0.132292 0.064062 0.093750
0 0.312500 0.133333 0.067187 0.102083
0 0.717578 0.138542 0.078906 0.085417
0 0.140625 0.137500 0.073438 0.087500
0 0.361719 0.167187 0.057813 0.063542
0 0.885938 0.159896 0.068750 0.084375
0 0.832422 0.173958 0.061719 0.083333
0 0.488672 0.171354 0.066406 0.078125
0 0.588672 0.180729 0.074219 0.082292
0 0.399219 0.196875 0.073438 0.081250
0 0.289062 0.197917 0.084375 0.085417
0 0.727344 0.209896 0.068750 0.092708
0 0.660937 0.213021 0.070312 0.092708
0 0.885547 0.229687 0.052344 0.088542
0 0.804297 0.235937 0.063281 0.113542
0 0.150000 0.237500 0.065625 0.112500
0 0.454297 0.233854 0.072656 0.082292
0 0.208984 0.232292 0.072656 0.085417
0 0.276172 0.245833 0.061719 0.070833
0 0.588672 0.243750 0.067969 0.087500
0 0.769141 0.266667 0.061719 0.093750
0 0.406250 0.284896 0.056250 0.107292
0 0.673047 0.307812 0.064844 0.103125
0 0.828906 0.304688 0.073438 0.092708
0 0.730859 0.306250 0.063281 0.083333
0 0.450781 0.314063 0.068750 0.088542
0 0.153906 0.320312 0.068750 0.086458
0 0.272266 0.316146 0.066406 0.069792
0 0.093359 0.346354 0.064844 0.088542
0 0.933984 0.344792 0.071094 0.100000
0 0.619922 0.360938 0.071094 0.090625
0 0.883594 0.383854 0.064062 0.063542
0 0.428516 0.369792 0.069531 0.097917
0 0.492969 0.381771 0.068750 0.086458
0 0.249609 0.393229 0.061719 0.098958
0 0.563281 0.399479 0.073438 0.082292
0 0.061328 0.406250 0.075781 0.095833
0 0.301172 0.430208 0.077344 0.114583
0 0.394141 0.416667 0.074219 0.091667
0 0.184375 0.438542 0.065625 0.070833
0 0.478906 0.452083 0.067187 0.110417
0 0.087891 0.461458 0.085156 0.102083
0 0.335547 0.470313 0.057031 0.103125
0 0.544141 0.450521 0.077344 0.073958
0 0.437500 0.469271 0.046875 0.084375
0 0.242188 0.476562 0.064062 0.092708
0 0.971875 0.473438 0.064062 0.098958
0 0.539453 0.508333 0.089844 0.072917
0 0.842187 0.503646 0.057813 0.080208
0 0.108984 0.517708 0.055469 0.089583
0 0.696875 0.507812 0.071875 0.092708
0 0.594922 0.517708 0.066406 0.083333
0 0.167578 0.526042 0.057031 0.089583
0 0.296484 0.518750 0.061719 0.091667
0 0.480078 0.560417 0.063281 0.095833
0 0.201953 0.559375 0.057031 0.085417
0 0.252734 0.584896 0.060156 0.092708
0 0.300000 0.611458 0.065625 0.089583
0 0.192578 0.618750 0.074219 0.072917
0 0.967187 0.653125 0.073438 0.102083
0 0.748437 0.654167 0.056250 0.100000
0 0.909766 0.661979 0.066406 0.080208
0 0.255469 0.668750 0.062500 0.077083
0 0.793359 0.671354 0.057031 0.092708
0 0.690234 0.696875 0.060156 0.093750
0 0.861328 0.718750 0.060156 0.064583
0 0.251172 0.747396 0.066406 0.090625
0 0.910156 0.757812 0.068750 0.086458
0 0.693750 0.791146 0.065625 0.098958
0 0.806641 0.846354 0.063281 0.063542
0 0.608203 0.869792 0.053906 0.070833
0 0.650000 0.874479 0.060937 0.105208
2 0.354297 0.294271 0.078906 0.098958
