0 0.144531 0.579167 0.060937 0.081250
0 0.057422 0.802083 0.060156 0.091667
0 0.035937 0.672396 0.067187 0.092708
0 0.664062 0.048958 0.060937 0.097917
0 0.450000 0.077083 0.051562 0.079167
0 0.965625 0.254167 0.051562 0.079167
0 0.918750 0.959375 0.060937 0.081250
0 0.276562 0.175521 0.051562 0.071875
0 0.424219 0.970313 0.064062 0.059375
0 0.529687 0.275521 0.054688 0.069792
0 0.175391 0.036979 0.060156 0.073958
0 0.891406 0.043229 0.068750 0.086458
0 0.240625 0.049479 0.060937 0.098958
0 0.083984 0.051042 0.060156 0.079167
0 0.940625 0.079167 0.062500 0.079167
0 0.285156 0.082812 0.059375 0.082292
0 0.200000 0.084896 0.056250 0.080208
0 0.129688 0.086458 0.054688 0.072917
0 0.039453 0.099479 0.058594 0.084375
0 0.884766 0.126042 0.064844 0.079167
0 0.794531 0.130208 0.062500 0.075000
0 0.521484 0.143229 0.064844 0.105208
0 0.073438 0.152083 0.070312 0.089583
0 0.223828 0.149479 0.058594 0.082292
0 0.337109 0.153646 0.063281 0.080208
0 0.385156 0.166667 0.057813 0.091667
0 0.950391 0.173437 0.058594 0.084375
0 0.710938 0.179688 0.059375 0.082292
0 0.175781 0.186979 0.068750 0.078125
0 0.113672 0.197917 0.064844 0.079167
0 0.888672 0.196875 0.069531 0.085417
0 0.655469 0.202083 0.065625 0.081250
0 0.782422 0.224479 0.061719 0.084375
0 0.488281 0.221354 0.070312 0.086458
0 0.378906 0.237500 0.060937 0.083333
0 0.610547 0.240625 0.069531 0.085417
0 0.233984 0.247396 0.060156 0.086458
0 0.083594 0.246354 0.064062 0.080208
0 0.162500 0.250521 0.062500 0.082292
0 0.823828 0.265104 0.064844 0.088542
0 0.869141 0.263021 0.058594 0.080208
0 0.305469 0.286458 0.054688 0.075000
0 0.477344 0.300521 0.057813 0.088542
0 0.236328 0.305729 0.057031 0.080208
0 0.075391 0.311458 0.064844 0.083333
0 0.903906 0.323437 0.062500 0.084375
0 0.377734 0.334375 0.061719 0.100000
0 0.329297 0.347917 0.058594 0.087500
0 0.923438 0.385417 0.060937 0.087500
0 0.251172 0.427083 0.061719 0.081250
0 0.827734 0.459375 0.071094 0.085417
0 0.738672 0.466146 0.061719 0.082292
0 0.882812 0.464583 0.064062 0.089583
0 0.436719 0.476042 0.065625 0.081250
0 0.184375 0.482292 0.064062 0.085417
0 0.275000 0.492708 0.062500 0.087500
0 0.697656 0.492188 0.057813 0.078125
0 0.801562 0.514583 0.068750 0.062500
0 0.367188 0.529687 0.065625 0.094792
0 0.937500 0.529167 0.062500 0.081250
0 0.210156 0.535417 0.057813 0.077083
0 0.274609 0.566146 0.066406 0.090625
0 0.462500 0.587500 0.059375 0.087500
0 0.922656 0.593229 0.057813 0.080208
0 0.049219 0.600521 0.065625 0.078125
0 0.196094 0.602604 0.067187 0.088542
0 0.330078 0.606250 0.067969 0.087500
0 0.519141 0.610938 0.066406 0.082292
0 0.860156 0.633333 0.064062 0.081250
0 0.633594 0.645833 0.060937 0.083333
0 0.125781 0.646354 0.065625 0.084375
0 0.973437 0.647917 0.060937 0.087500
0 0.565234 0.646875 0.066406 0.081250
0 0.775781 0.654687 0.067187 0.092708
0 0.892578 0.665625 0.064844 0.100000
0 0.259375 0.671354 0.059375 0.080208
0 0.155469 0.684375 0.062500 0.097917
0 0.462891 0.708854 0.072656 0.088542
0 0.247656 0.742708 0.060937 0.085417
0 0.873828 0.748958 0.069531 0.093750
0 0.926953 0.746354 0.061719 0.082292
0 0.542578 0.757292 0.061719 0.087500
0 0.142187 0.777083 0.064062 0.079167
0 0.458203 0.780729 0.069531 0.088542
0 0.278125 0.790104 0.068750 0.086458
0 0.741016 0.798958 0.074219 0.087500
0 0.919141 0.802604 0.072656 0.065625
0 0.226562 0.813021 0.059375 0.082292
0 0.652734 0.825521 0.067969 0.086458
0 0.423047 0.829688 0.064844 0.086458
0 0.563281 0.830208 0.065625 0.089583
0 0.336719 0.830208 0.071875 0.089583
0 0.514844 0.832812 0.054688 0.073958
0 0.915625 0.841146 0.075000 0.076042
0 0.862500 0.843229 0.054688 0.092708
0 0.751953 0.865104 0.072656 0.094792
0 0.692969 0.882292 0.073438 0.089583
0 0.270703 0.895833 0.061719 0.085417
0 0.511328 0.894792 0.063281 0.081250
0 0.578125 0.894271 0.064062 0.082292
0 0.841797 0.910937 0.066406 0.092708
0 0.369141 0.925521 0.061719 0.084375
0 0.773828 0.932813 0.072656 0.090625
0 0.580078 0.961979 0.067969 0.086458
0 0.689063 0.958333 0.062500 0.093750
2 0.632031 0.752604 0.070312 0.101042
2 0.808984 0.599479 0.063281 0.105208
3 0.398828 0.418750 0.063281 0.106250
