0 0.271875 0.737500 0.064062 0.083333
0 0.206250 0.935937 0.054688 0.078125
0 0.611328 0.911979 0.050781 0.069792
0 0.676953 0.228646 0.074219 0.076042
0 0.907813 0.038021 0.059375 0.076042
0 0.825391 0.043750 0.077344 0.087500
0 0.321875 0.042188 0.064062 0.084375
0 0.666016 0.044792 0.069531 0.089583
0 0.239063 0.045312 0.064062 0.086458
0 0.528906 0.053125 0.064062 0.085417
0 0.118750 0.065625 0.067187 0.093750
0 0.466016 0.073438 0.066406 0.088542
0 0.714844 0.075000 0.062500 0.085417
0 0.389062 0.078125 0.068750 0.085417
0 0.601562 0.086979 0.065625 0.086458
0 0.877344 0.089583 0.060937 0.083333
0 0.184766 0.095312 0.066406 0.082292
0 0.060547 0.103646 0.063281 0.080208
0 0.810156 0.105208 0.062500 0.083333
0 0.760156 0.110937 0.060937 0.088542
0 0.239844 0.125000 0.059375 0.077083
0 0.967578 0.129167 0.063281 0.081250
0 0.164453 0.141667 0.060156 0.079167
0 0.647656 0.150000 0.070312 0.093750
0 0.293359 0.153646 0.067969 0.096875
0 0.544531 0.148958 0.064062 0.083333
0 0.379297 0.159896 0.060156 0.082292
0 0.454297 0.165625 0.067969 0.087500
0 0.891406 0.176563 0.056250 0.092708
0 0.819531 0.181771 0.057813 0.076042
0 0.743750 0.192708 0.067187 0.087500
0 0.588672 0.202604 0.057031 0.078125
0 0.968359 0.207292 0.061719 0.081250
0 0.328125 0.212500 0.056250 0.081250
0 0.145313 0.210938 0.068750 0.078125
0 0.414062 0.228646 0.064062 0.082292
0 0.273828 0.243229 0.063281 0.090625
0 0.775781 0.247917 0.067187 0.087500
0 0.855469 0.251042 0.065625 0.089583
0 0.038281 0.271354 0.071875 0.094792
0 0.141797 0.273438 0.061719 0.078125
0 0.200781 0.271354 0.062500 0.082292
0 0.589844 0.283333 0.060937 0.085417
0 0.328125 0.289062 0.059375 0.080208
0 0.449609 0.293229 0.067969 0.086458
0 0.814063 0.303125 0.067187 0.077083
0 0.510156 0.304688 0.059375 0.080208
0 0.687891 0.310417 0.061719 0.081250
0 0.749609 0.323958 0.063281 0.087500
0 0.093359 0.328646 0.077344 0.094792
0 0.283984 0.344792 0.063281 0.095833
0 0.221875 0.346354 0.062500 0.078125
0 0.626563 0.351042 0.068750 0.089583
0 0.967578 0.357292 0.061719 0.100000
0 0.906250 0.376042 0.065625 0.095833
0 0.823828 0.378125 0.078906 0.087500
0 0.495312 0.379167 0.059375 0.079167
0 0.409375 0.383854 0.067187 0.092708
0 0.567187 0.380729 0.060937 0.088542
0 0.701953 0.395313 0.064844 0.086458
0 0.178125 0.409896 0.067187 0.084375
0 0.083203 0.410938 0.061719 0.078125
0 0.791406 0.440104 0.062500 0.088542
0 0.546875 0.455729 0.068750 0.076042
0 0.428125 0.457813 0.065625 0.090625
0 0.627734 0.466667 0.058594 0.087500
0 0.126562 0.465104 0.067187 0.088542
0 0.733984 0.468750 0.063281 0.089583
0 0.317188 0.470313 0.075000 0.084375
0 0.485938 0.469271 0.059375 0.084375
0 0.199609 0.473958 0.072656 0.072917
0 0.890625 0.485417 0.065625 0.079167
0 0.975391 0.499479 0.050781 0.086458
0 0.678125 0.501042 0.064062 0.083333
0 0.248047 0.508333 0.069531 0.087500
0 0.512500 0.510417 0.065625 0.083333
0 0.079297 0.520312 0.060156 0.082292
0 0.770703 0.523958 0.060156 0.083333
0 0.332422 0.532813 0.064844 0.086458
0 0.141797 0.543229 0.067969 0.086458
0 0.933203 0.550000 0.071094 0.089583
0 0.447656 0.552083 0.071875 0.091667
0 0.391797 0.560417 0.064844 0.085417
0 0.713672 0.561979 0.058594 0.080208
0 0.564063 0.564583 0.070312 0.083333
0 0.804297 0.570312 0.066406 0.088542
0 0.864062 0.574479 0.064062 0.086458
0 0.268359 0.583333 0.067969 0.091667
0 0.503125 0.591667 0.065625 0.087500
0 0.093359 0.598958 0.071094 0.091667
0 0.623437 0.606250 0.059375 0.089583
0 0.669141 0.607292 0.057031 0.081250
0 0.916016 0.620313 0.064844 0.086458
0 0.217969 0.633854 0.064062 0.086458
0 0.028125 0.635938 0.056250 0.082292
0 0.832031 0.650000 0.070312 0.091667
0 0.774219 0.657292 0.070312 0.085417
0 0.292969 0.660937 0.067187 0.086458
0 0.718750 0.661458 0.064062 0.089583
0 0.444531 0.666146 0.067187 0.090625
0 0.110937 0.669271 0.064062 0.086458
0 0.511719 0.684375 0.064062 0.085417
0 0.894922 0.695312 0.069531 0.080208
0 0.630078 0.703125 0.064844 0.079167
0 0.360547 0.705208 0.069531 0.087500
0 0.065234 0.716667 0.066406 0.085417
0 0.204687 0.723958 0.064062 0.085417
0 0.141016 0.734896 0.071094 0.088542
0 0.577734 0.736458 0.058594 0.079167
0 0.758984 0.737500 0.069531 0.087500
0 0.467578 0.747396 0.067969 0.090625
0 0.848437 0.759375 0.067187 0.091667
0 0.677344 0.761979 0.067187 0.086458
0 0.526563 0.770312 0.060937 0.082292
0 0.914844 0.775000 0.068750 0.091667
0 0.063672 0.798438 0.060156 0.082292
0 0.729688 0.800521 0.057813 0.076042
0 0.800000 0.801562 0.068750 0.092708
0 0.953125 0.806771 0.059375 0.078125
0 0.432422 0.811458 0.060156 0.077083
0 0.586719 0.812500 0.064062 0.087500
0 0.213672 0.831771 0.067969 0.090625
0 0.492969 0.834896 0.071875 0.088542
0 0.329297 0.843229 0.066406 0.088542
0 0.694922 0.851562 0.055469 0.080208
0 0.969141 0.866146 0.069531 0.082292
0 0.843359 0.849479 0.063281 0.082292
0 0.763672 0.858854 0.071094 0.073958
0 0.405859 0.874479 0.069531 0.088542
0 0.135156 0.879167 0.064062 0.095833
0 0.074609 0.880208 0.061719 0.087500
0 0.503906 0.890625 0.057813 0.068750
0 0.558984 0.884375 0.061719 0.085417
0 0.268359 0.893229 0.071094 0.088542
0 0.890234 0.896354 0.064844 0.071875
0 0.771094 0.921875 0.070312 0.083333
0 0.031641 0.922396 0.063281 0.084375
0 0.328906 0.925000 0.064062 0.083333
0 0.421875 0.948958 0.065625 0.077083
0 0.107422 0.952604 0.060156 0.076042
0 0.817578 0.955208 0.088281 0.100000
0 0.482812 0.954688 0.059375 0.088542
0 0.715625 0.961979 0.065625 0.086458
0 0.286328 0.967708 0.057031 0.075000
2 0.351172 0.405729 0.071094 0.105208
