0 0.027344 0.136979 0.045312 0.082292
0 0.555078 0.118229 0.066406 0.082292
0 0.648828 0.682813 0.085156 0.080208
0 0.806250 0.458333 0.084375 0.081250
0 0.490625 0.255208 0.071875 0.087500
0 0.328906 0.282813 0.053125 0.123958
0 0.757422 0.043229 0.069531 0.086458
0 0.460938 0.040104 0.068750 0.080208
0 0.676562 0.042708 0.060937 0.085417
0 0.077734 0.045312 0.080469 0.090625
0 0.198047 0.049479 0.064844 0.080208
0 0.136328 0.063021 0.096094 0.126042
0 0.507031 0.081771 0.067187 0.092708
0 0.677734 0.108333 0.063281 0.085417
0 0.359766 0.127083 0.071094 0.091667
0 0.065625 0.140104 0.059375 0.098958
0 0.778516 0.143750 0.074219 0.100000
0 0.225000 0.155208 0.067187 0.083333
0 0.927734 0.153125 0.069531 0.093750
0 0.294531 0.160938 0.070312 0.092708
0 0.120703 0.165104 0.077344 0.076042
0 0.828906 0.176042 0.070312 0.114583
0 0.384766 0.179688 0.071094 0.086458
0 0.717187 0.190104 0.071875 0.086458
0 0.551172 0.209896 0.072656 0.096875
0 0.669141 0.223438 0.064844 0.086458
0 0.871094 0.225000 0.070312 0.097917
0 0.587891 0.245833 0.088281 0.075000
0 0.927344 0.271354 0.046875 0.084375
0 0.557813 0.282813 0.087500 0.071875
0 0.031641 0.282813 0.063281 0.082292
0 0.185938 0.286458 0.079687 0.097917
0 0.375391 0.295833 0.064844 0.079167
0 0.734766 0.297917 0.086719 0.097917
0 0.471094 0.315625 0.064062 0.093750
0 0.548047 0.347396 0.071094 0.090625
0 0.885938 0.348958 0.096875 0.129167
0 0.608984 0.359375 0.088281 0.091667
0 0.343750 0.386458 0.073438 0.083333
0 0.764844 0.389583 0.064062 0.093750
0 0.932031 0.390104 0.071875 0.094792
0 0.607422 0.426563 0.080469 0.092708
0 0.878125 0.429167 0.076563 0.122917
0 0.687891 0.414583 0.058594 0.100000
0 0.538281 0.421354 0.070312 0.090625
0 0.402734 0.417708 0.071094 0.091667
0 0.468750 0.458854 0.073438 0.096875
0 0.637109 0.483854 0.075781 0.076042
0 0.257422 0.483854 0.061719 0.088542
0 0.309766 0.482812 0.066406 0.096875
0 0.364453 0.493750 0.067969 0.108333
0 0.428125 0.505208 0.062500 0.081250
0 0.773828 0.513021 0.067969 0.086458
0 0.489453 0.520312 0.052344 0.080208
0 0.042578 0.523958 0.067969 0.091667
0 0.641406 0.550521 0.057813 0.096875
0 0.724609 0.544271 0.071094 0.094792
0 0.035547 0.589583 0.071094 0.120833
0 0.400781 0.586979 0.075000 0.094792
0 0.923828 0.587500 0.064844 0.091667
0 0.275781 0.585938 0.075000 0.084375
0 0.594141 0.586458 0.066406 0.091667
0 0.867578 0.594271 0.071094 0.096875
0 0.333594 0.586979 0.070312 0.101042
0 0.141797 0.613542 0.050781 0.075000
0 0.621875 0.627604 0.068750 0.090625
0 0.511719 0.634375 0.076563 0.097917
0 0.092188 0.663021 0.073438 0.092708
0 0.294141 0.668229 0.057031 0.094792
0 0.469922 0.662500 0.074219 0.089583
0 0.867188 0.681771 0.068750 0.094792
0 0.348828 0.676042 0.086719 0.108333
0 0.225391 0.693750 0.080469 0.077083
0 0.551172 0.733333 0.063281 0.116667
0 0.164062 0.725000 0.073438 0.085417
0 0.256641 0.737500 0.074219 0.091667
0 0.949609 0.749479 0.075781 0.107292
0 0.892188 0.753125 0.064062 0.104167
0 0.720313 0.762500 0.070312 0.085417
0 0.642188 0.768750 0.065625 0.097917
0 0.590234 0.777083 0.061719 0.104167
0 0.109375 0.779167 0.071875 0.089583
0 0.278906 0.787500 0.070312 0.093750
0 0.810937 0.795312 0.068750 0.090625
0 0.221094 0.795312 0.062500 0.103125
0 0.710938 0.833854 0.065625 0.090625
0 0.933984 0.845313 0.092969 0.113542
0 0.113672 0.850521 0.077344 0.094792
0 0.601953 0.858333 0.071094 0.075000
0 0.872656 0.863542 0.059375 0.100000
0 0.173437 0.866667 0.076563 0.093750
0 0.043359 0.864583 0.086719 0.106250
0 0.798828 0.884375 0.067969 0.095833
0 0.447656 0.893750 0.065625 0.093750
0 0.626172 0.921354 0.067969 0.113542
0 0.676562 0.920312 0.056250 0.076042
0 0.130078 0.949479 0.047656 0.096875
0 0.187500 0.936458 0.085938 0.089583
0 0.474609 0.954167 0.067969 0.102083
0 0.749219 0.941667 0.064062 0.079167
0 0.569531 0.945312 0.068750 0.105208
0 0.042188 0.956250 0.084375 0.097917
0 0.409375 0.961458 0.062500 0.083333
0 0.880859 0.959375 0.066406 0.085417
3 0.517188 0.577604 0.082812 0.076042
