0 0.576953 0.434896 0.049219 0.076042
0 0.539844 0.555208 0.067187 0.093750
0 0.871094 0.833333 0.062500 0.075000
0 0.323437 0.039062 0.057813 0.078125
0 0.402344 0.040104 0.056250 0.080208
0 0.268750 0.039062 0.056250 0.078125
0 0.041797 0.046875 0.063281 0.093750
0 0.467969 0.046875 0.068750 0.083333
0 0.707031 0.059896 0.056250 0.078125
0 0.807422 0.059896 0.069531 0.088542
0 0.647656 0.071354 0.064062 0.090625
0 0.873828 0.089063 0.060156 0.078125
0 0.228516 0.104167 0.053906 0.089583
0 0.271484 0.119271 0.050781 0.094792
0 0.114453 0.097917 0.052344 0.102083
0 0.544531 0.109896 0.059375 0.084375
0 0.028906 0.112500 0.057813 0.081250
0 0.419922 0.113542 0.058594 0.093750
0 0.754687 0.121354 0.056250 0.078125
0 0.478516 0.122396 0.060156 0.082292
0 0.598437 0.140104 0.068750 0.080208
0 0.313672 0.142708 0.057031 0.085417
0 0.953125 0.147917 0.059375 0.079167
0 0.839844 0.151042 0.071875 0.091667
0 0.195703 0.150000 0.058594 0.085417
0 0.369141 0.146354 0.053906 0.088542
0 0.098828 0.182292 0.061719 0.081250
0 0.441016 0.185417 0.058594 0.083333
0 0.515234 0.184896 0.064844 0.082292
0 0.634766 0.211979 0.057031 0.090625
0 0.787500 0.208854 0.062500 0.082292
0 0.579688 0.209375 0.057813 0.083333
0 0.972266 0.214062 0.058594 0.078125
0 0.224609 0.221875 0.060156 0.087500
0 0.875391 0.218750 0.069531 0.102083
0 0.278516 0.230729 0.060156 0.071875
0 0.340234 0.228646 0.061719 0.073958
0 0.048828 0.236458 0.063281 0.089583
0 0.683203 0.239063 0.064844 0.088542
0 0.451953 0.259375 0.064844 0.081250
0 0.814844 0.272917 0.067187 0.072917
0 0.946484 0.287500 0.061719 0.083333
0 0.485938 0.298958 0.064062 0.083333
0 0.275391 0.302083 0.052344 0.079167
0 0.745313 0.307292 0.060937 0.083333
0 0.686328 0.321875 0.066406 0.089583
0 0.358594 0.328125 0.065625 0.087500
0 0.201172 0.340104 0.064844 0.088542
0 0.814844 0.341667 0.065625 0.072917
0 0.447656 0.347917 0.057813 0.077083
0 0.305469 0.358854 0.054688 0.080208
0 0.032813 0.366146 0.062500 0.080208
0 0.255078 0.384375 0.061719 0.091667
0 0.500781 0.376042 0.064062 0.081250
0 0.642578 0.377604 0.063281 0.090625
0 0.849219 0.398438 0.062500 0.084375
0 0.937891 0.419271 0.058594 0.092708
0 0.746875 0.436979 0.056250 0.092708
0 0.134766 0.430208 0.058594 0.075000
0 0.215234 0.437500 0.063281 0.087500
0 0.319922 0.439063 0.067969 0.088542
0 0.030859 0.445312 0.060156 0.082292
0 0.795703 0.452083 0.069531 0.097917
0 0.517969 0.446354 0.057813 0.080208
0 0.691797 0.446354 0.055469 0.084375
0 0.889453 0.452604 0.064844 0.086458
0 0.625000 0.461458 0.065625 0.083333
0 0.414453 0.460938 0.052344 0.084375
0 0.469141 0.468229 0.061719 0.098958
0 0.835547 0.500000 0.063281 0.083333
0 0.173828 0.506771 0.060156 0.094792
0 0.112109 0.506771 0.066406 0.096875
0 0.237891 0.510417 0.058594 0.079167
0 0.751563 0.518750 0.051562 0.068750
0 0.294531 0.519792 0.064062 0.087500
0 0.644922 0.525000 0.064844 0.081250
0 0.971484 0.522917 0.064844 0.077083
0 0.447266 0.546354 0.060156 0.080208
0 0.383203 0.554688 0.058594 0.080208
0 0.069141 0.555729 0.058594 0.082292
0 0.797266 0.561458 0.061719 0.079167
0 0.935156 0.576042 0.057813 0.081250
0 0.880469 0.582292 0.064062 0.083333
0 0.180469 0.592708 0.056250 0.085417
0 0.633984 0.604688 0.063281 0.080208
0 0.266797 0.613021 0.060156 0.086458
0 0.026562 0.634896 0.053125 0.094792
0 0.076953 0.636979 0.061719 0.084375
0 0.780469 0.639062 0.073438 0.084375
0 0.892188 0.638542 0.050000 0.070833
0 0.225781 0.643750 0.057813 0.081250
0 0.306250 0.675521 0.065625 0.080208
0 0.131641 0.671875 0.067969 0.102083
0 0.570312 0.692187 0.062500 0.082292
0 0.892578 0.711458 0.057031 0.075000
0 0.215625 0.728646 0.056250 0.078125
0 0.670312 0.738542 0.067187 0.081250
0 0.404297 0.742708 0.064844 0.083333
0 0.325000 0.745833 0.064062 0.085417
0 0.097656 0.752083 0.075000 0.091667
0 0.800000 0.754687 0.064062 0.076042
0 0.928516 0.756771 0.060156 0.080208
0 0.601562 0.770833 0.060937 0.085417
0 0.028906 0.770312 0.057813 0.080208
0 0.523438 0.777083 0.065625 0.077083
0 0.179297 0.781250 0.050781 0.068750
0 0.365234 0.797917 0.064844 0.085417
0 0.226953 0.810937 0.067969 0.092708
0 0.682031 0.811979 0.070312 0.080208
0 0.132031 0.810937 0.057813 0.080208
0 0.805859 0.832292 0.060156 0.083333
0 0.312109 0.849479 0.060156 0.084375
0 0.483594 0.849479 0.057813 0.082292
0 0.740625 0.852083 0.068750 0.077083
0 0.641797 0.865625 0.069531 0.095833
0 0.548438 0.872396 0.062500 0.080208
0 0.429297 0.884375 0.061719 0.087500
0 0.237500 0.896354 0.062500 0.084375
0 0.880469 0.898958 0.071875 0.091667
0 0.369922 0.909896 0.063281 0.076042
0 0.696875 0.911979 0.062500 0.084375
0 0.817969 0.925521 0.059375 0.076042
0 0.318750 0.932813 0.059375 0.086458
0 0.174609 0.953125 0.058594 0.083333
0 0.118750 0.957292 0.059375 0.081250
0 0.455078 0.957292 0.066406 0.089583
0 0.950000 0.948958 0.060937 0.077083
0 0.735938 0.964583 0.071875 0.081250
4 0.415234 0.621875 0.085156 0.116667
