0 0.296875 0.918229 0.070312 0.071875
0 0.964453 0.404687 0.047656 0.063542
0 0.949609 0.703646 0.050781 0.061458
0 0.640625 0.046354 0.068750 0.092708
0 0.241797 0.048958 0.067969 0.097917
0 0.339844 0.050000 0.073438 0.100000
0 0.129297 0.047917 0.058594 0.072917
0 0.392578 0.048958 0.067969 0.081250
0 0.073828 0.052083 0.066406 0.079167
0 0.900781 0.054688 0.059375 0.073958
0 0.950781 0.062500 0.065625 0.081250
0 0.831641 0.054688 0.069531 0.109375
0 0.176953 0.085417 0.066406 0.087500
0 0.441016 0.091146 0.061719 0.080208
0 0.567187 0.094792 0.064062 0.083333
0 0.723828 0.093229 0.064844 0.090625
0 0.360547 0.086458 0.067969 0.097917
0 0.506641 0.098437 0.060156 0.084375
0 0.030469 0.109896 0.060937 0.088542
0 0.787109 0.111979 0.061719 0.076042
0 0.230078 0.111979 0.060156 0.082292
0 0.838281 0.118229 0.064062 0.071875
0 0.342578 0.125521 0.063281 0.090625
0 0.417187 0.139583 0.050000 0.068750
0 0.889062 0.143750 0.060937 0.081250
0 0.678516 0.142187 0.061719 0.080208
0 0.131250 0.145313 0.065625 0.082292
0 0.546484 0.160938 0.061719 0.086458
0 0.936328 0.166667 0.060156 0.081250
0 0.594922 0.172396 0.058594 0.084375
0 0.256250 0.180729 0.062500 0.080208
0 0.306641 0.188021 0.063281 0.080208
0 0.739453 0.190104 0.063281 0.076042
0 0.478125 0.195833 0.059375 0.075000
0 0.669531 0.205208 0.065625 0.079167
0 0.831250 0.205729 0.056250 0.094792
0 0.882812 0.211979 0.070312 0.088542
0 0.139453 0.213021 0.067969 0.084375
0 0.339453 0.236979 0.055469 0.082292
0 0.387500 0.234375 0.064062 0.089583
0 0.532031 0.240625 0.064062 0.085417
0 0.700781 0.242708 0.059375 0.085417
0 0.051562 0.247917 0.065625 0.079167
0 0.232422 0.251563 0.064844 0.088542
0 0.434766 0.254688 0.058594 0.073958
0 0.949609 0.258854 0.061719 0.080208
0 0.759375 0.269271 0.060937 0.082292
0 0.873437 0.284896 0.062500 0.078125
0 0.599609 0.292708 0.063281 0.081250
0 0.385156 0.302083 0.059375 0.079167
0 0.508594 0.301042 0.054688 0.079167
0 0.682031 0.303646 0.057813 0.086458
0 0.167578 0.315104 0.058594 0.080208
0 0.212891 0.321875 0.057031 0.089583
0 0.095312 0.326042 0.057813 0.072917
0 0.646875 0.327604 0.060937 0.090625
0 0.912891 0.331771 0.061719 0.082292
0 0.830078 0.336458 0.060156 0.089583
0 0.532813 0.357812 0.064062 0.082292
0 0.389844 0.368229 0.064062 0.086458
0 0.038672 0.382812 0.061719 0.086458
0 0.766797 0.386458 0.064844 0.095833
0 0.586719 0.384896 0.068750 0.084375
0 0.227734 0.395833 0.063281 0.089583
0 0.089453 0.402604 0.066406 0.082292
0 0.319141 0.411979 0.067969 0.080208
0 0.437500 0.418229 0.062500 0.086458
0 0.529687 0.421875 0.059375 0.079167
0 0.137109 0.430208 0.061719 0.093750
0 0.388672 0.434375 0.060156 0.079167
0 0.707812 0.431250 0.059375 0.066667
0 0.633594 0.444271 0.060937 0.080208
0 0.033203 0.455729 0.066406 0.090625
0 0.364453 0.457813 0.057031 0.078125
0 0.478125 0.465625 0.056250 0.070833
0 0.796875 0.454167 0.060937 0.085417
0 0.882812 0.472917 0.082812 0.093750
0 0.077344 0.477604 0.064062 0.086458
0 0.708203 0.488542 0.064844 0.081250
0 0.249609 0.486458 0.063281 0.077083
0 0.426563 0.487500 0.062500 0.083333
0 0.806641 0.525521 0.069531 0.090625
0 0.942969 0.505729 0.062500 0.101042
0 0.305859 0.518229 0.066406 0.090625
0 0.757031 0.520833 0.054688 0.087500
0 0.133984 0.521354 0.057031 0.086458
0 0.179297 0.526563 0.058594 0.084375
0 0.434375 0.548958 0.062500 0.072917
0 0.092969 0.548438 0.068750 0.088542
0 0.376172 0.554167 0.067969 0.085417
0 0.222656 0.567187 0.056250 0.088542
0 0.270703 0.571354 0.069531 0.090625
0 0.332813 0.583854 0.057813 0.090625
0 0.954688 0.581250 0.064062 0.083333
0 0.566406 0.584896 0.078125 0.103125
0 0.669531 0.592708 0.060937 0.083333
0 0.057422 0.598958 0.060156 0.085417
0 0.397656 0.619271 0.057813 0.084375
0 0.184375 0.621875 0.068750 0.087500
0 0.129688 0.628646 0.064062 0.084375
0 0.253906 0.638542 0.060937 0.075000
0 0.853906 0.643229 0.067187 0.084375
0 0.749609 0.684375 0.064844 0.087500
0 0.341016 0.686458 0.060156 0.085417
0 0.514062 0.688542 0.062500 0.085417
0 0.037109 0.700000 0.063281 0.087500
0 0.188281 0.700000 0.067187 0.085417
0 0.272266 0.707812 0.057031 0.076042
0 0.427734 0.706771 0.066406 0.082292
0 0.126172 0.709896 0.063281 0.088542
0 0.612109 0.716146 0.066406 0.086458
0 0.758203 0.745313 0.063281 0.073958
0 0.365625 0.750521 0.062500 0.088542
0 0.235937 0.762500 0.067187 0.083333
0 0.029297 0.773438 0.058594 0.090625
0 0.922656 0.775521 0.065625 0.086458
0 0.130078 0.778125 0.064844 0.079167
0 0.322656 0.791667 0.062500 0.087500
0 0.184766 0.797917 0.067969 0.087500
0 0.488672 0.795833 0.072656 0.083333
0 0.767578 0.803646 0.069531 0.080208
0 0.077344 0.820312 0.067187 0.071875
0 0.395703 0.830208 0.058594 0.079167
0 0.537891 0.836979 0.061719 0.096875
0 0.267578 0.840104 0.058594 0.082292
0 0.873437 0.838542 0.064062 0.087500
0 0.972656 0.849479 0.057813 0.082292
0 0.324609 0.861979 0.061719 0.084375
0 0.791406 0.864062 0.070312 0.086458
0 0.725391 0.867708 0.064844 0.089583
0 0.175781 0.870313 0.060937 0.088542
0 0.475391 0.875000 0.071094 0.089583
0 0.840234 0.894271 0.061719 0.086458
0 0.080859 0.914583 0.061719 0.081250
0 0.496875 0.947396 0.079687 0.115625
0 0.367578 0.934375 0.066406 0.085417
0 0.795703 0.951562 0.069531 0.086458
0 0.882812 0.960938 0.065625 0.088542
0 0.969531 0.962500 0.068750 0.085417
2 0.502344 0.573958 0.070312 0.085417
