0 0.084766 0.089063 0.066406 0.090625
0 0.113672 0.029687 0.074219 0.055208
0 0.714844 0.082292 0.060937 0.089583
0 0.981641 0.135417 0.036719 0.085417
0 0.900781 0.458333 0.059375 0.093750
0 0.638672 0.438542 0.052344 0.077083
0 0.575781 0.554167 0.065625 0.083333
0 0.401172 0.967187 0.052344 0.065625
0 0.042969 0.784375 0.060937 0.091667
0 0.324219 0.421875 0.064062 0.087500
0 0.787891 0.034375 0.057031 0.068750
0 0.462891 0.036979 0.058594 0.073958
0 0.619922 0.037500 0.057031 0.075000
0 0.030469 0.047917 0.060937 0.079167
0 0.834375 0.063542 0.062500 0.077083
0 0.926172 0.067187 0.058594 0.080208
0 0.278516 0.071875 0.053906 0.079167
0 0.520703 0.081250 0.057031 0.068750
0 0.410547 0.084375 0.055469 0.083333
0 0.767969 0.082292 0.053125 0.068750
0 0.317969 0.085417 0.054688 0.083333
0 0.638672 0.112500 0.060156 0.079167
0 0.853906 0.121354 0.062500 0.084375
0 0.694141 0.147396 0.058594 0.078125
0 0.062500 0.150000 0.056250 0.081250
0 0.425391 0.152083 0.058594 0.077083
0 0.771484 0.152604 0.055469 0.078125
0 0.251953 0.163542 0.061719 0.081250
0 0.140625 0.163542 0.064062 0.081250
0 0.196875 0.172396 0.062500 0.082292
0 0.308984 0.175521 0.057031 0.082292
0 0.866406 0.208333 0.060937 0.075000
0 0.097656 0.210417 0.060937 0.081250
0 0.516406 0.220312 0.062500 0.084375
0 0.602734 0.220833 0.063281 0.085417
0 0.668750 0.223438 0.056250 0.076042
0 0.350391 0.223958 0.061719 0.079167
0 0.736719 0.225521 0.060937 0.084375
0 0.033594 0.238542 0.067187 0.072917
0 0.150391 0.248438 0.063281 0.084375
0 0.441797 0.257292 0.057031 0.077083
0 0.791797 0.260937 0.064844 0.080208
0 0.057813 0.270833 0.064062 0.091667
0 0.322266 0.281771 0.061719 0.073958
0 0.561719 0.286979 0.060937 0.080208
0 0.489453 0.287500 0.063281 0.087500
0 0.870703 0.291667 0.064844 0.085417
0 0.631641 0.303125 0.063281 0.081250
0 0.690234 0.308854 0.058594 0.080208
0 0.743750 0.316667 0.057813 0.083333
0 0.226953 0.318750 0.063281 0.087500
0 0.416406 0.317708 0.059375 0.077083
0 0.176172 0.319271 0.061719 0.088542
0 0.103906 0.326562 0.054688 0.076042
0 0.353125 0.324479 0.062500 0.076042
0 0.546875 0.352604 0.065625 0.086458
0 0.462891 0.361458 0.064844 0.087500
0 0.896484 0.361458 0.055469 0.081250
0 0.361328 0.377604 0.055469 0.065625
0 0.051172 0.380729 0.066406 0.071875
0 0.279297 0.385417 0.050781 0.083333
0 0.235547 0.388021 0.071094 0.084375
0 0.712891 0.395313 0.061719 0.080208
0 0.769141 0.402083 0.064844 0.077083
0 0.565234 0.418750 0.055469 0.079167
0 0.953125 0.425000 0.051562 0.072917
0 0.483203 0.441146 0.060156 0.084375
0 0.109766 0.445833 0.066406 0.085417
0 0.248438 0.455208 0.064062 0.081250
0 0.391406 0.457813 0.060937 0.084375
0 0.049609 0.457813 0.061719 0.084375
0 0.331250 0.486458 0.059375 0.079167
0 0.530859 0.492188 0.055469 0.073958
0 0.612891 0.496875 0.053906 0.079167
0 0.290234 0.513021 0.064844 0.086458
0 0.838672 0.517188 0.058594 0.078125
0 0.473438 0.520833 0.062500 0.079167
0 0.391016 0.528125 0.064844 0.087500
0 0.037109 0.535417 0.066406 0.083333
0 0.093750 0.545833 0.059375 0.077083
0 0.250391 0.552604 0.053906 0.084375
0 0.792188 0.558854 0.057813 0.080208
0 0.142187 0.573438 0.062500 0.082292
0 0.726953 0.578125 0.063281 0.072917
0 0.453516 0.588542 0.060156 0.077083
0 0.612109 0.613542 0.061719 0.081250
0 0.285547 0.627083 0.060156 0.081250
0 0.712891 0.630208 0.061719 0.075000
0 0.212500 0.629687 0.062500 0.078125
0 0.104297 0.639062 0.063281 0.082292
0 0.165625 0.647396 0.056250 0.088542
0 0.839453 0.645833 0.057031 0.070833
0 0.355469 0.646354 0.059375 0.076042
0 0.553516 0.644271 0.060156 0.082292
0 0.926172 0.646875 0.063281 0.081250
0 0.047266 0.664062 0.066406 0.086458
0 0.620313 0.685417 0.059375 0.077083
0 0.262891 0.692708 0.064844 0.083333
0 0.686719 0.690104 0.056250 0.080208
0 0.496094 0.694792 0.057813 0.077083
0 0.887500 0.704688 0.062500 0.082292
0 0.321484 0.703125 0.061719 0.085417
0 0.208984 0.711979 0.050781 0.076042
0 0.551172 0.719792 0.060156 0.079167
0 0.737500 0.738021 0.065625 0.084375
0 0.651953 0.747396 0.060156 0.088542
0 0.439453 0.747917 0.061719 0.081250
0 0.158203 0.754687 0.061719 0.078125
0 0.492969 0.763021 0.056250 0.076042
0 0.263672 0.761458 0.058594 0.085417
0 0.371484 0.784375 0.057031 0.079167
0 0.698828 0.793229 0.060156 0.069792
0 0.588281 0.796354 0.060937 0.073958
0 0.539062 0.801562 0.062500 0.082292
0 0.776172 0.798438 0.058594 0.082292
0 0.319531 0.821875 0.065625 0.085417
0 0.645703 0.823958 0.060156 0.075000
0 0.732031 0.832292 0.054688 0.068750
0 0.975000 0.831250 0.057813 0.077083
0 0.469922 0.847396 0.061719 0.082292
0 0.823828 0.850521 0.060156 0.080208
0 0.269141 0.853646 0.058594 0.080208
0 0.412109 0.864062 0.060156 0.078125
0 0.585156 0.878125 0.067187 0.085417
0 0.705078 0.884375 0.057031 0.077083
0 0.101953 0.887500 0.057031 0.077083
0 0.642578 0.896875 0.057031 0.081250
0 0.533984 0.910417 0.058594 0.077083
0 0.058594 0.928125 0.056250 0.077083
0 0.144531 0.936979 0.062500 0.082292
0 0.457422 0.944792 0.060156 0.072917
0 0.750391 0.951042 0.063281 0.081250
0 0.812109 0.954688 0.057031 0.078125
0 0.519922 0.968750 0.063281 0.072917
0 0.691016 0.970833 0.060156 0.068750
2 0.721094 0.503646 0.067187 0.088542
