0 0.784766 0.097396 0.055469 0.084375
0 0.744922 0.165625 0.063281 0.060417
0 0.713281 0.240625 0.065625 0.077083
0 0.694531 0.344792 0.059375 0.081250
0 0.663281 0.292187 0.067187 0.084375
0 0.125000 0.548438 0.042188 0.069792
0 0.071484 0.567708 0.061719 0.064583
0 0.037891 0.486979 0.063281 0.071875
0 0.780859 0.918750 0.060156 0.075000
0 0.221875 0.091146 0.071875 0.086458
0 0.027734 0.120313 0.052344 0.082292
0 0.107813 0.073438 0.057813 0.069792
0 0.947656 0.353646 0.059375 0.069792
0 0.448437 0.938542 0.056250 0.083333
0 0.306250 0.050000 0.095312 0.100000
0 0.612891 0.044271 0.071094 0.088542
0 0.870313 0.047917 0.065625 0.083333
0 0.455469 0.059375 0.067187 0.081250
0 0.513672 0.062500 0.100781 0.125000
0 0.112109 0.061458 0.080469 0.122917
0 0.931641 0.063021 0.088281 0.126042
0 0.586328 0.071875 0.067969 0.077083
0 0.590625 0.125000 0.065625 0.062500
0 0.437109 0.128125 0.074219 0.100000
0 0.292578 0.143229 0.063281 0.126042
0 0.086719 0.135417 0.064062 0.079167
0 0.337891 0.133333 0.052344 0.087500
0 0.386719 0.134896 0.060937 0.098958
0 0.155078 0.157812 0.060156 0.082292
0 0.240625 0.160938 0.064062 0.088542
0 0.964453 0.172396 0.078906 0.111458
0 0.365234 0.177604 0.067969 0.107292
0 0.529687 0.172917 0.056250 0.089583
0 0.906641 0.182292 0.069531 0.131250
0 0.485547 0.180729 0.057031 0.084375
0 0.049609 0.190104 0.058594 0.090625
0 0.120703 0.211979 0.064844 0.090625
0 0.630859 0.207292 0.074219 0.120833
0 0.558594 0.243750 0.068750 0.085417
0 0.791797 0.246875 0.061719 0.100000
0 0.282422 0.250521 0.075781 0.121875
0 0.884375 0.260417 0.067187 0.095833
0 0.473828 0.258333 0.082031 0.102083
0 0.342578 0.267708 0.069531 0.091667
0 0.148828 0.281250 0.067969 0.091667
0 0.086328 0.298438 0.082031 0.105208
0 0.526172 0.309375 0.061719 0.089583
0 0.776563 0.322396 0.062500 0.086458
0 0.870703 0.333854 0.086719 0.092708
0 0.207813 0.340625 0.073438 0.089583
0 0.314453 0.344271 0.064844 0.084375
0 0.592187 0.347396 0.070312 0.090625
0 0.642969 0.367188 0.060937 0.073958
0 0.957812 0.371875 0.092188 0.129167
0 0.037891 0.373958 0.063281 0.081250
0 0.192578 0.382292 0.066406 0.072917
0 0.135547 0.391667 0.063281 0.081250
0 0.530469 0.396875 0.067187 0.095833
0 0.267969 0.404687 0.065625 0.092708
0 0.074219 0.408333 0.060937 0.089583
0 0.328125 0.410417 0.067187 0.085417
0 0.728906 0.412500 0.064062 0.089583
0 0.900781 0.414062 0.054688 0.090625
0 0.850391 0.395833 0.071094 0.106250
0 0.651953 0.429688 0.089844 0.092708
0 0.112500 0.426563 0.082812 0.094792
0 0.938281 0.434896 0.064062 0.092708
0 0.395313 0.446875 0.059375 0.083333
0 0.438672 0.461979 0.053906 0.086458
0 0.131250 0.470833 0.075000 0.085417
0 0.306641 0.465625 0.066406 0.087500
0 0.480469 0.467708 0.054688 0.089583
0 0.844531 0.492188 0.079687 0.063542
0 0.964063 0.466667 0.068750 0.081250
0 0.751172 0.472917 0.069531 0.091667
0 0.188281 0.491667 0.070312 0.097917
0 0.255859 0.495833 0.066406 0.072917
0 0.618359 0.506771 0.089844 0.103125
0 0.341797 0.517708 0.067969 0.075000
0 0.957422 0.538021 0.069531 0.094792
0 0.219141 0.536979 0.067969 0.088542
0 0.478516 0.550521 0.083594 0.109375
0 0.812500 0.547917 0.071875 0.087500
0 0.337109 0.576042 0.071094 0.075000
0 0.609375 0.582812 0.093750 0.101042
0 0.284766 0.601562 0.067969 0.094792
0 0.837109 0.605729 0.072656 0.111458
0 0.233203 0.611979 0.060156 0.082292
0 0.080078 0.635417 0.083594 0.085417
0 0.182812 0.631771 0.065625 0.094792
0 0.784375 0.617188 0.057813 0.080208
0 0.417578 0.648438 0.066406 0.111458
0 0.700391 0.637500 0.060156 0.089583
0 0.604688 0.669271 0.065625 0.084375
0 0.779297 0.678646 0.069531 0.082292
0 0.516016 0.670833 0.064844 0.075000
0 0.441797 0.695833 0.061719 0.079167
0 0.048438 0.701042 0.096875 0.135417
0 0.211328 0.702083 0.052344 0.089583
0 0.733594 0.704167 0.071875 0.085417
0 0.321875 0.708854 0.062500 0.084375
0 0.518359 0.729167 0.057031 0.075000
0 0.869141 0.721875 0.063281 0.091667
0 0.163672 0.720313 0.066406 0.113542
0 0.553516 0.736458 0.057031 0.087500
0 0.249219 0.736458 0.082812 0.089583
0 0.491016 0.750521 0.071094 0.105208
0 0.435937 0.762500 0.062500 0.087500
0 0.078125 0.769271 0.060937 0.090625
0 0.688281 0.779167 0.062500 0.089583
0 0.885938 0.780729 0.064062 0.076042
0 0.960156 0.768750 0.087500 0.079167
0 0.782031 0.779167 0.057813 0.133333
0 0.735547 0.791667 0.061719 0.120833
0 0.310937 0.795312 0.068750 0.094792
0 0.579297 0.794271 0.064844 0.088542
0 0.469531 0.831771 0.068750 0.101042
0 0.792578 0.834375 0.060156 0.081250
0 0.091016 0.836979 0.057031 0.084375
0 0.855078 0.848437 0.067969 0.071875
0 0.339062 0.863542 0.067187 0.093750
0 0.034375 0.873958 0.068750 0.108333
0 0.598047 0.874479 0.063281 0.076042
0 0.225000 0.885417 0.051562 0.091667
0 0.714063 0.886458 0.065625 0.085417
0 0.263281 0.893229 0.050000 0.088542
0 0.906250 0.916146 0.050000 0.071875
0 0.136328 0.922396 0.064844 0.086458
0 0.322266 0.937500 0.060156 0.077083
0 0.639844 0.946875 0.056250 0.089583
0 0.971875 0.953646 0.064062 0.103125
0 0.684375 0.952083 0.057813 0.083333
0 0.374219 0.957292 0.079687 0.095833
0 0.585547 0.954167 0.078906 0.102083
0 0.532422 0.960417 0.053906 0.081250
0 0.038281 0.965625 0.062500 0.079167
1 0.441406 0.342187 0.067187 0.080208
2 0.705859 0.502083 0.072656 0.097917
