0 0.896875 0.928125 0.067187 0.077083
0 0.969531 0.478125 0.057813 0.070833
0 0.882031 0.246875 0.067187 0.079167
0 0.916016 0.318229 0.061719 0.071875
0 0.297656 0.375521 0.068750 0.082292
0 0.637500 0.826562 0.071875 0.071875
0 0.500000 0.492188 0.054688 0.086458
0 0.464062 0.502083 0.054688 0.075000
0 0.808984 0.169271 0.063281 0.059375
0 0.251172 0.947917 0.063281 0.085417
0 0.522266 0.036458 0.063281 0.072917
0 0.661719 0.039583 0.070312 0.079167
0 0.365625 0.036458 0.089063 0.072917
0 0.964453 0.044792 0.078906 0.089583
0 0.916406 0.050000 0.070312 0.083333
0 0.639844 0.053125 0.054688 0.075000
0 0.108594 0.052604 0.053125 0.080208
0 0.493359 0.055729 0.072656 0.078125
0 0.821875 0.061458 0.057813 0.081250
0 0.260937 0.084896 0.067187 0.096875
0 0.314844 0.080729 0.065625 0.086458
0 0.418750 0.092188 0.062500 0.096875
0 0.504687 0.117188 0.096875 0.117708
0 0.866016 0.107813 0.057031 0.078125
0 0.156250 0.113021 0.064062 0.067708
0 0.908594 0.129167 0.053125 0.106250
0 0.207813 0.128125 0.064062 0.083333
0 0.112500 0.134896 0.062500 0.076042
0 0.388281 0.136458 0.068750 0.077083
0 0.754687 0.138021 0.057813 0.080208
0 0.294922 0.150521 0.053906 0.071875
0 0.444922 0.178125 0.067969 0.081250
0 0.591797 0.179688 0.052344 0.086458
0 0.546484 0.180729 0.061719 0.098958
0 0.700391 0.195833 0.063281 0.079167
0 0.326953 0.190625 0.077344 0.081250
0 0.082812 0.206771 0.070312 0.082292
0 0.925391 0.195833 0.060156 0.083333
0 0.160156 0.215104 0.075000 0.088542
0 0.276172 0.225000 0.061719 0.089583
0 0.764844 0.235937 0.084375 0.073958
0 0.400781 0.239063 0.064062 0.090625
0 0.598437 0.247917 0.046875 0.081250
0 0.456641 0.283333 0.064844 0.083333
0 0.783984 0.297396 0.064844 0.069792
0 0.190625 0.315625 0.053125 0.095833
0 0.145313 0.308333 0.068750 0.106250
0 0.091016 0.324479 0.053906 0.096875
0 0.680859 0.337500 0.064844 0.085417
0 0.603516 0.331771 0.064844 0.084375
0 0.049219 0.329688 0.053125 0.090625
0 0.836328 0.338542 0.083594 0.075000
0 0.413281 0.355208 0.053125 0.072917
0 0.475000 0.359896 0.064062 0.096875
0 0.513281 0.376042 0.054688 0.079167
0 0.161719 0.408854 0.048438 0.076042
0 0.753906 0.426042 0.062500 0.089583
0 0.828516 0.423958 0.069531 0.097917
0 0.198047 0.431250 0.063281 0.127083
0 0.415234 0.431771 0.074219 0.098958
0 0.566016 0.439583 0.088281 0.120833
0 0.665625 0.469792 0.057813 0.083333
0 0.288281 0.478646 0.059375 0.078125
0 0.594141 0.493229 0.091406 0.126042
0 0.789453 0.498437 0.067969 0.086458
0 0.154688 0.515104 0.051562 0.076042
0 0.405078 0.544271 0.085156 0.078125
0 0.499219 0.562500 0.089063 0.083333
0 0.606250 0.557292 0.057813 0.091667
0 0.930859 0.578125 0.060156 0.083333
0 0.642969 0.580729 0.067187 0.086458
0 0.755469 0.581250 0.070312 0.093750
0 0.249219 0.597917 0.062500 0.081250
0 0.402734 0.618229 0.066406 0.096875
0 0.272656 0.636979 0.067187 0.086458
0 0.175781 0.636979 0.062500 0.096875
0 0.691797 0.640104 0.055469 0.086458
0 0.826562 0.634375 0.062500 0.064583
0 0.647266 0.654687 0.061719 0.096875
0 0.598828 0.653125 0.066406 0.085417
0 0.449609 0.680729 0.071094 0.096875
0 0.810937 0.688021 0.068750 0.073958
0 0.932422 0.685937 0.060156 0.084375
0 0.596875 0.718229 0.065625 0.088542
0 0.238672 0.714583 0.055469 0.081250
0 0.685156 0.722917 0.067187 0.087500
0 0.050000 0.724479 0.065625 0.096875
0 0.281641 0.730729 0.058594 0.090625
0 0.506641 0.730729 0.069531 0.076042
0 0.341797 0.754687 0.058594 0.088542
0 0.564453 0.755729 0.049219 0.065625
0 0.116406 0.782813 0.054688 0.090625
0 0.208203 0.782292 0.067969 0.091667
0 0.058203 0.797396 0.066406 0.088542
0 0.706250 0.798958 0.087500 0.116667
0 0.851953 0.806250 0.057031 0.097917
0 0.566406 0.837500 0.059375 0.079167
0 0.751953 0.840625 0.067969 0.085417
0 0.403906 0.838542 0.082812 0.068750
0 0.883594 0.844792 0.068750 0.089583
0 0.480078 0.853125 0.058594 0.083333
0 0.295703 0.866667 0.061719 0.085417
0 0.195703 0.884375 0.064844 0.091667
0 0.821875 0.916146 0.062500 0.101042
0 0.395313 0.922917 0.054688 0.066667
0 0.355078 0.934896 0.055469 0.115625
0 0.575781 0.944271 0.057813 0.111458
0 0.031250 0.946875 0.062500 0.083333
0 0.531250 0.954167 0.057813 0.102083
2 0.371484 0.434375 0.099219 0.093750
1 0.772266 0.919792 0.072656 0.089583
