0 0.512500 0.053125 0.053125 0.070833
0 0.537500 0.028125 0.060937 0.052083
0 0.030469 0.761458 0.059375 0.083333
0 0.862500 0.445833 0.057813 0.081250
0 0.787500 0.740625 0.051562 0.083333
0 0.732812 0.975521 0.060937 0.048958
0 0.351953 0.042708 0.058594 0.085417
0 0.797266 0.046354 0.052344 0.067708
0 0.430469 0.053646 0.065625 0.086458
0 0.915625 0.057292 0.059375 0.081250
0 0.145313 0.062500 0.059375 0.079167
0 0.844531 0.081250 0.054688 0.077083
0 0.063672 0.096875 0.053906 0.075000
0 0.756250 0.113542 0.062500 0.079167
0 0.497266 0.117188 0.063281 0.082292
0 0.954297 0.121354 0.060156 0.080208
0 0.812109 0.135937 0.058594 0.078125
0 0.450391 0.144271 0.060156 0.076042
0 0.178906 0.144792 0.054688 0.077083
0 0.345703 0.150521 0.057031 0.078125
0 0.978125 0.186458 0.051562 0.075000
0 0.431250 0.198437 0.054688 0.080208
0 0.532813 0.204687 0.057813 0.076042
0 0.738672 0.213021 0.060156 0.086458
0 0.600391 0.223438 0.055469 0.082292
0 0.197656 0.261979 0.064062 0.084375
0 0.406641 0.276562 0.055469 0.080208
0 0.075781 0.279167 0.057813 0.079167
0 0.867578 0.281250 0.055469 0.089583
0 0.497656 0.281250 0.059375 0.077083
0 0.682422 0.289062 0.058594 0.073958
0 0.798438 0.297917 0.060937 0.075000
0 0.748437 0.300521 0.064062 0.084375
0 0.241016 0.308854 0.057031 0.082292
0 0.921875 0.315104 0.057813 0.082292
0 0.377344 0.333854 0.059375 0.078125
0 0.082812 0.356771 0.060937 0.080208
0 0.428125 0.359896 0.056250 0.078125
0 0.712891 0.360417 0.055469 0.068750
0 0.848047 0.378646 0.066406 0.078125
0 0.925000 0.383854 0.062500 0.086458
0 0.479687 0.386458 0.062500 0.085417
0 0.526563 0.401042 0.054688 0.079167
0 0.290625 0.411458 0.060937 0.077083
0 0.217969 0.423958 0.054688 0.072917
0 0.376563 0.421875 0.059375 0.085417
0 0.156250 0.431250 0.060937 0.083333
0 0.776953 0.447396 0.063281 0.084375
0 0.580469 0.450000 0.057813 0.079167
0 0.925781 0.460938 0.056250 0.069792
0 0.502344 0.469271 0.060937 0.076042
0 0.973047 0.490104 0.061719 0.123958
0 0.071484 0.479167 0.063281 0.083333
0 0.339062 0.482812 0.053125 0.073958
0 0.636719 0.486979 0.059375 0.078125
0 0.898828 0.510417 0.058594 0.075000
0 0.155469 0.514583 0.056250 0.079167
0 0.721094 0.517708 0.059375 0.077083
0 0.541797 0.521875 0.061719 0.077083
0 0.800000 0.523438 0.060937 0.080208
0 0.474219 0.536979 0.054688 0.071875
0 0.861328 0.541146 0.057031 0.076042
0 0.307031 0.550000 0.060937 0.087500
0 0.640625 0.558854 0.054688 0.073958
0 0.918750 0.560417 0.057813 0.079167
0 0.971875 0.573438 0.064062 0.084375
0 0.596094 0.576042 0.059375 0.089583
0 0.183594 0.588542 0.060937 0.085417
0 0.534375 0.594792 0.068750 0.079167
0 0.131250 0.606771 0.054688 0.084375
0 0.747656 0.604688 0.060937 0.080208
0 0.479297 0.625000 0.061719 0.081250
0 0.646875 0.636979 0.065625 0.084375
0 0.554688 0.661458 0.062500 0.083333
0 0.362109 0.663021 0.058594 0.078125
0 0.706250 0.700521 0.059375 0.078125
0 0.407422 0.721875 0.053906 0.081250
0 0.591016 0.723437 0.058594 0.078125
0 0.863281 0.739062 0.059375 0.082292
0 0.946094 0.743229 0.057813 0.078125
0 0.275000 0.742708 0.054688 0.075000
0 0.655859 0.750521 0.064844 0.082292
0 0.104688 0.751042 0.056250 0.079167
0 0.175781 0.753646 0.059375 0.080208
0 0.743359 0.750000 0.049219 0.072917
0 0.308984 0.791667 0.057031 0.075000
0 0.706641 0.792188 0.061719 0.078125
0 0.924609 0.808854 0.061719 0.080208
0 0.164453 0.820312 0.061719 0.086458
0 0.820312 0.822917 0.054688 0.093750
0 0.388281 0.831250 0.060937 0.091667
0 0.976562 0.840625 0.054688 0.081250
0 0.857422 0.840625 0.052344 0.072917
0 0.718750 0.854688 0.059375 0.080208
0 0.512109 0.864583 0.063281 0.081250
0 0.568750 0.865104 0.065625 0.086458
0 0.625391 0.895833 0.060156 0.079167
0 0.905078 0.896354 0.069531 0.065625
0 0.286328 0.914062 0.058594 0.080208
0 0.167187 0.915625 0.060937 0.077083
0 0.757031 0.919271 0.062500 0.080208
0 0.661328 0.940104 0.061719 0.082292
0 0.037500 0.953125 0.060937 0.085417
0 0.946094 0.959896 0.067187 0.082292
0 0.889062 0.966146 0.073438 0.078125
2 0.420703 0.497396 0.064844 0.098958
2 0.833984 0.660937 0.071094 0.094792
