0 0.209766 0.813021 0.074219 0.069792
0 0.811328 0.377083 0.063281 0.093750
0 0.076172 0.192708 0.066406 0.072917
0 0.471094 0.605208 0.079687 0.087500
0 0.460547 0.697396 0.066406 0.086458
0 0.534375 0.814583 0.078125 0.056250
0 0.147266 0.036458 0.055469 0.072917
0 0.208984 0.039062 0.071094 0.078125
0 0.962891 0.039583 0.066406 0.079167
0 0.812891 0.043229 0.077344 0.086458
0 0.876172 0.042708 0.072656 0.085417
0 0.641406 0.061979 0.062500 0.088542
0 0.700000 0.065104 0.062500 0.086458
0 0.052734 0.085938 0.061719 0.092708
0 0.100000 0.105208 0.057813 0.079167
0 0.385547 0.116146 0.063281 0.117708
0 0.339062 0.110937 0.065625 0.084375
0 0.601953 0.115625 0.069531 0.091667
0 0.827734 0.113021 0.071094 0.096875
0 0.882812 0.128125 0.062500 0.097917
0 0.275391 0.145833 0.049219 0.068750
0 0.139063 0.164062 0.059375 0.078125
0 0.422656 0.179167 0.068750 0.097917
0 0.574219 0.192188 0.067187 0.088542
0 0.827344 0.194792 0.065625 0.079167
0 0.216016 0.204687 0.067969 0.086458
0 0.510938 0.201042 0.065625 0.091667
0 0.635156 0.202083 0.064062 0.083333
0 0.910156 0.205729 0.078125 0.098958
0 0.387109 0.204167 0.066406 0.091667
0 0.701562 0.213021 0.071875 0.088542
0 0.464844 0.230208 0.071875 0.070833
0 0.253906 0.232813 0.068750 0.084375
0 0.181641 0.249479 0.060156 0.078125
0 0.864844 0.248438 0.065625 0.082292
0 0.805078 0.257812 0.067969 0.098958
0 0.928906 0.256771 0.062500 0.076042
0 0.267969 0.284375 0.065625 0.083333
0 0.662891 0.307292 0.064844 0.085417
0 0.753516 0.297396 0.071094 0.094792
0 0.464453 0.302604 0.077344 0.084375
0 0.544531 0.320312 0.057813 0.078125
0 0.312500 0.325000 0.065625 0.083333
0 0.173828 0.329167 0.063281 0.091667
0 0.048438 0.344271 0.068750 0.082292
0 0.639062 0.365104 0.067187 0.080208
0 0.260937 0.380729 0.064062 0.088542
0 0.455078 0.384896 0.064844 0.086458
0 0.944531 0.389583 0.056250 0.095833
0 0.563672 0.400000 0.063281 0.085417
0 0.080859 0.402083 0.064844 0.083333
0 0.509766 0.419271 0.069531 0.101042
0 0.898047 0.417187 0.066406 0.092708
0 0.130469 0.440104 0.064062 0.082292
0 0.364453 0.459375 0.058594 0.077083
0 0.474609 0.465104 0.061719 0.082292
0 0.805469 0.471354 0.070312 0.086458
0 0.248047 0.493750 0.064844 0.091667
0 0.919141 0.493750 0.060156 0.081250
0 0.528516 0.511458 0.064844 0.070833
0 0.750000 0.529687 0.067187 0.082292
0 0.032813 0.540104 0.065625 0.098958
0 0.891797 0.535417 0.049219 0.077083
0 0.327344 0.533854 0.054688 0.126042
0 0.966406 0.539062 0.059375 0.088542
0 0.374609 0.544271 0.066406 0.088542
0 0.603906 0.552604 0.062500 0.088542
0 0.106250 0.552604 0.060937 0.086458
0 0.290625 0.552604 0.067187 0.090625
0 0.228906 0.563021 0.075000 0.092708
0 0.560547 0.583854 0.061719 0.080208
0 0.161328 0.597396 0.067969 0.078125
0 0.892188 0.607812 0.065625 0.088542
0 0.036719 0.608854 0.073438 0.094792
0 0.700000 0.613021 0.071875 0.086458
0 0.245312 0.627083 0.062500 0.083333
0 0.357031 0.644271 0.060937 0.078125
0 0.571094 0.655729 0.057813 0.076042
0 0.067187 0.669271 0.060937 0.080208
0 0.138672 0.677083 0.071094 0.081250
0 0.201172 0.676042 0.060156 0.081250
0 0.863672 0.677083 0.058594 0.075000
0 0.336328 0.708854 0.067969 0.092708
0 0.666797 0.729167 0.071094 0.087500
0 0.113281 0.734375 0.067187 0.083333
0 0.891016 0.737500 0.069531 0.083333
0 0.525000 0.742708 0.059375 0.079167
0 0.170703 0.752083 0.064844 0.089583
0 0.417187 0.752083 0.064062 0.087500
0 0.641797 0.793229 0.063281 0.084375
0 0.926953 0.808333 0.058594 0.085417
0 0.819141 0.806771 0.067969 0.069792
0 0.353906 0.819792 0.060937 0.089583
0 0.275391 0.829688 0.074219 0.084375
0 0.732422 0.843750 0.071094 0.085417
0 0.897266 0.845833 0.063281 0.077083
0 0.414062 0.857812 0.057813 0.076042
0 0.487109 0.861458 0.057031 0.081250
0 0.076172 0.865104 0.057031 0.084375
0 0.852344 0.869792 0.081250 0.091667
0 0.548047 0.877604 0.078906 0.080208
0 0.619531 0.876042 0.062500 0.089583
0 0.679297 0.871875 0.064844 0.097917
0 0.202734 0.888021 0.061719 0.080208
0 0.272266 0.892188 0.058594 0.073958
0 0.952344 0.919792 0.062500 0.079167
0 0.704688 0.917188 0.065625 0.082292
0 0.106641 0.941667 0.064844 0.095833
0 0.543750 0.937500 0.065625 0.075000
0 0.480859 0.952083 0.067969 0.083333
0 0.163672 0.951562 0.060156 0.080208
0 0.395703 0.960417 0.069531 0.089583
1 0.398828 0.614062 0.078906 0.073958
