0 0.535547 0.278646 0.063281 0.096875
0 0.757812 0.222396 0.073438 0.107292
0 0.726953 0.544271 0.057031 0.142708
0 0.887109 0.832292 0.069531 0.108333
0 0.392578 0.613542 0.117969 0.066667
0 0.252344 0.589063 0.054688 0.086458
0 0.094531 0.381771 0.054688 0.069792
0 0.222266 0.253646 0.060156 0.086458
0 0.153906 0.743229 0.059375 0.088542
0 0.388672 0.902083 0.069531 0.085417
0 0.587109 0.908333 0.052344 0.072917
0 0.662891 0.832292 0.055469 0.077083
0 0.748047 0.897917 0.049219 0.077083
0 0.814844 0.859896 0.065625 0.086458
0 0.790234 0.756250 0.057031 0.083333
0 0.714063 0.657813 0.051562 0.071875
0 0.394922 0.127083 0.066406 0.072917
0 0.379688 0.072917 0.057813 0.083333
0 0.352344 0.059896 0.081250 0.065625
0 0.503516 0.483854 0.063281 0.076042
0 0.543750 0.556771 0.057813 0.086458
0 0.612891 0.405208 0.050781 0.075000
0 0.566797 0.658854 0.055469 0.076042
0 0.561328 0.755208 0.064844 0.075000
0 0.626172 0.679167 0.063281 0.068750
0 0.106641 0.514583 0.061719 0.077083
0 0.114844 0.655208 0.043750 0.079167
0 0.319141 0.925521 0.067969 0.038542
0 0.655859 0.902604 0.063281 0.084375
0 0.700000 0.900521 0.054688 0.088542
0 0.819922 0.931771 0.063281 0.067708
0 0.919141 0.038542 0.064844 0.077083
0 0.965625 0.039062 0.053125 0.078125
0 0.040625 0.063021 0.081250 0.126042
0 0.859766 0.048438 0.066406 0.096875
0 0.935547 0.102604 0.061719 0.076042
0 0.835156 0.114062 0.064062 0.069792
0 0.041406 0.173437 0.082812 0.123958
0 0.972266 0.294271 0.063281 0.090625
0 0.037500 0.278646 0.075000 0.119792
0 0.234375 0.666146 0.089063 0.094792
0 0.229297 0.736979 0.091406 0.105208
0 0.310937 0.756250 0.062500 0.072917
0 0.377734 0.799479 0.066406 0.090625
0 0.424609 0.814063 0.057031 0.084375
0 0.334766 0.836979 0.052344 0.088542
0 0.272266 0.863021 0.066406 0.088542
0 0.207813 0.871354 0.050000 0.084375
0 0.057422 0.894792 0.058594 0.077083
0 0.178906 0.902083 0.053125 0.079167
0 0.970313 0.893750 0.067187 0.104167
0 0.447266 0.933333 0.057031 0.062500
0 0.102734 0.936458 0.063281 0.089583
0 0.865234 0.965625 0.061719 0.079167
