0 0.067187 0.422396 0.062500 0.082292
0 0.353906 0.136979 0.067187 0.084375
0 0.426953 0.137500 0.069531 0.083333
0 0.598047 0.142187 0.067969 0.088542
0 0.138672 0.161979 0.064844 0.092708
0 0.868359 0.187500 0.063281 0.085417
0 0.965625 0.192708 0.068750 0.081250
0 0.656641 0.197396 0.080469 0.084375
0 0.380859 0.197917 0.064844 0.081250
0 0.473047 0.336458 0.066406 0.081250
0 0.971875 0.334375 0.060937 0.087500
0 0.298438 0.342708 0.092188 0.079167
0 0.066016 0.345833 0.064844 0.081250
0 0.795703 0.334896 0.057031 0.086458
0 0.699609 0.361458 0.052344 0.106250
0 0.748047 0.359896 0.063281 0.086458
0 0.527734 0.361979 0.061719 0.082292
0 0.835938 0.363021 0.062500 0.109375
0 0.787109 0.365104 0.052344 0.063542
0 0.344922 0.377604 0.055469 0.080208
0 0.583984 0.382812 0.064844 0.088542
0 0.897656 0.388021 0.071875 0.086458
0 0.657031 0.396875 0.062500 0.083333
0 0.280859 0.401042 0.064844 0.095833
0 0.776953 0.419271 0.063281 0.078125
0 0.955859 0.420312 0.060156 0.082292
0 0.374219 0.437500 0.059375 0.089583
0 0.325000 0.448437 0.064062 0.084375
0 0.726562 0.452083 0.065625 0.089583
0 0.607422 0.453646 0.069531 0.086458
0 0.896875 0.460417 0.064062 0.081250
0 0.659375 0.476562 0.068750 0.094792
0 0.457813 0.469792 0.054688 0.077083
0 0.031641 0.473438 0.063281 0.082292
0 0.551172 0.471875 0.055469 0.081250
0 0.838672 0.482812 0.067969 0.092708
0 0.776953 0.497917 0.066406 0.091667
0 0.288672 0.506250 0.057031 0.085417
0 0.961719 0.515104 0.056250 0.111458
0 0.694141 0.512500 0.066406 0.089583
0 0.596484 0.521875 0.049219 0.066667
0 0.336719 0.521875 0.064062 0.095833
0 0.391016 0.541667 0.069531 0.093750
0 0.039062 0.550521 0.064062 0.082292
0 0.480859 0.551042 0.058594 0.077083
0 0.088672 0.561458 0.049219 0.081250
0 0.841016 0.564063 0.064844 0.090625
0 0.753125 0.571354 0.064062 0.086458
0 0.921484 0.573438 0.064844 0.082292
0 0.163672 0.577604 0.060156 0.094792
0 0.230469 0.581250 0.060937 0.087500
0 0.621875 0.586979 0.064062 0.086458
0 0.303125 0.591667 0.065625 0.093750
0 0.548828 0.595313 0.063281 0.090625
0 0.030469 0.602604 0.060937 0.096875
0 0.365234 0.602083 0.069531 0.095833
0 0.429297 0.603125 0.063281 0.091667
0 0.804297 0.605208 0.064844 0.089583
0 0.485547 0.622396 0.061719 0.078125
0 0.098437 0.626042 0.062500 0.081250
0 0.663672 0.641146 0.067969 0.082292
0 0.926172 0.649479 0.052344 0.082292
0 0.848828 0.650521 0.060156 0.080208
0 0.269922 0.663021 0.067969 0.101042
0 0.391797 0.670312 0.077344 0.084375
0 0.798047 0.684896 0.066406 0.096875
0 0.326953 0.681771 0.060156 0.086458
0 0.492188 0.698958 0.062500 0.083333
0 0.101562 0.704688 0.064062 0.084375
0 0.874609 0.710938 0.074219 0.107292
0 0.559766 0.720833 0.057031 0.106250
0 0.213672 0.727083 0.066406 0.087500
0 0.051172 0.717708 0.057031 0.102083
0 0.753125 0.738021 0.060937 0.086458
0 0.696094 0.745833 0.073438 0.100000
0 0.144531 0.750521 0.060937 0.082292
0 0.819922 0.749479 0.063281 0.088542
0 0.390625 0.747396 0.078125 0.092708
0 0.317188 0.771875 0.064062 0.087500
0 0.612109 0.776563 0.074219 0.090625
0 0.433594 0.781771 0.060937 0.082292
0 0.238672 0.796354 0.061719 0.105208
0 0.884766 0.801562 0.066406 0.088542
0 0.185547 0.801562 0.069531 0.090625
0 0.678906 0.810417 0.062500 0.083333
0 0.552734 0.833854 0.055469 0.092708
0 0.278516 0.831250 0.061719 0.089583
0 0.824609 0.833854 0.064844 0.088542
0 0.341797 0.837500 0.064844 0.085417
0 0.096094 0.851042 0.064062 0.089583
0 0.608594 0.856250 0.064062 0.079167
0 0.907422 0.859896 0.061719 0.067708
0 0.730859 0.863542 0.061719 0.093750
0 0.405859 0.865104 0.060156 0.088542
0 0.171875 0.872917 0.070312 0.102083
0 0.460156 0.889583 0.053125 0.112500
0 0.234375 0.879687 0.062500 0.092708
0 0.657031 0.888021 0.057813 0.088542
0 0.516016 0.905208 0.064844 0.087500
0 0.122266 0.916146 0.053906 0.080208
0 0.823047 0.925000 0.063281 0.091667
0 0.601953 0.927604 0.069531 0.080208
0 0.764453 0.933854 0.063281 0.094792
0 0.423828 0.942708 0.063281 0.093750
0 0.710156 0.948438 0.068750 0.090625
0 0.041016 0.956771 0.082031 0.096875
0 0.167969 0.954688 0.065625 0.080208
2 0.651563 0.721875 0.065625 0.100000
3 0.541797 0.968750 0.082031 0.062500
