0 0.093359 0.177083 0.053906 0.075000
0 0.050391 0.098958 0.050781 0.062500
0 0.108984 0.055729 0.049219 0.071875
0 0.041016 0.156771 0.047656 0.057292
0 0.928125 0.840625 0.065625 0.081250
0 0.931641 0.451562 0.064844 0.059375
0 0.947266 0.094271 0.055469 0.067708
0 0.712109 0.416667 0.049219 0.077083
0 0.753906 0.455208 0.048438 0.066667
0 0.807422 0.461979 0.050781 0.084375
0 0.801953 0.567187 0.053906 0.069792
0 0.750000 0.600000 0.067187 0.066667
0 0.642578 0.621875 0.053906 0.066667
0 0.574219 0.630208 0.060937 0.083333
0 0.600391 0.696354 0.055469 0.078125
0 0.402734 0.394271 0.050781 0.069792
0 0.155859 0.155208 0.049219 0.056250
0 0.677734 0.671875 0.050781 0.077083
0 0.598437 0.544271 0.065625 0.084375
0 0.632422 0.493750 0.063281 0.079167
0 0.667188 0.446875 0.054688 0.083333
0 0.613281 0.412500 0.054688 0.089583
0 0.734766 0.534375 0.063281 0.077083
0 0.412500 0.858333 0.062500 0.072917
0 0.475000 0.877083 0.048438 0.079167
0 0.449609 0.839583 0.053906 0.091667
0 0.424609 0.929167 0.058594 0.068750
0 0.477344 0.943229 0.057813 0.084375
0 0.656641 0.708333 0.061719 0.091667
0 0.839453 0.504687 0.067969 0.082292
0 0.153516 0.095833 0.049219 0.062500
0 0.094141 0.102083 0.053906 0.075000
0 0.053516 0.516146 0.055469 0.090625
0 0.136719 0.804167 0.064062 0.081250
0 0.169531 0.954167 0.059375 0.083333
0 0.617969 0.897396 0.062500 0.080208
0 0.629297 0.818750 0.063281 0.081250
0 0.654687 0.852604 0.051562 0.096875
0 0.686719 0.877604 0.046875 0.084375
0 0.405469 0.485417 0.057813 0.075000
0 0.429688 0.450521 0.056250 0.073958
0 0.204297 0.202083 0.055469 0.079167
0 0.700000 0.036458 0.070312 0.072917
0 0.189453 0.037500 0.057031 0.075000
0 0.326953 0.045312 0.100781 0.090625
0 0.804688 0.042708 0.060937 0.072917
0 0.848828 0.044792 0.052344 0.079167
0 0.900000 0.046354 0.073438 0.092708
0 0.769922 0.069792 0.050781 0.083333
0 0.255859 0.081250 0.061719 0.081250
0 0.895312 0.090625 0.065625 0.079167
0 0.540234 0.097917 0.053906 0.089583
0 0.500391 0.100521 0.050781 0.078125
0 0.299609 0.104167 0.055469 0.081250
0 0.214062 0.117708 0.070312 0.116667
0 0.454297 0.131250 0.060156 0.068750
0 0.406250 0.127604 0.059375 0.071875
0 0.659375 0.123438 0.079687 0.094792
0 0.789062 0.129688 0.057813 0.076042
0 0.600000 0.146354 0.064062 0.086458
0 0.312109 0.173958 0.061719 0.089583
0 0.696484 0.180729 0.058594 0.082292
0 0.497656 0.180208 0.054688 0.070833
0 0.850391 0.188021 0.058594 0.086458
0 0.781641 0.191667 0.058594 0.079167
0 0.402734 0.209896 0.061719 0.084375
0 0.266016 0.210938 0.060156 0.078125
0 0.345313 0.223958 0.067187 0.089583
0 0.612891 0.232813 0.057031 0.082292
0 0.680078 0.247396 0.066406 0.086458
0 0.455078 0.254167 0.063281 0.079167
0 0.154297 0.265625 0.058594 0.081250
0 0.914453 0.266667 0.060156 0.095833
0 0.233203 0.275000 0.063281 0.087500
0 0.766406 0.286458 0.068750 0.077083
0 0.330078 0.299479 0.060156 0.094792
0 0.713281 0.304167 0.062500 0.083333
0 0.396094 0.305729 0.060937 0.082292
0 0.468359 0.316667 0.061719 0.077083
0 0.616797 0.321875 0.058594 0.087500
0 0.518750 0.346354 0.062500 0.080208
0 0.849219 0.352083 0.053125 0.083333
0 0.108594 0.361979 0.059375 0.080208
0 0.880078 0.369271 0.057031 0.082292
0 0.755078 0.371875 0.063281 0.077083
0 0.971094 0.389062 0.065625 0.105208
0 0.650000 0.368229 0.060937 0.065625
0 0.034766 0.381771 0.069531 0.113542
0 0.290234 0.391667 0.057031 0.079167
0 0.805859 0.392188 0.063281 0.082292
0 0.068750 0.398438 0.060937 0.078125
0 0.479297 0.400000 0.063281 0.083333
0 0.525781 0.427083 0.054688 0.091667
0 0.355859 0.431250 0.052344 0.079167
0 0.569141 0.436458 0.058594 0.091667
0 0.081641 0.460417 0.067969 0.077083
0 0.273047 0.469792 0.055469 0.085417
0 0.478906 0.473438 0.060937 0.084375
0 0.316406 0.475521 0.054688 0.098958
0 0.975000 0.510417 0.057813 0.079167
0 0.202734 0.514583 0.061719 0.077083
0 0.914062 0.510938 0.062500 0.082292
0 0.347266 0.529167 0.067969 0.095833
0 0.546094 0.521875 0.057813 0.093750
0 0.236328 0.548438 0.063281 0.088542
0 0.929297 0.566146 0.067969 0.088542
0 0.171094 0.589583 0.062500 0.081250
0 0.319141 0.588021 0.052344 0.088542
0 0.222266 0.616667 0.066406 0.079167
0 0.275781 0.619792 0.064062 0.089583
0 0.400391 0.634896 0.063281 0.090625
0 0.900391 0.667188 0.057031 0.073958
0 0.176953 0.669271 0.055469 0.080208
0 0.813281 0.664062 0.065625 0.113542
0 0.225000 0.684896 0.065625 0.096875
0 0.031250 0.694271 0.059375 0.082292
0 0.843750 0.693750 0.059375 0.083333
0 0.789844 0.705208 0.060937 0.081250
0 0.300391 0.710938 0.060156 0.082292
0 0.461328 0.722917 0.063281 0.083333
0 0.369531 0.727083 0.065625 0.085417
0 0.080078 0.745313 0.058594 0.080208
0 0.420312 0.762500 0.064062 0.087500
0 0.575781 0.761458 0.065625 0.095833
0 0.963281 0.771875 0.065625 0.093750
0 0.803906 0.772917 0.060937 0.087500
0 0.668359 0.775521 0.053906 0.080208
0 0.318750 0.778125 0.062500 0.070833
0 0.713281 0.784375 0.060937 0.089583
0 0.219531 0.787500 0.064062 0.087500
0 0.772656 0.794792 0.057813 0.089583
0 0.041016 0.809375 0.053906 0.072917
0 0.082812 0.819271 0.054688 0.098958
0 0.515234 0.830729 0.063281 0.080208
0 0.190625 0.832812 0.056250 0.090625
0 0.868750 0.859375 0.056250 0.087500
0 0.344141 0.851562 0.063281 0.090625
0 0.551562 0.861458 0.067187 0.087500
0 0.715625 0.865625 0.051562 0.085417
0 0.296094 0.917708 0.065625 0.072917
0 0.347266 0.920312 0.060156 0.080208
0 0.070312 0.943229 0.059375 0.080208
0 0.764062 0.945312 0.064062 0.086458
0 0.658203 0.959375 0.072656 0.091667
0 0.822266 0.964063 0.080469 0.082292
0 0.598047 0.970833 0.055469 0.068750
2 0.680078 0.529687 0.057031 0.121875
2 0.341016 0.656250 0.061719 0.081250
