0 0.333984 0.916667 0.058594 0.089583
0 0.400781 0.669792 0.050000 0.083333
0 0.491406 0.433854 0.062500 0.096875
0 0.500391 0.321354 0.075781 0.078125
0 0.161719 0.151562 0.057813 0.065625
0 0.118750 0.188542 0.070312 0.081250
0 0.171484 0.068750 0.057031 0.091667
0 0.223438 0.285417 0.057813 0.087500
0 0.532031 0.806771 0.057813 0.094792
0 0.556250 0.888542 0.051562 0.085417
0 0.756250 0.816667 0.079687 0.081250
0 0.720313 0.664583 0.070312 0.083333
0 0.958203 0.495312 0.060156 0.086458
0 0.937891 0.448437 0.078906 0.061458
0 0.944141 0.049479 0.058594 0.098958
0 0.592969 0.078646 0.062500 0.082292
0 0.963281 0.094792 0.076563 0.097917
0 0.396875 0.105729 0.064062 0.082292
0 0.518359 0.119271 0.067969 0.086458
0 0.568750 0.147917 0.059375 0.095833
0 0.893750 0.151562 0.062500 0.096875
0 0.838672 0.155208 0.071094 0.072917
0 0.223828 0.179167 0.072656 0.087500
0 0.356250 0.191146 0.070312 0.084375
0 0.667578 0.203646 0.066406 0.088542
0 0.966406 0.208854 0.062500 0.080208
0 0.480859 0.228125 0.063281 0.093750
0 0.892969 0.244271 0.078125 0.084375
0 0.716406 0.258854 0.076563 0.096875
0 0.805859 0.259375 0.066406 0.085417
0 0.085156 0.267188 0.067187 0.094792
0 0.302734 0.267708 0.069531 0.093750
0 0.362109 0.272396 0.072656 0.092708
0 0.433984 0.278125 0.069531 0.077083
0 0.623437 0.299479 0.062500 0.076042
0 0.569141 0.312500 0.055469 0.081250
0 0.256250 0.311979 0.062500 0.096875
0 0.706250 0.329167 0.081250 0.083333
0 0.382422 0.329688 0.078906 0.082292
0 0.976953 0.323958 0.053906 0.085417
0 0.039453 0.329167 0.069531 0.083333
0 0.890625 0.334375 0.060937 0.079167
0 0.806641 0.364063 0.063281 0.088542
0 0.205078 0.376563 0.063281 0.084375
0 0.918359 0.377083 0.067969 0.079167
0 0.588672 0.393750 0.067969 0.093750
0 0.255469 0.400521 0.075000 0.094792
0 0.391797 0.403125 0.067969 0.085417
0 0.762891 0.412500 0.061719 0.083333
0 0.319922 0.435417 0.057031 0.085417
0 0.901953 0.446875 0.075781 0.093750
0 0.082031 0.440104 0.073438 0.090625
0 0.641797 0.443229 0.075781 0.078125
0 0.841016 0.442708 0.053906 0.077083
0 0.271094 0.477083 0.067187 0.081250
0 0.680078 0.464583 0.075781 0.072917
0 0.443359 0.484375 0.069531 0.087500
0 0.531641 0.479687 0.067969 0.084375
0 0.355859 0.486458 0.063281 0.104167
0 0.826953 0.497917 0.064844 0.091667
0 0.768750 0.515104 0.070312 0.098958
0 0.074219 0.516667 0.064062 0.095833
0 0.685937 0.532813 0.079687 0.101042
0 0.915625 0.521875 0.059375 0.081250
0 0.632422 0.524479 0.053906 0.086458
0 0.227344 0.538021 0.065625 0.098958
0 0.577344 0.540104 0.062500 0.090625
0 0.406250 0.559375 0.064062 0.077083
0 0.142187 0.578646 0.067187 0.084375
0 0.600391 0.595313 0.072656 0.098958
0 0.679688 0.600521 0.073438 0.084375
0 0.273438 0.600000 0.068750 0.093750
0 0.069531 0.627083 0.065625 0.091667
0 0.796484 0.632292 0.067969 0.093750
0 0.327344 0.633333 0.068750 0.091667
0 0.028516 0.647917 0.057031 0.091667
0 0.961719 0.654167 0.068750 0.091667
0 0.617969 0.676042 0.065625 0.079167
0 0.233203 0.677083 0.066406 0.091667
0 0.177734 0.690625 0.069531 0.095833
0 0.658203 0.684896 0.069531 0.090625
0 0.295703 0.705729 0.071094 0.090625
0 0.497656 0.729688 0.057813 0.076042
0 0.679688 0.745833 0.057813 0.085417
0 0.729688 0.750000 0.065625 0.081250
0 0.139453 0.756771 0.085156 0.098958
0 0.074219 0.782292 0.065625 0.106250
0 0.030469 0.783854 0.060937 0.088542
0 0.256641 0.780729 0.067969 0.084375
0 0.198828 0.788542 0.071094 0.089583
0 0.893750 0.800521 0.062500 0.084375
0 0.482422 0.804167 0.060156 0.087500
0 0.590625 0.822396 0.059375 0.086458
0 0.665234 0.822917 0.058594 0.093750
0 0.145703 0.816667 0.063281 0.110417
0 0.860156 0.871875 0.082812 0.095833
0 0.819922 0.875521 0.047656 0.063542
0 0.491797 0.886979 0.057031 0.076042
0 0.644531 0.903125 0.053125 0.072917
0 0.122266 0.907292 0.064844 0.087500
0 0.207813 0.915625 0.060937 0.087500
0 0.043359 0.920833 0.063281 0.079167
0 0.601953 0.957812 0.063281 0.082292
0 0.729688 0.959375 0.081250 0.091667
0 0.157812 0.965625 0.065625 0.079167
0 0.655469 0.964583 0.067187 0.081250
2 0.397266 0.780208 0.077344 0.104167
