0 0.194531 0.692708 0.059375 0.083333
0 0.221484 0.244792 0.055469 0.075000
0 0.945312 0.079687 0.062500 0.073958
0 0.776172 0.820833 0.055469 0.081250
0 0.173047 0.761458 0.063281 0.083333
0 0.036328 0.387500 0.047656 0.066667
0 0.173437 0.036458 0.057813 0.072917
0 0.478125 0.041146 0.056250 0.082292
0 0.840234 0.042708 0.060156 0.085417
0 0.401953 0.043750 0.055469 0.087500
0 0.343359 0.053125 0.055469 0.077083
0 0.106641 0.058854 0.063281 0.076042
0 0.237891 0.065104 0.063281 0.078125
0 0.882031 0.070312 0.062500 0.080208
0 0.044141 0.066146 0.060156 0.078125
0 0.162500 0.105208 0.064062 0.087500
0 0.819922 0.104167 0.060156 0.077083
0 0.709766 0.108854 0.058594 0.078125
0 0.223047 0.117708 0.058594 0.072917
0 0.904297 0.126042 0.064844 0.081250
0 0.282422 0.131250 0.060156 0.077083
0 0.767969 0.137500 0.060937 0.081250
0 0.348438 0.139063 0.060937 0.076042
0 0.153906 0.165104 0.073438 0.071875
0 0.895312 0.190625 0.060937 0.081250
0 0.071875 0.197917 0.056250 0.079167
0 0.375000 0.201042 0.056250 0.075000
0 0.329688 0.206250 0.059375 0.079167
0 0.171484 0.234375 0.064844 0.089583
0 0.027734 0.242188 0.055469 0.086458
0 0.400000 0.254167 0.060937 0.068750
0 0.073438 0.277083 0.054688 0.075000
0 0.242969 0.307812 0.059375 0.080208
0 0.115625 0.319792 0.057813 0.072917
0 0.853516 0.338021 0.060156 0.082292
0 0.686719 0.353125 0.056250 0.075000
0 0.611328 0.365104 0.058594 0.082292
0 0.428125 0.365104 0.054688 0.069792
0 0.087109 0.373958 0.055469 0.072917
0 0.947656 0.376042 0.051562 0.072917
0 0.185547 0.407813 0.058594 0.078125
0 0.369531 0.411458 0.064062 0.072917
0 0.659375 0.408854 0.059375 0.076042
0 0.898047 0.411458 0.058594 0.079167
0 0.483203 0.420312 0.061719 0.076042
0 0.130859 0.421875 0.058594 0.075000
0 0.588281 0.424479 0.059375 0.078125
0 0.073438 0.438021 0.065625 0.071875
0 0.951953 0.446354 0.050781 0.078125
0 0.754297 0.459375 0.053906 0.075000
0 0.395703 0.467187 0.058594 0.080208
0 0.448047 0.472917 0.060156 0.077083
0 0.626953 0.481250 0.058594 0.075000
0 0.804688 0.481771 0.051562 0.071875
0 0.718359 0.490104 0.066406 0.082292
0 0.142187 0.491667 0.062500 0.077083
0 0.085547 0.500000 0.058594 0.072917
0 0.389844 0.540625 0.057813 0.079167
0 0.703516 0.558333 0.058594 0.075000
0 0.808594 0.568750 0.051562 0.075000
0 0.124219 0.569271 0.057813 0.082292
0 0.183203 0.583854 0.063281 0.086458
0 0.752344 0.595833 0.062500 0.075000
0 0.659375 0.598437 0.054688 0.067708
0 0.376953 0.606771 0.057031 0.073958
0 0.435547 0.608333 0.053906 0.072917
0 0.078125 0.613021 0.059375 0.080208
0 0.030469 0.633333 0.060937 0.066667
0 0.715625 0.652083 0.056250 0.079167
0 0.601172 0.675000 0.055469 0.072917
0 0.898438 0.698438 0.060937 0.082292
0 0.029687 0.701562 0.059375 0.078125
0 0.746484 0.721875 0.057031 0.087500
0 0.513281 0.721875 0.057813 0.075000
0 0.651563 0.723958 0.059375 0.091667
0 0.066406 0.731771 0.062500 0.078125
0 0.791016 0.757812 0.069531 0.078125
0 0.951562 0.758333 0.062500 0.083333
0 0.080078 0.783333 0.060156 0.079167
0 0.462109 0.790104 0.067969 0.076042
0 0.634766 0.796354 0.053906 0.080208
0 0.030859 0.819271 0.061719 0.084375
0 0.709766 0.830729 0.052344 0.073958
0 0.508594 0.837500 0.054688 0.091667
0 0.112500 0.847917 0.065625 0.075000
0 0.447266 0.853646 0.049219 0.065625
0 0.819531 0.861979 0.059375 0.076042
0 0.608984 0.877083 0.057031 0.077083
0 0.681641 0.886979 0.055469 0.071875
0 0.558594 0.894271 0.060937 0.076042
0 0.868359 0.882812 0.060156 0.084375
0 0.432031 0.911458 0.060937 0.068750
0 0.579688 0.957292 0.062500 0.068750
0 0.392188 0.961458 0.056250 0.081250
0 0.182422 0.966667 0.060156 0.077083
0 0.446094 0.965625 0.057813 0.079167
0 0.791797 0.971354 0.053906 0.067708
1 0.379297 0.324479 0.053906 0.067708
1 0.575781 0.809896 0.068750 0.096875
