0 0.252734 0.526042 0.069531 0.072917
0 0.305078 0.806250 0.063281 0.070833
0 0.444922 0.246354 0.063281 0.088542
0 0.103906 0.553125 0.060937 0.095833
0 0.816406 0.624479 0.054688 0.088542
0 0.430859 0.571354 0.078906 0.065625
0 0.758203 0.038542 0.066406 0.077083
0 0.030859 0.044792 0.061719 0.079167
0 0.424609 0.046354 0.066406 0.092708
0 0.936328 0.050000 0.064844 0.081250
0 0.831641 0.059375 0.069531 0.089583
0 0.625000 0.063021 0.059375 0.078125
0 0.712891 0.065625 0.057031 0.095833
0 0.537891 0.076042 0.063281 0.077083
0 0.067969 0.081250 0.076563 0.095833
0 0.274219 0.082812 0.065625 0.078125
0 0.363281 0.086458 0.075000 0.087500
0 0.762109 0.103646 0.063281 0.084375
0 0.888281 0.102604 0.067187 0.090625
0 0.408203 0.121875 0.060156 0.081250
0 0.480078 0.120313 0.072656 0.086458
0 0.658594 0.117708 0.057813 0.087500
0 0.305078 0.126042 0.075781 0.093750
0 0.950391 0.131250 0.071094 0.087500
0 0.558984 0.141667 0.074219 0.083333
0 0.056641 0.152604 0.067969 0.082292
0 0.356250 0.165625 0.081250 0.085417
0 0.846875 0.156250 0.068750 0.108333
0 0.257031 0.172917 0.060937 0.091667
0 0.791797 0.169792 0.063281 0.089583
0 0.416016 0.191667 0.072656 0.097917
0 0.665625 0.190625 0.067187 0.077083
0 0.916797 0.196875 0.058594 0.081250
0 0.164453 0.215625 0.055469 0.097917
0 0.495703 0.211979 0.063281 0.088542
0 0.109766 0.217188 0.064844 0.096875
0 0.972656 0.216146 0.062500 0.090625
0 0.219531 0.231771 0.070312 0.086458
0 0.363281 0.233333 0.084375 0.075000
0 0.058984 0.234896 0.063281 0.090625
0 0.820312 0.242188 0.060937 0.086458
0 0.764844 0.246354 0.059375 0.094792
0 0.883984 0.251563 0.067969 0.090625
0 0.696875 0.250521 0.067187 0.084375
0 0.099609 0.289062 0.063281 0.082292
0 0.287891 0.290104 0.057031 0.096875
0 0.728125 0.298438 0.070312 0.082292
0 0.937891 0.294792 0.061719 0.093750
0 0.358594 0.303646 0.070312 0.080208
0 0.230859 0.303646 0.069531 0.090625
0 0.037500 0.310937 0.059375 0.082292
0 0.435937 0.331250 0.068750 0.093750
0 0.181250 0.342708 0.064062 0.081250
0 0.353906 0.356250 0.059375 0.066667
0 0.696094 0.371875 0.062500 0.083333
0 0.051172 0.383333 0.078906 0.083333
0 0.921484 0.388542 0.061719 0.083333
0 0.310547 0.413021 0.063281 0.101042
0 0.168359 0.409375 0.061719 0.079167
0 0.434766 0.415104 0.063281 0.084375
0 0.973437 0.409896 0.060937 0.094792
0 0.372656 0.417187 0.068750 0.103125
0 0.698047 0.441667 0.067969 0.089583
0 0.839453 0.446875 0.061719 0.095833
0 0.099219 0.448437 0.059375 0.088542
0 0.042578 0.455729 0.063281 0.084375
0 0.277344 0.456250 0.060937 0.095833
0 0.191406 0.475000 0.057813 0.081250
0 0.138672 0.479167 0.057031 0.095833
0 0.972656 0.482812 0.053125 0.071875
0 0.455859 0.492188 0.060156 0.092708
0 0.343359 0.502083 0.063281 0.095833
0 0.885156 0.500000 0.064062 0.083333
0 0.735938 0.509375 0.057813 0.093750
0 0.041406 0.513021 0.082812 0.073958
0 0.672656 0.516146 0.060937 0.084375
0 0.166406 0.539062 0.065625 0.088542
0 0.921094 0.549479 0.059375 0.090625
0 0.059375 0.582812 0.070312 0.101042
0 0.866406 0.573958 0.065625 0.087500
0 0.966797 0.573958 0.061719 0.095833
0 0.763672 0.582292 0.063281 0.085417
0 0.219141 0.589583 0.064844 0.091667
0 0.646094 0.593229 0.062500 0.086458
0 0.586719 0.597917 0.062500 0.087500
0 0.714453 0.650521 0.060156 0.076042
0 0.919141 0.628125 0.069531 0.072917
0 0.034766 0.635417 0.060156 0.081250
0 0.403906 0.633854 0.064062 0.082292
0 0.546875 0.640104 0.060937 0.090625
0 0.279297 0.650000 0.061719 0.083333
0 0.340234 0.662500 0.067969 0.091667
0 0.764062 0.661979 0.059375 0.084375
0 0.623828 0.671875 0.066406 0.100000
0 0.861719 0.670833 0.064062 0.095833
0 0.676172 0.674479 0.064844 0.105208
0 0.386719 0.685417 0.050000 0.062500
0 0.434375 0.704167 0.062500 0.087500
0 0.917969 0.704688 0.062500 0.088542
0 0.396484 0.727604 0.050781 0.071875
0 0.296875 0.721875 0.067187 0.087500
0 0.085938 0.735938 0.064062 0.088542
0 0.709766 0.734896 0.058594 0.090625
0 0.352344 0.740104 0.062500 0.086458
0 0.596875 0.743229 0.064062 0.092708
0 0.654297 0.749479 0.061719 0.082292
0 0.441797 0.771875 0.060156 0.075000
0 0.202344 0.806250 0.067187 0.093750
0 0.487891 0.796875 0.063281 0.091667
0 0.119531 0.805208 0.060937 0.093750
0 0.613281 0.817187 0.065625 0.086458
0 0.069141 0.822396 0.058594 0.098958
0 0.667578 0.823438 0.057031 0.080208
0 0.434766 0.838021 0.057031 0.076042
0 0.164844 0.853646 0.073438 0.109375
0 0.479297 0.870833 0.063281 0.079167
0 0.252344 0.877083 0.064062 0.093750
0 0.108984 0.882812 0.067969 0.082292
0 0.538281 0.895833 0.065625 0.091667
0 0.615625 0.902083 0.065625 0.085417
0 0.674609 0.909375 0.060156 0.095833
0 0.953516 0.913021 0.057031 0.071875
0 0.183984 0.918750 0.060156 0.079167
0 0.483203 0.948958 0.069531 0.085417
0 0.150000 0.950521 0.068750 0.109375
0 0.247266 0.942708 0.061719 0.072917
0 0.097266 0.959375 0.064844 0.087500
0 0.527344 0.971354 0.078125 0.067708
0 0.585938 0.962500 0.059375 0.085417
2 0.399609 0.488542 0.072656 0.108333
