0 0.975000 0.442708 0.050000 0.091667
0 0.339062 0.917708 0.062500 0.070833
0 0.613281 0.039583 0.065625 0.079167
0 0.235937 0.042188 0.062500 0.084375
0 0.764453 0.044792 0.066406 0.089583
0 0.456250 0.051042 0.065625 0.102083
0 0.671094 0.054688 0.065625 0.080208
0 0.946094 0.057292 0.067187 0.091667
0 0.066016 0.059375 0.061719 0.081250
0 0.390234 0.059896 0.072656 0.090625
0 0.880859 0.066667 0.064844 0.085417
0 0.171875 0.077083 0.071875 0.072917
0 0.284766 0.082812 0.066406 0.088542
0 0.576172 0.093229 0.067969 0.082292
0 0.492578 0.099479 0.067969 0.082292
0 0.796875 0.101562 0.064062 0.088542
0 0.682813 0.114062 0.062500 0.078125
0 0.378516 0.126042 0.063281 0.081250
0 0.953906 0.139063 0.065625 0.078125
0 0.063672 0.138542 0.063281 0.079167
0 0.205859 0.139063 0.077344 0.088542
0 0.321484 0.147917 0.064844 0.087500
0 0.734766 0.153125 0.067969 0.087500
0 0.641406 0.159375 0.064062 0.087500
0 0.112109 0.176563 0.058594 0.094792
0 0.587500 0.179167 0.062500 0.085417
0 0.419531 0.183854 0.071875 0.086458
0 0.858984 0.182292 0.063281 0.085417
0 0.793359 0.186458 0.064844 0.081250
0 0.251563 0.191146 0.064062 0.088542
0 0.491016 0.196354 0.060156 0.073958
0 0.164062 0.196354 0.059375 0.086458
0 0.944922 0.219271 0.064844 0.084375
0 0.292969 0.241146 0.065625 0.078125
0 0.701562 0.240625 0.060937 0.079167
0 0.383984 0.243750 0.058594 0.077083
0 0.037109 0.246354 0.058594 0.090625
0 0.820312 0.254688 0.059375 0.078125
0 0.609375 0.256771 0.062500 0.084375
0 0.757812 0.264583 0.064062 0.075000
0 0.487109 0.269271 0.063281 0.082292
0 0.132812 0.287500 0.060937 0.085417
0 0.257812 0.303125 0.057813 0.075000
0 0.305469 0.311979 0.062500 0.080208
0 0.363672 0.315104 0.063281 0.090625
0 0.691797 0.328646 0.058594 0.094792
0 0.787109 0.329167 0.063281 0.079167
0 0.086719 0.335417 0.065625 0.085417
0 0.603125 0.337500 0.059375 0.089583
0 0.476562 0.352604 0.065625 0.096875
0 0.544531 0.354687 0.071875 0.101042
0 0.030859 0.355208 0.061719 0.087500
0 0.182422 0.365625 0.066406 0.083333
0 0.858984 0.368229 0.069531 0.088542
0 0.403906 0.381250 0.067187 0.089583
0 0.923047 0.384375 0.063281 0.081250
0 0.660156 0.401042 0.059375 0.093750
0 0.794922 0.407813 0.061719 0.080208
0 0.105078 0.410938 0.061719 0.078125
0 0.456641 0.419792 0.063281 0.083333
0 0.602344 0.427604 0.067187 0.090625
0 0.357422 0.441667 0.064844 0.081250
0 0.882812 0.443750 0.062500 0.083333
0 0.254297 0.448437 0.066406 0.086458
0 0.062109 0.457292 0.061719 0.081250
0 0.148047 0.458854 0.060156 0.080208
0 0.714063 0.480208 0.062500 0.087500
0 0.774219 0.484375 0.062500 0.089583
0 0.833594 0.483333 0.060937 0.087500
0 0.427734 0.485417 0.061719 0.085417
0 0.486719 0.492708 0.060937 0.085417
0 0.119141 0.496354 0.064844 0.086458
0 0.321094 0.492708 0.062500 0.081250
0 0.564453 0.494792 0.066406 0.087500
0 0.929688 0.498437 0.068750 0.084375
0 0.262891 0.518229 0.069531 0.084375
0 0.668359 0.524479 0.061719 0.086458
0 0.380859 0.529167 0.064844 0.091667
0 0.048828 0.537500 0.064844 0.085417
0 0.164062 0.547396 0.068750 0.086458
0 0.611719 0.554167 0.068750 0.087500
0 0.519531 0.554167 0.068750 0.083333
0 0.751953 0.561458 0.069531 0.087500
0 0.329688 0.568750 0.059375 0.081250
0 0.871484 0.570312 0.063281 0.088542
0 0.101953 0.577604 0.063281 0.084375
0 0.936328 0.582292 0.067969 0.087500
0 0.218359 0.591667 0.060156 0.079167
0 0.277734 0.598437 0.063281 0.084375
0 0.423438 0.617188 0.059375 0.098958
0 0.814844 0.617188 0.070312 0.101042
0 0.523438 0.625521 0.062500 0.090625
0 0.156641 0.621875 0.060156 0.072917
0 0.584375 0.628646 0.068750 0.088542
0 0.697656 0.627604 0.062500 0.084375
0 0.365234 0.632292 0.071094 0.093750
0 0.062109 0.634375 0.060156 0.081250
0 0.756250 0.646354 0.062500 0.080208
0 0.919531 0.663542 0.067187 0.083333
0 0.471484 0.662500 0.075781 0.089583
0 0.249219 0.665104 0.062500 0.090625
0 0.644531 0.683333 0.064062 0.091667
0 0.192969 0.679688 0.060937 0.088542
0 0.133594 0.696875 0.065625 0.087500
0 0.593359 0.698958 0.063281 0.068750
0 0.838672 0.704167 0.069531 0.091667
0 0.349609 0.707812 0.061719 0.080208
0 0.740625 0.718750 0.062500 0.087500
0 0.289062 0.727604 0.067187 0.086458
0 0.470703 0.731250 0.064844 0.079167
0 0.678516 0.729167 0.066406 0.079167
0 0.925781 0.742708 0.065625 0.081250
0 0.084375 0.757812 0.071875 0.086458
0 0.169531 0.765104 0.064062 0.086458
0 0.531641 0.764583 0.067969 0.087500
0 0.378516 0.767188 0.067969 0.080208
0 0.978125 0.768750 0.051562 0.070833
0 0.305469 0.798438 0.056250 0.080208
0 0.716016 0.802083 0.058594 0.079167
0 0.222266 0.805208 0.064844 0.083333
0 0.668750 0.807813 0.059375 0.080208
0 0.902734 0.813542 0.066406 0.087500
0 0.583984 0.823958 0.067969 0.085417
0 0.958984 0.842187 0.060156 0.084375
0 0.360156 0.842708 0.068750 0.087500
0 0.838281 0.861458 0.067187 0.081250
0 0.128906 0.871354 0.064062 0.094792
0 0.280469 0.871354 0.062500 0.076042
0 0.219141 0.872917 0.064844 0.085417
0 0.064453 0.879687 0.067969 0.086458
0 0.449609 0.883333 0.066406 0.087500
0 0.616797 0.888021 0.058594 0.084375
0 0.773047 0.886979 0.067969 0.090625
0 0.710156 0.883854 0.065625 0.092708
0 0.916016 0.922396 0.064844 0.082292
0 0.822266 0.924479 0.066406 0.078125
0 0.538281 0.929167 0.064062 0.087500
0 0.164062 0.939063 0.062500 0.078125
0 0.246094 0.953646 0.073438 0.103125
0 0.036719 0.955729 0.073438 0.098958
0 0.405469 0.954688 0.068750 0.092708
0 0.471094 0.961979 0.064062 0.086458
0 0.627734 0.965625 0.064844 0.079167
2 0.298828 0.392708 0.083594 0.087500
2 0.478516 0.811979 0.091406 0.098958
