0 0.133594 0.278125 0.064062 0.085417
0 0.094531 0.144792 0.053125 0.087500
0 0.074609 0.067187 0.067969 0.084375
0 0.204687 0.389583 0.067187 0.091667
0 0.297266 0.525521 0.060156 0.080208
0 0.758594 0.087500 0.076563 0.091667
0 0.514062 0.110417 0.051562 0.070833
0 0.556250 0.150521 0.065625 0.061458
0 0.382422 0.360938 0.050781 0.086458
0 0.343359 0.359375 0.061719 0.114583
0 0.757812 0.699479 0.062500 0.086458
0 0.606641 0.941146 0.061719 0.082292
0 0.449609 0.915104 0.066406 0.076042
0 0.582812 0.033333 0.056250 0.066667
0 0.445312 0.047917 0.070312 0.095833
0 0.539453 0.045833 0.053906 0.091667
0 0.494531 0.044792 0.059375 0.089583
0 0.974609 0.057292 0.058594 0.085417
0 0.373047 0.070312 0.064844 0.082292
0 0.194141 0.075521 0.066406 0.088542
0 0.631250 0.097917 0.065625 0.095833
0 0.428906 0.096875 0.073438 0.095833
0 0.940625 0.102604 0.067187 0.096875
0 0.134375 0.094792 0.075000 0.079167
0 0.307422 0.116146 0.064844 0.082292
0 0.894141 0.125521 0.063281 0.082292
0 0.683984 0.132292 0.055469 0.072917
0 0.810937 0.132812 0.064062 0.086458
0 0.203906 0.153125 0.065625 0.083333
0 0.735938 0.144792 0.073438 0.079167
0 0.644531 0.171354 0.064062 0.084375
0 0.970703 0.181250 0.066406 0.079167
0 0.145313 0.186979 0.081250 0.101042
0 0.741016 0.198958 0.061719 0.075000
0 0.912109 0.192188 0.064844 0.082292
0 0.530469 0.208854 0.065625 0.084375
0 0.042188 0.277604 0.064062 0.092708
0 0.229687 0.275000 0.067187 0.095833
0 0.814453 0.278125 0.066406 0.087500
0 0.413672 0.281771 0.067969 0.090625
0 0.512891 0.291146 0.067969 0.090625
0 0.970703 0.334375 0.066406 0.091667
0 0.616016 0.339583 0.066406 0.089583
0 0.298438 0.358333 0.062500 0.100000
0 0.563281 0.361979 0.060937 0.090625
0 0.841016 0.364063 0.067969 0.098958
0 0.793750 0.361979 0.053125 0.084375
0 0.475000 0.371354 0.065625 0.086458
0 0.148047 0.372396 0.049219 0.071875
0 0.914844 0.379167 0.065625 0.087500
0 0.433984 0.407813 0.061719 0.098958
0 0.266016 0.407813 0.082031 0.082292
0 0.371094 0.419271 0.089063 0.113542
0 0.612109 0.409896 0.063281 0.082292
0 0.972266 0.439063 0.063281 0.088542
0 0.853125 0.454167 0.068750 0.093750
0 0.031641 0.443750 0.063281 0.087500
0 0.185938 0.452604 0.062500 0.094792
0 0.130859 0.454167 0.055469 0.091667
0 0.246094 0.466667 0.076563 0.087500
0 0.080469 0.474479 0.059375 0.098958
0 0.517969 0.503125 0.056250 0.106250
0 0.351172 0.490625 0.072656 0.083333
0 0.476562 0.495833 0.059375 0.110417
0 0.829688 0.514583 0.064062 0.089583
0 0.037891 0.517708 0.069531 0.093750
0 0.423438 0.522917 0.071875 0.093750
0 0.148438 0.532813 0.070312 0.078125
0 0.553125 0.528125 0.068750 0.093750
0 0.707812 0.569792 0.078125 0.085417
0 0.782031 0.594792 0.064062 0.089583
0 0.521094 0.614583 0.064062 0.089583
0 0.576953 0.616667 0.071094 0.089583
0 0.171094 0.631250 0.060937 0.083333
0 0.903516 0.646354 0.064844 0.105208
0 0.841797 0.642188 0.067969 0.098958
0 0.660547 0.634896 0.061719 0.069792
0 0.703125 0.657292 0.062500 0.093750
0 0.118359 0.655729 0.061719 0.082292
0 0.437891 0.673438 0.071094 0.094792
0 0.950000 0.688021 0.062500 0.088542
0 0.475781 0.725521 0.059375 0.080208
0 0.253125 0.730729 0.064062 0.103125
0 0.916797 0.741146 0.066406 0.086458
0 0.695312 0.745313 0.070312 0.092708
0 0.216016 0.748437 0.053906 0.082292
0 0.864453 0.765625 0.063281 0.102083
0 0.116797 0.776563 0.066406 0.088542
0 0.963281 0.796875 0.064062 0.089583
0 0.814063 0.798958 0.062500 0.083333
0 0.265625 0.806771 0.062500 0.107292
0 0.696875 0.828646 0.068750 0.084375
0 0.334375 0.833854 0.078125 0.088542
0 0.416406 0.838021 0.067187 0.103125
0 0.116406 0.846875 0.060937 0.083333
0 0.873437 0.860417 0.067187 0.100000
0 0.316016 0.890104 0.069531 0.084375
0 0.746094 0.890625 0.075000 0.097917
0 0.157812 0.899479 0.071875 0.084375
0 0.835547 0.910417 0.049219 0.087500
0 0.058984 0.926042 0.069531 0.087500
0 0.202734 0.925521 0.066406 0.088542
3 0.520312 0.409375 0.079687 0.114583
