0 0.880469 0.472396 0.053125 0.092708
0 0.528906 0.077083 0.064062 0.102083
0 0.266016 0.838542 0.063281 0.085417
0 0.867578 0.037500 0.071094 0.075000
0 0.136719 0.048958 0.075000 0.097917
0 0.071875 0.048958 0.078125 0.097917
0 0.218750 0.073438 0.064062 0.088542
0 0.585938 0.086979 0.057813 0.094792
0 0.679688 0.077083 0.070312 0.131250
0 0.849609 0.096354 0.091406 0.096875
0 0.260547 0.121354 0.064844 0.090625
0 0.180078 0.125000 0.071094 0.097917
0 0.798828 0.153125 0.069531 0.085417
0 0.153516 0.169792 0.069531 0.135417
0 0.100781 0.169792 0.060937 0.097917
0 0.473438 0.186458 0.090625 0.106250
0 0.640625 0.194792 0.076563 0.100000
0 0.412109 0.209896 0.064844 0.092708
0 0.227734 0.209896 0.071094 0.073958
0 0.782031 0.227604 0.087500 0.103125
0 0.380469 0.226562 0.065625 0.096875
0 0.217188 0.260937 0.081250 0.086458
0 0.345703 0.270313 0.075781 0.082292
0 0.947656 0.294792 0.092188 0.091667
0 0.276562 0.267708 0.065625 0.062500
0 0.914844 0.321875 0.046875 0.091667
0 0.712891 0.328646 0.063281 0.088542
0 0.444531 0.331250 0.071875 0.087500
0 0.266016 0.345313 0.060156 0.076042
0 0.687891 0.351562 0.064844 0.092708
0 0.221094 0.367708 0.065625 0.089583
0 0.966406 0.373437 0.067187 0.073958
0 0.771094 0.385417 0.082812 0.108333
0 0.468359 0.418229 0.072656 0.101042
0 0.961719 0.438021 0.084375 0.088542
0 0.668359 0.428125 0.083594 0.106250
0 0.059766 0.443750 0.092969 0.104167
0 0.658594 0.491667 0.071875 0.070833
0 0.165234 0.491146 0.096094 0.115625
0 0.321094 0.485417 0.081250 0.102083
0 0.788281 0.491146 0.076563 0.119792
0 0.486328 0.502083 0.052344 0.097917
0 0.744141 0.507812 0.067969 0.113542
0 0.355469 0.507812 0.060937 0.069792
0 0.695703 0.543750 0.083594 0.089583
0 0.233984 0.556250 0.091406 0.091667
0 0.853125 0.579688 0.057813 0.094792
0 0.898047 0.582292 0.057031 0.093750
0 0.137109 0.598437 0.074219 0.088542
0 0.349219 0.593750 0.087500 0.133333
0 0.913281 0.621875 0.078125 0.097917
0 0.153125 0.636979 0.073438 0.086458
0 0.388672 0.635417 0.071094 0.075000
0 0.736719 0.647396 0.064062 0.086458
0 0.396875 0.688021 0.071875 0.078125
0 0.375391 0.722917 0.075781 0.114583
0 0.109766 0.738542 0.064844 0.102083
0 0.740625 0.737500 0.071875 0.095833
0 0.182812 0.772396 0.048438 0.090625
0 0.437109 0.782292 0.074219 0.095833
0 0.862500 0.784375 0.084375 0.114583
0 0.135156 0.772917 0.071875 0.079167
0 0.794531 0.800000 0.076563 0.112500
0 0.948828 0.809896 0.072656 0.096875
0 0.136719 0.830729 0.079687 0.078125
0 0.704688 0.827083 0.051562 0.085417
0 0.665234 0.831250 0.052344 0.087500
0 0.388281 0.837500 0.060937 0.091667
0 0.913281 0.852604 0.067187 0.063542
0 0.118750 0.859375 0.068750 0.064583
0 0.600000 0.862500 0.076563 0.083333
0 0.500781 0.864062 0.059375 0.098958
0 0.746094 0.904167 0.067187 0.108333
0 0.126953 0.914583 0.075781 0.079167
0 0.068359 0.940104 0.089844 0.130208
0 0.614844 0.911458 0.070312 0.070833
0 0.480469 0.939583 0.073438 0.097917
0 0.900000 0.931250 0.078125 0.129167
0 0.817187 0.949479 0.082812 0.111458
3 0.087500 0.632292 0.054688 0.106250
2 0.562109 0.259375 0.083594 0.104167
1 0.642578 0.760938 0.061719 0.107292
