0 0.034766 0.289062 0.041406 0.076042
0 0.025391 0.139583 0.049219 0.075000
0 0.107031 0.248438 0.054688 0.078125
0 0.101953 0.929167 0.053906 0.068750
0 0.584375 0.730729 0.059375 0.082292
0 0.697656 0.887500 0.059375 0.070833
0 0.864062 0.326562 0.048438 0.084375
0 0.289844 0.917188 0.057813 0.088542
0 0.502734 0.040625 0.055469 0.081250
0 0.028125 0.040625 0.056250 0.066667
0 0.814844 0.046354 0.053125 0.073958
0 0.900000 0.050000 0.057813 0.091667
0 0.601562 0.068750 0.056250 0.077083
0 0.214844 0.083333 0.054688 0.077083
0 0.090625 0.082812 0.062500 0.082292
0 0.400000 0.084896 0.053125 0.069792
0 0.161719 0.103646 0.053125 0.080208
0 0.978906 0.115104 0.050000 0.078125
0 0.688281 0.120313 0.059375 0.086458
0 0.822656 0.120833 0.051562 0.075000
0 0.354297 0.131250 0.055469 0.077083
0 0.532031 0.129688 0.051562 0.073958
0 0.435547 0.141146 0.052344 0.067708
0 0.763672 0.161979 0.050781 0.071875
0 0.126562 0.177604 0.053125 0.084375
0 0.837109 0.187500 0.057031 0.070833
0 0.698047 0.201042 0.053906 0.072917
0 0.367969 0.202083 0.065625 0.079167
0 0.516797 0.213021 0.058594 0.082292
0 0.576172 0.229167 0.052344 0.075000
0 0.183984 0.230208 0.052344 0.075000
0 0.936719 0.242188 0.054688 0.078125
0 0.284766 0.243750 0.050781 0.066667
0 0.346875 0.256250 0.051562 0.075000
0 0.895703 0.274479 0.058594 0.082292
0 0.537891 0.284375 0.050781 0.072917
0 0.210938 0.294792 0.059375 0.075000
0 0.696484 0.301563 0.060156 0.080208
0 0.369141 0.303125 0.058594 0.089583
0 0.424219 0.312500 0.060937 0.089583
0 0.107813 0.320312 0.046875 0.065625
0 0.800000 0.322396 0.056250 0.084375
0 0.960156 0.335938 0.056250 0.086458
0 0.302344 0.340625 0.056250 0.072917
0 0.471875 0.357292 0.059375 0.075000
0 0.225000 0.361979 0.051562 0.069792
0 0.630859 0.371875 0.055469 0.075000
0 0.097266 0.408333 0.050781 0.070833
0 0.501172 0.416667 0.061719 0.079167
0 0.875781 0.421875 0.048438 0.077083
0 0.282813 0.427604 0.053125 0.084375
0 0.817969 0.438021 0.057813 0.078125
0 0.234766 0.439583 0.057031 0.079167
0 0.924609 0.445312 0.052344 0.078125
0 0.977344 0.448958 0.053125 0.081250
0 0.664844 0.453125 0.057813 0.075000
0 0.592578 0.456250 0.053906 0.085417
0 0.921484 0.516667 0.057031 0.072917
0 0.633203 0.521875 0.053906 0.081250
0 0.133594 0.525000 0.054688 0.083333
0 0.662109 0.641146 0.052344 0.067708
0 0.159766 0.637500 0.053906 0.083333
0 0.612891 0.650521 0.058594 0.082292
0 0.853906 0.731250 0.054688 0.075000
0 0.679297 0.743229 0.057031 0.080208
0 0.976953 0.747396 0.053906 0.076042
0 0.092969 0.771354 0.057813 0.076042
0 0.414062 0.770312 0.054688 0.076042
0 0.917188 0.796354 0.060937 0.084375
0 0.761328 0.809375 0.053906 0.081250
0 0.365625 0.817187 0.054688 0.078125
0 0.423828 0.836979 0.058594 0.071875
0 0.080469 0.846875 0.057813 0.083333
0 0.323828 0.865104 0.060156 0.086458
0 0.042188 0.885938 0.050000 0.080208
0 0.378516 0.889062 0.055469 0.076042
0 0.199609 0.904167 0.055469 0.085417
0 0.149219 0.915104 0.051562 0.092708
0 0.354297 0.953125 0.050781 0.075000
0 0.486719 0.960417 0.051562 0.083333
0 0.721484 0.965625 0.058594 0.079167
0 0.186328 0.969271 0.057031 0.071875
0 0.807422 0.969271 0.053906 0.071875
