0 0.631250 0.458333 0.068750 0.072917
0 0.651172 0.608333 0.055469 0.081250
0 0.609766 0.653125 0.077344 0.087500
0 0.634375 0.717187 0.056250 0.065625
0 0.912109 0.301042 0.072656 0.081250
0 0.766016 0.935417 0.071094 0.066667
0 0.916797 0.368750 0.075781 0.079167
0 0.525781 0.419792 0.070312 0.091667
0 0.246875 0.470313 0.076563 0.069792
0 0.133203 0.497917 0.072656 0.083333
0 0.310156 0.573438 0.062500 0.094792
0 0.262109 0.626042 0.063281 0.093750
0 0.503516 0.700000 0.074219 0.079167
0 0.661328 0.947396 0.071094 0.090625
1 0.576953 0.541667 0.072656 0.104167
