0 0.233594 0.760417 0.054688 0.077083
0 0.721875 0.396354 0.056250 0.088542
0 0.965234 0.910937 0.057031 0.086458
0 0.220703 0.866667 0.066406 0.081250
0 0.683594 0.030208 0.054688 0.060417
0 0.728516 0.037500 0.058594 0.075000
0 0.350000 0.038021 0.064062 0.076042
0 0.064844 0.042708 0.053125 0.075000
0 0.860156 0.043229 0.057813 0.076042
0 0.650781 0.063021 0.059375 0.076042
0 0.429297 0.072917 0.052344 0.083333
0 0.305078 0.068750 0.055469 0.072917
0 0.809766 0.073958 0.057031 0.077083
0 0.566016 0.114583 0.052344 0.083333
0 0.614453 0.110937 0.053906 0.082292
0 0.957422 0.125000 0.047656 0.075000
0 0.519922 0.135417 0.057031 0.075000
0 0.374609 0.143750 0.053906 0.079167
0 0.913672 0.144271 0.058594 0.078125
0 0.451172 0.169271 0.055469 0.084375
0 0.153125 0.179167 0.050000 0.079167
0 0.626953 0.191667 0.058594 0.075000
0 0.965234 0.200521 0.064844 0.080208
0 0.170313 0.242188 0.059375 0.069792
0 0.516016 0.268750 0.057031 0.077083
0 0.635156 0.266146 0.057813 0.078125
0 0.858984 0.272396 0.058594 0.084375
0 0.206250 0.299479 0.060937 0.076042
0 0.430469 0.305208 0.056250 0.089583
0 0.170703 0.327604 0.060156 0.073958
0 0.255469 0.331771 0.054688 0.076042
0 0.107031 0.338542 0.057813 0.079167
0 0.456641 0.348438 0.067969 0.076042
0 0.976172 0.373437 0.055469 0.080208
0 0.505469 0.377083 0.060937 0.083333
0 0.339453 0.379167 0.057031 0.075000
0 0.924219 0.384375 0.053125 0.085417
0 0.051562 0.382292 0.059375 0.077083
0 0.145703 0.382292 0.057031 0.075000
0 0.650391 0.398958 0.058594 0.077083
0 0.842578 0.416667 0.060156 0.077083
0 0.106641 0.425521 0.050781 0.086458
0 0.764844 0.422917 0.056250 0.077083
0 0.203516 0.425000 0.061719 0.079167
0 0.317578 0.462500 0.063281 0.085417
0 0.652734 0.490625 0.053906 0.085417
0 0.856641 0.485938 0.057031 0.073958
0 0.078516 0.488542 0.060156 0.079167
0 0.214453 0.493229 0.069531 0.076042
0 0.430859 0.517188 0.060156 0.080208
0 0.896484 0.529687 0.057031 0.078125
0 0.289844 0.538021 0.059375 0.082292
0 0.689453 0.543229 0.060156 0.084375
0 0.953516 0.547396 0.060156 0.088542
0 0.612500 0.556250 0.060937 0.081250
0 0.032031 0.557813 0.057813 0.078125
0 0.796875 0.613021 0.053125 0.065625
0 0.124219 0.616667 0.056250 0.083333
0 0.665234 0.610938 0.061719 0.082292
0 0.429297 0.623958 0.058594 0.075000
0 0.530078 0.639062 0.057031 0.084375
0 0.260937 0.638021 0.065625 0.078125
0 0.167969 0.655729 0.057813 0.086458
0 0.476953 0.662500 0.060156 0.083333
0 0.097266 0.673958 0.053906 0.075000
0 0.366406 0.678646 0.051562 0.084375
0 0.782422 0.679688 0.058594 0.076042
0 0.320703 0.680729 0.052344 0.071875
0 0.207422 0.685417 0.050781 0.068750
0 0.560156 0.688021 0.059375 0.078125
0 0.026562 0.697396 0.053125 0.080208
0 0.401172 0.704167 0.060156 0.081250
0 0.950391 0.714583 0.058594 0.077083
0 0.076953 0.724479 0.058594 0.067708
0 0.348047 0.728125 0.063281 0.089583
0 0.287891 0.734896 0.060156 0.078125
0 0.824609 0.735938 0.061719 0.080208
0 0.592187 0.740625 0.057813 0.077083
0 0.881250 0.758854 0.056250 0.076042
0 0.397656 0.781250 0.060937 0.079167
0 0.185938 0.790625 0.056250 0.079167
0 0.934766 0.788021 0.060156 0.084375
0 0.098047 0.792188 0.061719 0.080208
0 0.801562 0.799479 0.064062 0.067708
0 0.264062 0.816667 0.060937 0.075000
0 0.594141 0.818229 0.063281 0.080208
0 0.718359 0.822396 0.050781 0.069792
0 0.028516 0.822917 0.057031 0.079167
0 0.344141 0.822917 0.058594 0.083333
0 0.142578 0.832812 0.058594 0.088542
0 0.642578 0.861979 0.052344 0.073958
0 0.403125 0.869271 0.054688 0.082292
0 0.811719 0.865625 0.057813 0.072917
0 0.462500 0.867708 0.051562 0.070833
0 0.164453 0.900521 0.061719 0.076042
0 0.702344 0.903646 0.059375 0.086458
0 0.619531 0.923438 0.064062 0.080208
0 0.076953 0.936458 0.053906 0.075000
0 0.557031 0.958333 0.057813 0.083333
0 0.800391 0.961458 0.055469 0.079167
0 0.133203 0.964063 0.055469 0.082292
0 0.673438 0.960938 0.057813 0.080208
2 0.233984 0.561458 0.069531 0.100000
2 0.804688 0.351042 0.067187 0.081250
