0 0.550781 0.777083 0.062500 0.089583
0 0.587500 0.720833 0.065625 0.075000
0 0.621875 0.766146 0.065625 0.090625
0 0.589844 0.821875 0.057813 0.075000
0 0.889844 0.921875 0.064062 0.085417
0 0.927734 0.961458 0.057031 0.077083
0 0.978906 0.894792 0.042188 0.075000
0 0.510547 0.301042 0.071094 0.079167
0 0.537891 0.589583 0.066406 0.081250
0 0.316016 0.181250 0.050781 0.081250
0 0.321484 0.047396 0.057031 0.071875
0 0.821484 0.058854 0.050781 0.073958
0 0.923047 0.065625 0.058594 0.072917
0 0.905469 0.661458 0.059375 0.075000
0 0.961719 0.217708 0.064062 0.064583
0 0.087891 0.034375 0.071094 0.068750
0 0.591016 0.038542 0.064844 0.077083
0 0.033984 0.048438 0.067969 0.096875
0 0.269531 0.063542 0.064062 0.083333
0 0.672266 0.063542 0.061719 0.085417
0 0.869141 0.065625 0.063281 0.081250
0 0.098828 0.072396 0.066406 0.071875
0 0.563281 0.093750 0.057813 0.075000
0 0.360938 0.093229 0.067187 0.084375
0 0.499609 0.094792 0.061719 0.079167
0 0.153125 0.130729 0.065625 0.080208
0 0.094922 0.131771 0.066406 0.080208
0 0.285156 0.128125 0.068750 0.077083
0 0.682422 0.138021 0.066406 0.082292
0 0.621094 0.148438 0.068750 0.082292
0 0.561719 0.152083 0.065625 0.072917
0 0.889453 0.165104 0.064844 0.086458
0 0.817578 0.172917 0.060156 0.085417
0 0.078906 0.187500 0.059375 0.075000
0 0.670703 0.185417 0.074219 0.108333
0 0.262500 0.198437 0.067187 0.086458
0 0.575391 0.206771 0.072656 0.071875
0 0.187109 0.208854 0.061719 0.080208
0 0.785937 0.235937 0.062500 0.080208
0 0.835938 0.234896 0.060937 0.078125
0 0.491797 0.241667 0.063281 0.081250
0 0.140625 0.242708 0.065625 0.079167
0 0.556250 0.263021 0.068750 0.080208
0 0.677344 0.264583 0.062500 0.083333
0 0.063672 0.268750 0.060156 0.077083
0 0.406250 0.300000 0.060937 0.081250
0 0.187109 0.313542 0.061719 0.085417
0 0.651563 0.314063 0.065625 0.078125
0 0.054688 0.335417 0.067187 0.079167
0 0.155859 0.351562 0.061719 0.080208
0 0.430469 0.355729 0.071875 0.073958
0 0.635156 0.375521 0.065625 0.086458
0 0.210156 0.386458 0.064062 0.083333
0 0.480859 0.391146 0.058594 0.080208
0 0.560937 0.408854 0.057813 0.071875
0 0.838281 0.415104 0.067187 0.080208
0 0.665234 0.429688 0.067969 0.094792
0 0.783984 0.439063 0.066406 0.067708
0 0.208594 0.455729 0.075000 0.086458
0 0.268750 0.456250 0.062500 0.077083
0 0.467969 0.457813 0.065625 0.078125
0 0.939063 0.459375 0.059375 0.072917
0 0.698828 0.467187 0.074219 0.088542
0 0.375391 0.471354 0.060156 0.082292
0 0.832031 0.476042 0.051562 0.075000
0 0.533203 0.478646 0.058594 0.084375
0 0.046484 0.489063 0.071094 0.073958
0 0.900391 0.496875 0.058594 0.075000
0 0.780859 0.492188 0.075781 0.096875
0 0.112500 0.500000 0.062500 0.081250
0 0.210547 0.519271 0.066406 0.073958
0 0.445703 0.518229 0.064844 0.080208
0 0.583203 0.522396 0.075781 0.076042
0 0.712500 0.530729 0.068750 0.082292
0 0.496484 0.536458 0.060156 0.089583
0 0.648047 0.533333 0.063281 0.081250
0 0.390625 0.541667 0.064062 0.081250
0 0.031250 0.548438 0.062500 0.076042
0 0.769531 0.563542 0.070312 0.079167
0 0.087109 0.564063 0.061719 0.078125
0 0.181250 0.562500 0.059375 0.068750
0 0.601953 0.573438 0.058594 0.076042
0 0.236328 0.575000 0.055469 0.075000
0 0.441406 0.581250 0.071875 0.079167
0 0.651953 0.600000 0.058594 0.083333
0 0.346875 0.604688 0.071875 0.090625
0 0.041406 0.613021 0.082812 0.092708
0 0.395703 0.617708 0.050781 0.075000
0 0.171484 0.617188 0.064844 0.078125
0 0.111719 0.624479 0.067187 0.082292
0 0.556641 0.656250 0.064844 0.079167
0 0.356250 0.668229 0.060937 0.069792
0 0.254688 0.665104 0.060937 0.086458
0 0.194531 0.672396 0.075000 0.090625
0 0.648047 0.703125 0.061719 0.077083
0 0.392188 0.708854 0.067187 0.086458
0 0.527344 0.709896 0.054688 0.071875
0 0.920703 0.718750 0.069531 0.079167
0 0.223047 0.721354 0.058594 0.078125
0 0.341016 0.736979 0.066406 0.086458
0 0.970313 0.750000 0.060937 0.075000
0 0.903906 0.775521 0.067187 0.086458
0 0.837109 0.777604 0.063281 0.088542
0 0.859375 0.835938 0.060937 0.076042
0 0.906641 0.840625 0.058594 0.077083
0 0.026562 0.870833 0.053125 0.075000
0 0.219531 0.955729 0.065625 0.094792
0 0.508984 0.958333 0.063281 0.081250
0 0.153516 0.963021 0.091406 0.084375
0 0.276562 0.968229 0.060937 0.073958
2 0.610156 0.456250 0.073438 0.083333
