0 0.083203 0.297917 0.064844 0.072917
0 0.336328 0.122396 0.061719 0.090625
0 0.528516 0.441667 0.060156 0.097917
0 0.778906 0.366667 0.065625 0.083333
0 0.580859 0.106771 0.049219 0.078125
0 0.442188 0.055729 0.054688 0.063542
0 0.033984 0.239063 0.061719 0.073958
0 0.576562 0.038542 0.068750 0.077083
0 0.784375 0.039062 0.056250 0.078125
0 0.029687 0.039583 0.059375 0.079167
0 0.922266 0.045312 0.074219 0.090625
0 0.851172 0.048438 0.071094 0.096875
0 0.736719 0.049479 0.065625 0.098958
0 0.683594 0.057292 0.067187 0.093750
0 0.138672 0.059896 0.067969 0.119792
0 0.519531 0.097917 0.050000 0.062500
0 0.953125 0.102083 0.071875 0.091667
0 0.090234 0.109375 0.063281 0.083333
0 0.474219 0.107292 0.065625 0.081250
0 0.830078 0.132292 0.066406 0.095833
0 0.633594 0.156250 0.064062 0.093750
0 0.381641 0.152604 0.058594 0.090625
0 0.523438 0.158333 0.070312 0.091667
0 0.435156 0.164583 0.064062 0.097917
0 0.742188 0.169271 0.060937 0.090625
0 0.944922 0.176042 0.071094 0.089583
0 0.789844 0.184375 0.064062 0.091667
0 0.705469 0.198437 0.059375 0.092708
0 0.119531 0.193229 0.073438 0.092708
0 0.654687 0.204167 0.060937 0.075000
0 0.861328 0.223438 0.060156 0.086458
0 0.384375 0.242188 0.064062 0.096875
0 0.800000 0.265625 0.071875 0.091667
0 0.739453 0.283854 0.064844 0.098958
0 0.515234 0.292187 0.069531 0.084375
0 0.676953 0.302604 0.066406 0.088542
0 0.435937 0.314063 0.065625 0.094792
0 0.342187 0.332813 0.056250 0.080208
0 0.307812 0.365625 0.068750 0.085417
0 0.844531 0.370833 0.067187 0.089583
0 0.903125 0.389583 0.062500 0.083333
0 0.594531 0.398438 0.068750 0.094792
0 0.718750 0.430729 0.064062 0.073958
0 0.649609 0.442708 0.058594 0.083333
0 0.941016 0.446875 0.066406 0.081250
0 0.451562 0.453125 0.057813 0.079167
0 0.735156 0.497396 0.059375 0.088542
0 0.354297 0.510417 0.060156 0.087500
0 0.426563 0.518229 0.065625 0.086458
0 0.551172 0.518750 0.072656 0.097917
0 0.627344 0.526563 0.060937 0.088542
0 0.786719 0.541146 0.065625 0.078125
0 0.866016 0.551042 0.061719 0.081250
0 0.956250 0.588542 0.095312 0.097917
0 0.714453 0.599479 0.063281 0.090625
0 0.254688 0.600521 0.068750 0.092708
0 0.457422 0.611458 0.088281 0.089583
0 0.892188 0.627083 0.060937 0.081250
0 0.301172 0.661979 0.074219 0.086458
0 0.494141 0.661979 0.055469 0.092708
0 0.407813 0.671875 0.064062 0.089583
0 0.570703 0.705729 0.078906 0.090625
0 0.107031 0.713542 0.062500 0.095833
0 0.068359 0.727604 0.052344 0.096875
0 0.323047 0.735417 0.069531 0.085417
0 0.615625 0.734896 0.073438 0.098958
0 0.869531 0.746875 0.067187 0.097917
0 0.716016 0.752083 0.058594 0.104167
0 0.409766 0.762500 0.066406 0.106250
0 0.668750 0.763021 0.059375 0.096875
0 0.495312 0.779687 0.068750 0.086458
0 0.290625 0.787500 0.064062 0.095833
0 0.938281 0.817708 0.070312 0.093750
0 0.727734 0.823438 0.072656 0.069792
0 0.604688 0.859375 0.068750 0.091667
0 0.676172 0.857812 0.067969 0.098958
0 0.869531 0.884375 0.064062 0.093750
0 0.303125 0.882292 0.071875 0.104167
0 0.515234 0.879687 0.060156 0.092708
0 0.131250 0.881250 0.079687 0.077083
0 0.964453 0.902604 0.063281 0.086458
0 0.283984 0.945312 0.100781 0.119792
0 0.556641 0.932813 0.061719 0.086458
0 0.224219 0.947917 0.064062 0.102083
0 0.774609 0.958333 0.061719 0.093750
0 0.918750 0.943750 0.057813 0.081250
0 0.186328 0.964583 0.061719 0.081250
1 0.497266 0.575521 0.075781 0.096875
