0 0.092578 0.040104 0.055469 0.069792
0 0.057813 0.097396 0.056250 0.073958
0 0.045703 0.231250 0.049219 0.062500
0 0.716406 0.138021 0.057813 0.069792
0 0.686719 0.576562 0.056250 0.069792
0 0.651563 0.519271 0.054688 0.076042
0 0.912109 0.515625 0.058594 0.077083
0 0.958984 0.678125 0.067969 0.075000
0 0.683203 0.664062 0.052344 0.069792
0 0.554688 0.891667 0.053125 0.072917
0 0.273828 0.170833 0.060156 0.077083
0 0.316016 0.147917 0.058594 0.068750
0 0.319531 0.076042 0.057813 0.075000
0 0.632812 0.196875 0.046875 0.072917
0 0.685937 0.222396 0.065625 0.069792
0 0.098047 0.314583 0.061719 0.075000
0 0.721484 0.040625 0.063281 0.081250
0 0.775781 0.047396 0.073438 0.094792
0 0.904687 0.077083 0.060937 0.081250
0 0.385156 0.079167 0.060937 0.066667
0 0.952734 0.089063 0.058594 0.071875
0 0.203125 0.106771 0.054688 0.086458
0 0.174219 0.126562 0.060937 0.086458
0 0.082422 0.142187 0.058594 0.084375
0 0.517578 0.143229 0.053906 0.082292
0 0.826953 0.159375 0.061719 0.079167
0 0.560547 0.158333 0.063281 0.097917
0 0.958594 0.171875 0.090625 0.089583
0 0.786719 0.212500 0.060937 0.085417
0 0.141797 0.198958 0.086719 0.125000
0 0.395703 0.228646 0.082031 0.101042
0 0.457813 0.228125 0.065625 0.079167
0 0.306250 0.228646 0.065625 0.090625
0 0.509375 0.253125 0.062500 0.091667
0 0.606250 0.271354 0.060937 0.084375
0 0.722656 0.286979 0.048438 0.063542
0 0.775781 0.282813 0.071875 0.086458
0 0.974219 0.295312 0.059375 0.117708
0 0.404687 0.310417 0.078125 0.093750
0 0.460156 0.303646 0.062500 0.082292
0 0.657422 0.295833 0.066406 0.064583
0 0.202344 0.300000 0.089063 0.097917
0 0.660156 0.344271 0.064062 0.063542
0 0.833984 0.343750 0.058594 0.079167
0 0.505078 0.344271 0.066406 0.090625
0 0.906250 0.340104 0.056250 0.080208
0 0.783594 0.356771 0.067187 0.084375
0 0.314844 0.363021 0.060937 0.076042
0 0.716406 0.372396 0.064062 0.084375
0 0.379688 0.390104 0.057813 0.082292
0 0.136719 0.400521 0.062500 0.084375
0 0.881250 0.423438 0.059375 0.078125
0 0.420312 0.439583 0.068750 0.079167
0 0.506641 0.447396 0.067969 0.094792
0 0.622266 0.448437 0.064844 0.086458
0 0.751563 0.432292 0.101562 0.089583
0 0.555078 0.474479 0.058594 0.078125
0 0.755078 0.501042 0.072656 0.079167
0 0.841406 0.478125 0.065625 0.087500
0 0.151953 0.502083 0.085156 0.100000
0 0.050391 0.468750 0.100781 0.129167
0 0.344531 0.497917 0.064062 0.083333
0 0.797266 0.500521 0.060156 0.090625
0 0.406641 0.507292 0.083594 0.095833
0 0.214453 0.530208 0.063281 0.077083
0 0.265625 0.536979 0.062500 0.082292
0 0.076563 0.540104 0.079687 0.071875
0 0.486719 0.555208 0.073438 0.133333
0 0.399609 0.582812 0.061719 0.086458
0 0.601562 0.586458 0.057813 0.085417
0 0.892578 0.596875 0.061719 0.083333
0 0.067578 0.600521 0.067969 0.082292
0 0.458594 0.607812 0.059375 0.078125
0 0.242188 0.611458 0.056250 0.095833
0 0.367969 0.618229 0.059375 0.092708
0 0.068359 0.665104 0.060156 0.080208
0 0.109375 0.665104 0.046875 0.078125
0 0.487891 0.698958 0.080469 0.116667
0 0.029687 0.685417 0.059375 0.104167
0 0.242188 0.691146 0.062500 0.080208
0 0.414844 0.687500 0.090625 0.116667
0 0.326172 0.697917 0.057031 0.081250
0 0.142578 0.729688 0.058594 0.082292
0 0.282813 0.740104 0.062500 0.080208
0 0.072656 0.737500 0.056250 0.083333
0 0.180859 0.745833 0.053906 0.087500
0 0.764844 0.760938 0.050000 0.082292
0 0.306641 0.785937 0.061719 0.063542
0 0.119922 0.809375 0.052344 0.095833
0 0.162109 0.814063 0.058594 0.082292
0 0.465234 0.821875 0.088281 0.110417
0 0.592187 0.820312 0.087500 0.080208
0 0.733203 0.856771 0.077344 0.119792
0 0.794141 0.864062 0.067969 0.086458
0 0.062891 0.886458 0.064844 0.085417
0 0.678125 0.908333 0.068750 0.089583
0 0.830469 0.909896 0.056250 0.086458
0 0.448437 0.904687 0.062500 0.076042
0 0.842187 0.948958 0.071875 0.112500
0 0.089453 0.944792 0.064844 0.106250
0 0.026172 0.944271 0.052344 0.078125
0 0.448047 0.960417 0.061719 0.068750
0 0.658984 0.961458 0.063281 0.087500
0 0.789453 0.962500 0.067969 0.085417
0 0.399609 0.963542 0.066406 0.083333
0 0.342969 0.963542 0.071875 0.083333
2 0.819141 0.719271 0.067969 0.090625
2 0.921094 0.373437 0.065625 0.076042
1 0.953516 0.479687 0.061719 0.076042
