0 0.811328 0.627604 0.060156 0.073958
0 0.963672 0.327604 0.061719 0.088542
0 0.742188 0.153646 0.059375 0.076042
0 0.630078 0.892708 0.057031 0.077083
0 0.666406 0.326562 0.071875 0.082292
0 0.947266 0.114062 0.069531 0.078125
0 0.105078 0.036979 0.063281 0.073958
0 0.601172 0.042708 0.072656 0.085417
0 0.159375 0.043229 0.054688 0.071875
0 0.795703 0.048438 0.064844 0.084375
0 0.913672 0.051562 0.066406 0.088542
0 0.666797 0.050521 0.063281 0.084375
0 0.425781 0.059375 0.062500 0.083333
0 0.528125 0.061458 0.062500 0.083333
0 0.370703 0.068229 0.058594 0.080208
0 0.851172 0.082812 0.066406 0.078125
0 0.212891 0.094271 0.064844 0.084375
0 0.026172 0.101042 0.052344 0.079167
0 0.097266 0.106771 0.069531 0.086458
0 0.484766 0.122917 0.066406 0.083333
0 0.307812 0.123958 0.067187 0.087500
0 0.571484 0.133854 0.066406 0.086458
0 0.373437 0.140625 0.070312 0.075000
0 0.166016 0.152604 0.063281 0.086458
0 0.833203 0.156250 0.064844 0.087500
0 0.632031 0.172917 0.070312 0.091667
0 0.924219 0.183854 0.056250 0.073958
0 0.097656 0.187500 0.064062 0.077083
0 0.691797 0.204167 0.055469 0.081250
0 0.877734 0.211458 0.067969 0.091667
0 0.387891 0.212500 0.069531 0.093750
0 0.321484 0.222396 0.064844 0.092708
0 0.579688 0.223958 0.067187 0.085417
0 0.451562 0.225521 0.067187 0.088542
0 0.192578 0.231771 0.071094 0.088542
0 0.026172 0.232813 0.052344 0.076042
0 0.763672 0.235937 0.066406 0.088542
0 0.510156 0.251563 0.062500 0.082292
0 0.822656 0.250000 0.057813 0.085417
0 0.133203 0.257292 0.063281 0.091667
0 0.714063 0.277083 0.064062 0.089583
0 0.080078 0.278125 0.055469 0.077083
0 0.271094 0.285417 0.065625 0.087500
0 0.607812 0.292708 0.070312 0.087500
0 0.342969 0.311979 0.060937 0.082292
0 0.189062 0.317708 0.064062 0.085417
0 0.480859 0.319271 0.058594 0.078125
0 0.420703 0.323958 0.064844 0.087500
0 0.037109 0.343750 0.057031 0.089583
0 0.874219 0.348438 0.071875 0.088542
0 0.080469 0.356771 0.057813 0.084375
0 0.238281 0.359375 0.059375 0.079167
0 0.575391 0.359896 0.064844 0.088542
0 0.722266 0.365625 0.069531 0.091667
0 0.295703 0.372917 0.064844 0.087500
0 0.522656 0.369792 0.064062 0.089583
0 0.133594 0.387500 0.065625 0.081250
0 0.464062 0.387500 0.057813 0.072917
0 0.809766 0.393750 0.061719 0.085417
0 0.359375 0.402083 0.060937 0.085417
0 0.669141 0.406250 0.055469 0.075000
0 0.901563 0.427083 0.067187 0.087500
0 0.260156 0.435937 0.068750 0.080208
0 0.762891 0.435937 0.064844 0.092708
0 0.409375 0.441667 0.064062 0.079167
0 0.583203 0.441146 0.058594 0.080208
0 0.950391 0.447396 0.064844 0.086458
0 0.519531 0.452083 0.059375 0.083333
0 0.201563 0.455208 0.060937 0.079167
0 0.046875 0.456250 0.056250 0.072917
0 0.285547 0.470833 0.064844 0.079167
0 0.128125 0.472396 0.073438 0.090625
0 0.464844 0.472917 0.062500 0.083333
0 0.844141 0.474479 0.061719 0.076042
0 0.646484 0.476562 0.064844 0.086458
0 0.703125 0.506250 0.062500 0.085417
0 0.910156 0.513542 0.062500 0.079167
0 0.753906 0.517708 0.062500 0.089583
0 0.421875 0.528646 0.071875 0.094792
0 0.508203 0.529687 0.066406 0.084375
0 0.806250 0.541667 0.059375 0.097917
0 0.314453 0.530729 0.055469 0.078125
0 0.575781 0.533333 0.068750 0.087500
0 0.213672 0.533333 0.061719 0.085417
0 0.975000 0.548958 0.057813 0.087500
0 0.166016 0.551042 0.063281 0.087500
0 0.091016 0.564063 0.069531 0.092708
0 0.861328 0.562500 0.066406 0.091667
0 0.651172 0.566146 0.063281 0.088542
0 0.267188 0.568229 0.057813 0.086458
0 0.033984 0.594271 0.067969 0.084375
0 0.706641 0.599479 0.064844 0.078125
0 0.324219 0.608854 0.064062 0.080208
0 0.571094 0.615104 0.062500 0.080208
0 0.969141 0.618750 0.069531 0.083333
0 0.387109 0.622917 0.060156 0.079167
0 0.192188 0.622396 0.064062 0.084375
0 0.514062 0.640625 0.060937 0.083333
0 0.250781 0.644792 0.064062 0.083333
0 0.132422 0.655729 0.060156 0.082292
0 0.036328 0.673438 0.072656 0.076042
0 0.451953 0.678646 0.060156 0.082292
0 0.703125 0.678646 0.085938 0.086458
0 0.852344 0.694271 0.064062 0.084375
0 0.331641 0.700521 0.058594 0.084375
0 0.791797 0.694271 0.061719 0.090625
0 0.923047 0.709375 0.066406 0.089583
0 0.276562 0.714063 0.056250 0.082292
0 0.533203 0.715104 0.063281 0.084375
0 0.623047 0.720313 0.067969 0.092708
0 0.167187 0.721354 0.059375 0.078125
0 0.401172 0.726042 0.066406 0.089583
0 0.742188 0.736458 0.067187 0.091667
0 0.057422 0.742188 0.061719 0.082292
0 0.226172 0.747396 0.061719 0.090625
0 0.114453 0.758333 0.064844 0.091667
0 0.875391 0.771875 0.066406 0.089583
0 0.346875 0.779687 0.068750 0.088542
0 0.954297 0.779687 0.066406 0.088542
0 0.591406 0.789583 0.054688 0.075000
0 0.537891 0.798438 0.064844 0.084375
0 0.172656 0.803125 0.068750 0.089583
0 0.661328 0.807292 0.064844 0.091667
0 0.765625 0.809375 0.068750 0.085417
0 0.055859 0.823958 0.060156 0.085417
0 0.410156 0.823438 0.064062 0.082292
0 0.827734 0.828646 0.066406 0.092708
0 0.248828 0.842187 0.063281 0.084375
0 0.957812 0.847917 0.062500 0.079167
0 0.894531 0.855208 0.065625 0.087500
0 0.315625 0.849479 0.065625 0.084375
0 0.109766 0.851042 0.064844 0.083333
0 0.472266 0.857292 0.057031 0.083333
0 0.715234 0.857292 0.063281 0.087500
0 0.558203 0.874479 0.069531 0.080208
0 0.169922 0.890625 0.071094 0.085417
0 0.362109 0.901563 0.064844 0.082292
0 0.429688 0.904687 0.070312 0.086458
0 0.276172 0.918750 0.064844 0.089583
0 0.900000 0.933333 0.048438 0.068750
0 0.500000 0.923958 0.062500 0.081250
0 0.088672 0.925000 0.077344 0.087500
0 0.969141 0.926562 0.069531 0.080208
0 0.679297 0.931771 0.064844 0.084375
0 0.219141 0.933333 0.057031 0.075000
0 0.731641 0.935417 0.064844 0.081250
0 0.589844 0.945312 0.065625 0.084375
0 0.804297 0.950521 0.063281 0.084375
4 0.460547 0.594271 0.091406 0.098958
