0 0.186328 0.549479 0.060156 0.078125
0 0.130469 0.549479 0.062500 0.063542
0 0.032813 0.373437 0.062500 0.071875
0 0.056641 0.436458 0.085156 0.072917
0 0.062891 0.073438 0.064844 0.073958
0 0.632812 0.261458 0.051562 0.085417
0 0.261719 0.904687 0.068750 0.065625
0 0.081641 0.950000 0.060156 0.077083
0 0.636719 0.629687 0.065625 0.113542
0 0.461328 0.545312 0.061719 0.067708
0 0.430469 0.497917 0.065625 0.083333
0 0.362891 0.526563 0.066406 0.080208
0 0.398047 0.578125 0.057031 0.077083
0 0.458594 0.610417 0.079687 0.060417
0 0.570703 0.635938 0.057031 0.073958
0 0.611719 0.683854 0.051562 0.073958
0 0.234766 0.032292 0.061719 0.064583
0 0.473438 0.046875 0.067187 0.093750
0 0.958984 0.042708 0.066406 0.085417
0 0.525391 0.046354 0.072656 0.092708
0 0.714063 0.060937 0.065625 0.088542
0 0.635156 0.062500 0.065625 0.085417
0 0.182812 0.065104 0.093750 0.130208
0 0.962891 0.107813 0.063281 0.078125
0 0.512891 0.108333 0.074219 0.081250
0 0.325000 0.122917 0.053125 0.075000
0 0.642188 0.129167 0.059375 0.079167
0 0.197656 0.135937 0.073438 0.078125
0 0.133594 0.143750 0.059375 0.079167
0 0.593359 0.141146 0.061719 0.094792
0 0.532031 0.163542 0.068750 0.095833
0 0.844531 0.175000 0.059375 0.064583
0 0.372266 0.172917 0.075781 0.091667
0 0.702344 0.180729 0.064062 0.088542
0 0.781250 0.179688 0.064062 0.088542
0 0.219141 0.195312 0.085156 0.096875
0 0.161719 0.201563 0.070312 0.078125
0 0.318359 0.207292 0.066406 0.093750
0 0.431641 0.213542 0.075781 0.097917
0 0.092188 0.246354 0.071875 0.088542
0 0.367578 0.244792 0.078906 0.085417
0 0.476172 0.249479 0.082031 0.101042
0 0.866797 0.257812 0.066406 0.078125
0 0.576562 0.261979 0.073438 0.084375
0 0.167187 0.268229 0.071875 0.092708
0 0.273047 0.275521 0.066406 0.094792
0 0.720703 0.296354 0.060156 0.090625
0 0.894141 0.304688 0.064844 0.090625
0 0.470313 0.324479 0.076563 0.080208
0 0.255859 0.321354 0.069531 0.082292
0 0.095703 0.357292 0.063281 0.097917
0 0.803516 0.355208 0.071094 0.087500
0 0.700391 0.370312 0.061719 0.098958
0 0.331250 0.380729 0.076563 0.105208
0 0.648438 0.379688 0.067187 0.088542
0 0.751953 0.382292 0.064844 0.085417
0 0.817578 0.395313 0.074219 0.107292
0 0.423047 0.411979 0.077344 0.101042
0 0.582422 0.428646 0.066406 0.080208
0 0.311719 0.466146 0.076563 0.109375
0 0.245703 0.471875 0.078906 0.114583
0 0.701562 0.488542 0.060937 0.093750
0 0.560937 0.498437 0.070312 0.090625
0 0.038281 0.521354 0.076563 0.111458
0 0.736328 0.586979 0.058594 0.090625
0 0.821484 0.604688 0.097656 0.092708
0 0.032031 0.605208 0.064062 0.087500
0 0.782422 0.617188 0.057031 0.082292
0 0.107422 0.625521 0.078906 0.098958
0 0.891016 0.642188 0.074219 0.082292
0 0.402344 0.653646 0.093750 0.111458
0 0.311719 0.656771 0.064062 0.078125
0 0.485938 0.673958 0.062500 0.087500
0 0.758203 0.685417 0.064844 0.089583
0 0.315234 0.698438 0.049219 0.069792
0 0.128125 0.699479 0.079687 0.080208
0 0.225391 0.699479 0.064844 0.090625
0 0.372656 0.715104 0.093750 0.123958
0 0.533984 0.725521 0.053906 0.078125
0 0.295703 0.729167 0.071094 0.087500
0 0.188672 0.758333 0.066406 0.085417
0 0.775391 0.757812 0.067969 0.088542
0 0.685937 0.766667 0.070312 0.089583
0 0.077734 0.774479 0.061719 0.092708
0 0.343750 0.784375 0.062500 0.085417
0 0.817187 0.771875 0.075000 0.089583
0 0.270313 0.790104 0.070312 0.076042
0 0.126172 0.792188 0.064844 0.094792
0 0.638281 0.797396 0.065625 0.090625
0 0.035937 0.810937 0.064062 0.084375
0 0.825391 0.855729 0.089844 0.063542
0 0.383984 0.835938 0.069531 0.090625
0 0.514844 0.836979 0.060937 0.084375
0 0.677734 0.845313 0.061719 0.086458
0 0.435156 0.858333 0.067187 0.083333
0 0.216797 0.866146 0.060156 0.086458
0 0.847266 0.886458 0.078906 0.079167
0 0.535547 0.913542 0.058594 0.083333
0 0.465234 0.917708 0.061719 0.079167
0 0.853906 0.947917 0.060937 0.077083
0 0.741797 0.961979 0.060156 0.086458
3 0.608594 0.507812 0.070312 0.103125
2 0.055078 0.438542 0.074219 0.093750
