0 0.200391 0.718229 0.071094 0.082292
0 0.160156 0.755208 0.064062 0.079167
0 0.719531 0.770833 0.051562 0.066667
0 0.695703 0.865625 0.044531 0.068750
0 0.623828 0.847396 0.069531 0.076042
0 0.361328 0.944792 0.069531 0.081250
0 0.239063 0.923958 0.057813 0.097917
0 0.285156 0.943229 0.042188 0.063542
0 0.280469 0.881250 0.043750 0.075000
0 0.279687 0.819792 0.050000 0.066667
0 0.194531 0.822396 0.060937 0.076042
0 0.184766 0.895312 0.052344 0.076042
0 0.147266 0.840625 0.053906 0.093750
0 0.221484 0.786979 0.050781 0.078125
0 0.270703 0.760417 0.047656 0.068750
0 0.032813 0.782292 0.053125 0.066667
0 0.276953 0.611979 0.050781 0.076042
0 0.541016 0.032813 0.050781 0.053125
0 0.365234 0.300000 0.057031 0.079167
0 0.412891 0.340625 0.061719 0.081250
0 0.531250 0.331771 0.060937 0.071875
0 0.466406 0.352604 0.062500 0.071875
0 0.381641 0.250000 0.055469 0.066667
0 0.872266 0.928125 0.052344 0.077083
0 0.948438 0.515104 0.048438 0.078125
0 0.888281 0.055729 0.054688 0.078125
0 0.742578 0.038021 0.066406 0.071875
0 0.667578 0.031250 0.063281 0.062500
0 0.950781 0.070833 0.059375 0.075000
0 0.359766 0.438542 0.071094 0.079167
0 0.419141 0.036979 0.061719 0.073958
0 0.129688 0.055208 0.064062 0.093750
0 0.313281 0.063542 0.065625 0.085417
0 0.618750 0.067187 0.056250 0.080208
0 0.430859 0.087500 0.066406 0.081250
0 0.378125 0.093750 0.062500 0.083333
0 0.177734 0.108854 0.063281 0.084375
0 0.277734 0.118229 0.058594 0.082292
0 0.737109 0.120833 0.064844 0.079167
0 0.116016 0.127083 0.061719 0.083333
0 0.641016 0.136458 0.060156 0.083333
0 0.334375 0.140104 0.064062 0.084375
0 0.519531 0.155208 0.051562 0.085417
0 0.837109 0.166146 0.064844 0.086458
0 0.071094 0.172396 0.067187 0.086458
0 0.950781 0.184375 0.062500 0.087500
0 0.717969 0.193229 0.051562 0.082292
0 0.288672 0.194792 0.061719 0.083333
0 0.789453 0.201042 0.066406 0.075000
0 0.114844 0.220833 0.065625 0.091667
0 0.589063 0.220833 0.057813 0.085417
0 0.201953 0.225521 0.060156 0.086458
0 0.539844 0.229687 0.064062 0.082292
0 0.673047 0.232292 0.064844 0.081250
0 0.978516 0.251563 0.050781 0.080208
0 0.939844 0.253646 0.050000 0.084375
0 0.078906 0.263542 0.067187 0.091667
0 0.730469 0.261979 0.062500 0.086458
0 0.627734 0.273958 0.057031 0.083333
0 0.272266 0.283854 0.052344 0.078125
0 0.889062 0.269792 0.076563 0.110417
0 0.315234 0.286458 0.057031 0.081250
0 0.129688 0.303125 0.062500 0.089583
0 0.797266 0.322396 0.058594 0.080208
0 0.582422 0.325000 0.058594 0.075000
0 0.731641 0.332292 0.096094 0.087500
0 0.848437 0.338542 0.068750 0.077083
0 0.946875 0.338542 0.064062 0.070833
0 0.320312 0.351042 0.064062 0.081250
0 0.621875 0.376042 0.057813 0.083333
0 0.299609 0.394271 0.072656 0.090625
0 0.243359 0.396354 0.064844 0.084375
0 0.476562 0.408854 0.075000 0.084375
0 0.543750 0.414583 0.087500 0.118750
0 0.070312 0.427604 0.060937 0.084375
0 0.896484 0.424479 0.060156 0.071875
0 0.644531 0.440625 0.057813 0.083333
0 0.226953 0.461458 0.063281 0.085417
0 0.421875 0.463542 0.068750 0.083333
0 0.912500 0.468229 0.062500 0.080208
0 0.582812 0.484896 0.067187 0.084375
0 0.087500 0.493750 0.068750 0.087500
0 0.678906 0.496354 0.062500 0.092708
0 0.187891 0.519792 0.064844 0.089583
0 0.870313 0.524479 0.060937 0.088542
0 0.400391 0.527083 0.064844 0.087500
0 0.551953 0.548958 0.063281 0.087500
0 0.149219 0.548958 0.065625 0.085417
0 0.821094 0.549479 0.062500 0.080208
0 0.329297 0.546875 0.063281 0.072917
0 0.747266 0.578125 0.067969 0.087500
0 0.683203 0.588542 0.064844 0.087500
0 0.376563 0.596875 0.068750 0.093750
0 0.323437 0.604167 0.060937 0.075000
0 0.432812 0.602083 0.067187 0.081250
0 0.907422 0.602083 0.057031 0.079167
0 0.485938 0.617188 0.064062 0.092708
0 0.821875 0.618750 0.062500 0.089583
0 0.111719 0.618229 0.070312 0.094792
0 0.773047 0.623958 0.060156 0.072917
0 0.962891 0.633333 0.082031 0.089583
0 0.165234 0.647396 0.061719 0.084375
0 0.065234 0.646354 0.075781 0.084375
0 0.579297 0.647396 0.061719 0.082292
0 0.527734 0.672917 0.066406 0.085417
0 0.407422 0.678125 0.067969 0.085417
0 0.767188 0.690104 0.084375 0.090625
0 0.467187 0.686979 0.068750 0.080208
0 0.085156 0.695312 0.065625 0.086458
0 0.706250 0.705729 0.060937 0.096875
0 0.917578 0.702083 0.057031 0.081250
0 0.259375 0.705729 0.054688 0.071875
0 0.326953 0.729688 0.064844 0.090625
0 0.551562 0.745833 0.068750 0.093750
0 0.085547 0.764583 0.063281 0.083333
0 0.393359 0.759896 0.060156 0.086458
0 0.972266 0.800000 0.063281 0.079167
0 0.439063 0.801562 0.065625 0.088542
0 0.806250 0.819271 0.065625 0.088542
0 0.349219 0.833333 0.064062 0.079167
0 0.881641 0.836458 0.060156 0.072917
0 0.079687 0.848437 0.067187 0.115625
0 0.525391 0.842708 0.069531 0.085417
0 0.770312 0.859375 0.068750 0.106250
0 0.458594 0.869271 0.065625 0.084375
0 0.537500 0.896354 0.062500 0.076042
0 0.407031 0.895833 0.064062 0.081250
0 0.790234 0.914062 0.060156 0.076042
0 0.591406 0.919792 0.051562 0.085417
0 0.642969 0.941146 0.060937 0.128125
0 0.754687 0.953125 0.056250 0.087500
0 0.718750 0.967708 0.059375 0.075000
0 0.152734 0.972396 0.057031 0.065625
2 0.169531 0.372396 0.059375 0.084375
4 0.664062 0.776563 0.051562 0.078125
4 0.750391 0.406250 0.075781 0.093750
