0 0.766016 0.325521 0.049219 0.088542
0 0.681250 0.386458 0.056250 0.079167
0 0.633594 0.390104 0.056250 0.071875
0 0.609766 0.343750 0.063281 0.083333
0 0.740625 0.059375 0.062500 0.077083
0 0.502344 0.156771 0.059375 0.063542
0 0.483203 0.103125 0.064844 0.066667
0 0.708594 0.868229 0.056250 0.090625
0 0.758594 0.901563 0.057813 0.065625
0 0.604297 0.080208 0.066406 0.075000
0 0.965234 0.872917 0.063281 0.085417
0 0.098828 0.038021 0.061719 0.076042
0 0.896484 0.043750 0.061719 0.087500
0 0.333203 0.051042 0.088281 0.102083
0 0.175781 0.080208 0.098437 0.110417
0 0.322656 0.124479 0.082812 0.121875
0 0.427344 0.121875 0.068750 0.083333
0 0.835547 0.135417 0.052344 0.085417
0 0.069922 0.135937 0.060156 0.080208
0 0.801172 0.144271 0.053906 0.090625
0 0.167187 0.160938 0.068750 0.086458
0 0.677734 0.160938 0.055469 0.071875
0 0.883594 0.180729 0.056250 0.073958
0 0.412500 0.186458 0.064062 0.087500
0 0.300391 0.205208 0.052344 0.079167
0 0.455859 0.218229 0.064844 0.086458
0 0.773438 0.232813 0.059375 0.080208
0 0.146875 0.252083 0.070312 0.127083
0 0.093359 0.252083 0.060156 0.083333
0 0.342187 0.264583 0.053125 0.079167
0 0.299609 0.268229 0.057031 0.080208
0 0.385547 0.267708 0.058594 0.085417
0 0.944922 0.271875 0.071094 0.093750
0 0.245312 0.267188 0.081250 0.109375
0 0.822656 0.280208 0.064062 0.087500
0 0.042578 0.270833 0.085156 0.087500
0 0.256641 0.328125 0.061719 0.083333
0 0.962891 0.336458 0.058594 0.072917
0 0.302734 0.340104 0.055469 0.082292
0 0.369141 0.372917 0.071094 0.104167
0 0.050391 0.371875 0.071094 0.068750
0 0.415234 0.393750 0.060156 0.085417
0 0.907031 0.393750 0.070312 0.079167
0 0.132422 0.404167 0.080469 0.100000
0 0.507422 0.406771 0.060156 0.080208
0 0.064844 0.436458 0.087500 0.093750
0 0.344141 0.453646 0.071094 0.103125
0 0.710547 0.461458 0.063281 0.112500
0 0.873437 0.460938 0.056250 0.076042
0 0.467969 0.464583 0.067187 0.075000
0 0.541797 0.474479 0.071094 0.109375
0 0.798438 0.473438 0.068750 0.080208
0 0.040234 0.501042 0.080469 0.093750
0 0.941406 0.502604 0.064062 0.084375
0 0.494141 0.505208 0.063281 0.093750
0 0.374609 0.506250 0.061719 0.077083
0 0.116797 0.506771 0.077344 0.084375
0 0.241016 0.546875 0.086719 0.089583
0 0.880859 0.554167 0.061719 0.089583
0 0.381641 0.558333 0.061719 0.068750
0 0.575781 0.559375 0.050000 0.091667
0 0.612891 0.561979 0.049219 0.092708
0 0.307812 0.571875 0.075000 0.079167
0 0.737109 0.572396 0.061719 0.078125
0 0.194531 0.575000 0.079687 0.131250
0 0.655859 0.575000 0.061719 0.087500
0 0.798438 0.583854 0.059375 0.088542
0 0.508984 0.600000 0.077344 0.087500
0 0.830078 0.606250 0.064844 0.089583
0 0.272656 0.633854 0.070312 0.092708
0 0.884375 0.636458 0.056250 0.106250
0 0.544922 0.644271 0.067969 0.084375
0 0.839453 0.636458 0.058594 0.083333
0 0.662109 0.646875 0.071094 0.087500
0 0.328906 0.644792 0.070312 0.102083
0 0.897266 0.666667 0.053906 0.097917
0 0.935156 0.676562 0.054688 0.092708
0 0.589453 0.697917 0.066406 0.093750
0 0.155078 0.707812 0.072656 0.094792
0 0.767188 0.696875 0.071875 0.118750
0 0.326953 0.724479 0.067969 0.090625
0 0.821875 0.741667 0.093750 0.087500
0 0.461328 0.737500 0.071094 0.102083
0 0.126953 0.740625 0.060156 0.085417
0 0.882812 0.760938 0.078125 0.101042
0 0.617578 0.767708 0.071094 0.097917
0 0.498047 0.775521 0.058594 0.080208
0 0.170313 0.795312 0.062500 0.084375
0 0.567969 0.794792 0.070312 0.091667
0 0.668359 0.809375 0.069531 0.120833
0 0.431641 0.820312 0.071094 0.080208
0 0.870313 0.835417 0.057813 0.087500
0 0.311719 0.843750 0.062500 0.100000
0 0.353125 0.867708 0.075000 0.100000
0 0.601953 0.871354 0.067969 0.092708
0 0.416406 0.894792 0.089063 0.100000
0 0.512500 0.879167 0.062500 0.075000
0 0.240625 0.883333 0.059375 0.089583
0 0.184766 0.889583 0.060156 0.102083
0 0.457422 0.885938 0.064844 0.082292
0 0.132031 0.890625 0.081250 0.102083
0 0.285938 0.903646 0.068750 0.101042
0 0.585938 0.937500 0.057813 0.077083
0 0.135937 0.965625 0.089063 0.079167
