0 0.712109 0.894271 0.058594 0.092708
0 0.871484 0.824479 0.053906 0.076042
0 0.195312 0.924479 0.062500 0.092708
0 0.662891 0.062500 0.047656 0.093750
0 0.500000 0.044792 0.057813 0.075000
0 0.453906 0.410938 0.065625 0.071875
0 0.814844 0.779687 0.054688 0.101042
0 0.950391 0.695312 0.055469 0.078125
0 0.592187 0.743750 0.064062 0.070833
0 0.870313 0.253646 0.057813 0.096875
0 0.139063 0.042188 0.062500 0.084375
0 0.386719 0.047917 0.071875 0.085417
0 0.076172 0.055729 0.060156 0.084375
0 0.189453 0.061979 0.064844 0.082292
0 0.920703 0.084896 0.066406 0.094792
0 0.973047 0.097396 0.061719 0.082292
0 0.484375 0.109375 0.067187 0.085417
0 0.430859 0.111979 0.063281 0.082292
0 0.130078 0.115625 0.057031 0.079167
0 0.212891 0.119792 0.060156 0.083333
0 0.716016 0.132292 0.061719 0.081250
0 0.845703 0.157812 0.060156 0.080208
0 0.952344 0.165104 0.071875 0.101042
0 0.161719 0.186458 0.075000 0.100000
0 0.062109 0.185417 0.064844 0.095833
0 0.708203 0.209896 0.064844 0.084375
0 0.117188 0.220833 0.070312 0.085417
0 0.202344 0.237500 0.062500 0.085417
0 0.086328 0.265104 0.060156 0.084375
0 0.642969 0.264583 0.059375 0.079167
0 0.032031 0.265625 0.064062 0.081250
0 0.585938 0.281771 0.067187 0.094792
0 0.154297 0.297917 0.074219 0.087500
0 0.791797 0.298438 0.072656 0.098958
0 0.393750 0.319271 0.068750 0.084375
0 0.715625 0.320312 0.060937 0.090625
0 0.523047 0.335417 0.071094 0.100000
0 0.634375 0.320312 0.078125 0.123958
0 0.467187 0.355208 0.075000 0.095833
0 0.952344 0.350000 0.056250 0.079167
0 0.812500 0.356771 0.067187 0.092708
0 0.301563 0.380729 0.071875 0.092708
0 0.118750 0.384896 0.064062 0.082292
0 0.551562 0.395313 0.076563 0.101042
0 0.379688 0.394792 0.068750 0.089583
0 0.244141 0.420833 0.066406 0.081250
0 0.687500 0.429688 0.060937 0.098958
0 0.823438 0.453125 0.067187 0.100000
0 0.881641 0.463021 0.075781 0.090625
0 0.735156 0.456250 0.060937 0.087500
0 0.275000 0.470313 0.068750 0.088542
0 0.642188 0.474479 0.065625 0.082292
0 0.346484 0.473438 0.064844 0.092708
0 0.561719 0.483333 0.056250 0.079167
0 0.453125 0.490104 0.064062 0.080208
0 0.782813 0.492188 0.071875 0.082292
0 0.203906 0.506771 0.059375 0.076042
0 0.075391 0.514062 0.072656 0.063542
0 0.508984 0.518750 0.067969 0.093750
0 0.936719 0.517708 0.065625 0.089583
0 0.881250 0.531250 0.068750 0.077083
0 0.801172 0.561458 0.072656 0.087500
0 0.605078 0.567187 0.061719 0.090625
0 0.662109 0.572396 0.066406 0.086458
0 0.057031 0.585417 0.071875 0.075000
0 0.281250 0.596354 0.067187 0.086458
0 0.936719 0.605208 0.065625 0.091667
0 0.876172 0.610417 0.066406 0.091667
0 0.501563 0.611458 0.071875 0.095833
0 0.564063 0.627604 0.065625 0.090625
0 0.062500 0.634896 0.064062 0.065625
0 0.807422 0.646875 0.064844 0.100000
0 0.755859 0.656771 0.063281 0.084375
0 0.463672 0.660937 0.064844 0.101042
0 0.637500 0.659375 0.062500 0.087500
0 0.331250 0.672917 0.067187 0.089583
0 0.036328 0.668229 0.072656 0.109375
0 0.850000 0.686979 0.065625 0.088542
0 0.515234 0.689063 0.061719 0.084375
0 0.276172 0.709896 0.063281 0.086458
0 0.769141 0.734896 0.063281 0.082292
0 0.676562 0.739583 0.065625 0.106250
0 0.137109 0.748437 0.063281 0.086458
0 0.882031 0.752083 0.062500 0.070833
0 0.250781 0.782292 0.060937 0.083333
0 0.578125 0.789583 0.071875 0.081250
0 0.719141 0.790625 0.067969 0.089583
0 0.357812 0.795312 0.065625 0.082292
0 0.643750 0.805208 0.064062 0.087500
0 0.771094 0.824479 0.070312 0.088542
0 0.073047 0.846354 0.072656 0.090625
0 0.500781 0.853125 0.065625 0.089583
0 0.567969 0.859375 0.078125 0.085417
0 0.842187 0.873958 0.078125 0.085417
0 0.328906 0.896354 0.068750 0.094792
0 0.587891 0.909375 0.067969 0.089583
0 0.827344 0.915104 0.075000 0.073958
0 0.768359 0.907813 0.067969 0.096875
0 0.527734 0.926562 0.066406 0.080208
0 0.277344 0.932292 0.075000 0.091667
0 0.898828 0.941146 0.063281 0.080208
0 0.121094 0.938021 0.065625 0.084375
0 0.357422 0.949479 0.097656 0.111458
0 0.436328 0.962500 0.069531 0.085417
0 0.807031 0.956771 0.068750 0.096875
0 0.046094 0.966146 0.075000 0.078125
3 0.408203 0.585417 0.071094 0.097917
1 0.466406 0.567708 0.057813 0.087500
