0 0.770312 0.783333 0.060937 0.081250
0 0.916406 0.885938 0.054688 0.090625
0 0.842578 0.294271 0.069531 0.098958
0 0.567969 0.112500 0.064062 0.102083
0 0.239844 0.059375 0.060937 0.070833
0 0.819922 0.038021 0.061719 0.076042
0 0.762500 0.042188 0.059375 0.084375
0 0.486328 0.044271 0.099219 0.088542
0 0.669922 0.043750 0.072656 0.087500
0 0.350391 0.043229 0.066406 0.086458
0 0.410547 0.039062 0.057031 0.078125
0 0.598047 0.046354 0.058594 0.080208
0 0.064453 0.057813 0.063281 0.080208
0 0.885938 0.060417 0.062500 0.085417
0 0.516797 0.073438 0.061719 0.082292
0 0.330859 0.101042 0.067969 0.097917
0 0.826953 0.103646 0.067969 0.084375
0 0.725391 0.104688 0.071094 0.090625
0 0.653516 0.110937 0.058594 0.082292
0 0.413281 0.108333 0.060937 0.083333
0 0.175391 0.120833 0.063281 0.081250
0 0.043359 0.112500 0.086719 0.125000
0 0.260156 0.135937 0.067187 0.086458
0 0.903516 0.135417 0.058594 0.081250
0 0.608984 0.153125 0.063281 0.077083
0 0.955078 0.160938 0.060156 0.084375
0 0.398047 0.165104 0.064844 0.078125
0 0.102344 0.178125 0.065625 0.085417
0 0.215234 0.181250 0.066406 0.087500
0 0.310547 0.185938 0.066406 0.088542
0 0.843750 0.182292 0.060937 0.085417
0 0.673438 0.196875 0.060937 0.079167
0 0.805469 0.201042 0.059375 0.085417
0 0.459375 0.209375 0.059375 0.081250
0 0.610547 0.224479 0.074219 0.076042
0 0.542188 0.231771 0.068750 0.090625
0 0.935547 0.235417 0.060156 0.081250
0 0.142187 0.241146 0.064062 0.092708
0 0.764062 0.241667 0.065625 0.091667
0 0.353516 0.244792 0.061719 0.087500
0 0.204297 0.254167 0.066406 0.095833
0 0.701562 0.256771 0.067187 0.090625
0 0.095312 0.268229 0.064062 0.084375
0 0.421484 0.273958 0.063281 0.087500
0 0.892578 0.281771 0.061719 0.082292
0 0.595313 0.287500 0.062500 0.077083
0 0.493750 0.289062 0.071875 0.096875
0 0.303516 0.294271 0.069531 0.088542
0 0.044141 0.296875 0.088281 0.116667
0 0.743750 0.317188 0.068750 0.084375
0 0.156641 0.323437 0.071094 0.082292
0 0.374219 0.329688 0.070312 0.086458
0 0.675391 0.329688 0.067969 0.086458
0 0.258984 0.335938 0.064844 0.088542
0 0.594922 0.346354 0.060156 0.073958
0 0.801172 0.350521 0.064844 0.092708
0 0.918750 0.352604 0.062500 0.082292
0 0.095312 0.363542 0.062500 0.093750
0 0.444141 0.376042 0.066406 0.091667
0 0.558594 0.382292 0.070312 0.077083
0 0.030859 0.404167 0.061719 0.114583
0 0.736719 0.391667 0.073438 0.083333
0 0.972656 0.390104 0.062500 0.080208
0 0.135937 0.396875 0.070312 0.093750
0 0.664844 0.403646 0.067187 0.080208
0 0.287109 0.406771 0.067969 0.086458
0 0.388281 0.407813 0.067187 0.086458
0 0.830078 0.417708 0.067969 0.089583
0 0.901563 0.426563 0.073438 0.080208
0 0.203125 0.431771 0.065625 0.090625
0 0.350391 0.448958 0.067969 0.085417
0 0.638281 0.456250 0.070312 0.083333
0 0.745313 0.470313 0.068750 0.088542
0 0.966016 0.471354 0.064844 0.090625
0 0.049609 0.480729 0.064844 0.090625
0 0.265625 0.485417 0.068750 0.087500
0 0.842969 0.497917 0.062500 0.087500
0 0.900000 0.506250 0.060937 0.087500
0 0.179688 0.510417 0.062500 0.083333
0 0.338672 0.518229 0.066406 0.080208
0 0.623828 0.528646 0.064844 0.086458
0 0.724219 0.530729 0.067187 0.088542
0 0.518359 0.530729 0.060156 0.078125
0 0.087500 0.540104 0.062500 0.084375
0 0.533594 0.548958 0.060937 0.068750
0 0.685156 0.547917 0.067187 0.077083
0 0.441016 0.545312 0.069531 0.084375
0 0.285156 0.546354 0.067187 0.092708
0 0.789062 0.552083 0.071875 0.083333
0 0.054688 0.568229 0.060937 0.080208
0 0.232031 0.569271 0.064062 0.080208
0 0.948047 0.584896 0.064844 0.084375
0 0.482422 0.583333 0.061719 0.085417
0 0.338281 0.593229 0.062500 0.082292
0 0.861328 0.591667 0.066406 0.087500
0 0.748047 0.611458 0.060156 0.081250
0 0.102344 0.612500 0.062500 0.079167
0 0.414062 0.620313 0.071875 0.092708
0 0.186719 0.621354 0.062500 0.082292
0 0.919922 0.627083 0.063281 0.079167
0 0.033203 0.634375 0.066406 0.093750
0 0.618750 0.636979 0.057813 0.096875
0 0.817969 0.644271 0.064062 0.084375
0 0.564453 0.649479 0.061719 0.088542
0 0.236328 0.659896 0.067969 0.088542
0 0.141797 0.674479 0.078906 0.092708
0 0.355078 0.678125 0.058594 0.083333
0 0.298828 0.684375 0.063281 0.081250
0 0.666016 0.696875 0.074219 0.083333
0 0.056641 0.696875 0.063281 0.091667
0 0.786719 0.711458 0.060937 0.083333
0 0.898828 0.712500 0.071094 0.087500
0 0.728125 0.729688 0.060937 0.092708
0 0.957812 0.740625 0.057813 0.077083
0 0.542969 0.741146 0.070312 0.096875
0 0.162500 0.749479 0.073438 0.094792
0 0.428906 0.757812 0.068750 0.086458
0 0.682422 0.772917 0.066406 0.089583
0 0.328125 0.773438 0.064062 0.090625
0 0.903516 0.795833 0.060156 0.079167
0 0.055078 0.799479 0.071094 0.094792
0 0.270703 0.807292 0.055469 0.087500
0 0.974219 0.814063 0.059375 0.086458
0 0.498047 0.825000 0.066406 0.091667
0 0.576562 0.826042 0.081250 0.097917
0 0.183203 0.826042 0.061719 0.079167
0 0.657031 0.834896 0.070312 0.086458
0 0.132422 0.845833 0.067969 0.089583
0 0.362500 0.850000 0.065625 0.089583
0 0.787891 0.858333 0.064844 0.089583
0 0.421875 0.864583 0.056250 0.072917
0 0.729688 0.869271 0.062500 0.080208
0 0.308594 0.882812 0.067187 0.092708
0 0.832422 0.898958 0.060156 0.083333
0 0.644531 0.911979 0.071875 0.090625
0 0.582031 0.911458 0.064062 0.085417
0 0.171484 0.914583 0.066406 0.097917
0 0.240234 0.915104 0.067969 0.080208
0 0.453516 0.928646 0.061719 0.088542
0 0.747266 0.946354 0.071094 0.092708
0 0.123047 0.950000 0.067969 0.083333
0 0.396875 0.952604 0.068750 0.092708
2 0.552344 0.468229 0.100000 0.107292
