0 0.377344 0.498437 0.043750 0.057292
0 0.183984 0.068750 0.049219 0.068750
0 0.884375 0.888542 0.057813 0.083333
0 0.076172 0.038542 0.055469 0.077083
0 0.938281 0.040625 0.060937 0.081250
0 0.667578 0.055729 0.060156 0.080208
0 0.856641 0.065104 0.058594 0.082292
0 0.516406 0.068229 0.057813 0.076042
0 0.247266 0.094271 0.060156 0.078125
0 0.724609 0.096875 0.058594 0.079167
0 0.918750 0.098437 0.053125 0.073958
0 0.570703 0.101562 0.057031 0.080208
0 0.144531 0.113021 0.060937 0.086458
0 0.425000 0.119792 0.059375 0.083333
0 0.028125 0.135417 0.056250 0.079167
0 0.328906 0.140104 0.051562 0.073958
0 0.617969 0.142187 0.057813 0.080208
0 0.514844 0.152083 0.062500 0.081250
0 0.796875 0.159896 0.056250 0.076042
0 0.142969 0.173437 0.064062 0.071875
0 0.716406 0.167187 0.056250 0.080208
0 0.066797 0.168750 0.060156 0.075000
0 0.255859 0.188021 0.055469 0.073958
0 0.860547 0.193750 0.060156 0.083333
0 0.357812 0.202604 0.059375 0.078125
0 0.414844 0.224479 0.056250 0.080208
0 0.168750 0.228125 0.056250 0.072917
0 0.050000 0.234375 0.068750 0.075000
0 0.700000 0.235417 0.064062 0.091667
0 0.591797 0.244271 0.061719 0.084375
0 0.775000 0.261979 0.056250 0.073958
0 0.895312 0.279687 0.056250 0.073958
0 0.539844 0.282292 0.053125 0.077083
0 0.651563 0.285417 0.060937 0.083333
0 0.171875 0.294792 0.059375 0.072917
0 0.444141 0.294271 0.064844 0.086458
0 0.257812 0.308854 0.054688 0.076042
0 0.051172 0.310417 0.060156 0.077083
0 0.121875 0.313542 0.053125 0.066667
0 0.817187 0.316146 0.059375 0.082292
0 0.930469 0.332813 0.062500 0.080208
0 0.606641 0.352604 0.052344 0.071875
0 0.751953 0.357292 0.061719 0.079167
0 0.446484 0.371875 0.058594 0.072917
0 0.107422 0.377604 0.052344 0.073958
0 0.056641 0.383854 0.055469 0.073958
0 0.848047 0.397396 0.052344 0.080208
0 0.912109 0.402604 0.053906 0.080208
0 0.248438 0.406771 0.057813 0.088542
0 0.770703 0.422917 0.057031 0.075000
0 0.404687 0.441667 0.057813 0.075000
0 0.707031 0.443750 0.059375 0.083333
0 0.028516 0.447917 0.053906 0.077083
0 0.475391 0.455208 0.055469 0.077083
0 0.587891 0.461979 0.055469 0.071875
0 0.886719 0.457292 0.054688 0.062500
0 0.285547 0.463021 0.057031 0.076042
0 0.789844 0.488542 0.057813 0.072917
0 0.158594 0.507292 0.051562 0.079167
0 0.922656 0.507812 0.059375 0.073958
0 0.050000 0.521354 0.059375 0.078125
0 0.600391 0.523958 0.053906 0.070833
0 0.223828 0.530208 0.053906 0.075000
0 0.330859 0.540104 0.057031 0.080208
0 0.276172 0.542708 0.055469 0.077083
0 0.683203 0.546875 0.057031 0.079167
0 0.409375 0.547917 0.056250 0.070833
0 0.749609 0.570312 0.057031 0.080208
0 0.623437 0.580208 0.059375 0.072917
0 0.061719 0.607292 0.062500 0.081250
0 0.155078 0.622396 0.060156 0.076042
0 0.606641 0.644271 0.058594 0.071875
0 0.227344 0.671354 0.060937 0.084375
0 0.886719 0.682292 0.054688 0.081250
0 0.074609 0.702604 0.055469 0.078125
0 0.591406 0.707812 0.057813 0.073958
0 0.376563 0.710417 0.056250 0.081250
0 0.682422 0.717187 0.052344 0.084375
0 0.882422 0.753125 0.057031 0.081250
0 0.564063 0.763021 0.057813 0.084375
0 0.031250 0.785937 0.062500 0.084375
0 0.263281 0.811979 0.060937 0.080208
0 0.678516 0.818229 0.057031 0.080208
0 0.785937 0.847917 0.057813 0.075000
0 0.980469 0.847917 0.046875 0.062500
0 0.197266 0.859375 0.064844 0.077083
0 0.125000 0.865625 0.060937 0.081250
0 0.478125 0.870313 0.060937 0.078125
0 0.526563 0.907813 0.059375 0.080208
0 0.583594 0.908333 0.054688 0.068750
0 0.641797 0.916667 0.053906 0.066667
0 0.053516 0.922396 0.063281 0.082292
0 0.419141 0.939063 0.047656 0.082292
0 0.466797 0.940104 0.063281 0.078125
0 0.257812 0.947396 0.059375 0.080208
0 0.338281 0.950000 0.060937 0.077083
0 0.788281 0.954688 0.059375 0.076042
0 0.073828 0.972917 0.094531 0.064583
1 0.548828 0.511979 0.057031 0.076042
