0 0.817187 0.440625 0.073438 0.081250
0 0.073828 0.717708 0.086719 0.062500
0 0.157812 0.909896 0.056250 0.073958
0 0.034375 0.921354 0.059375 0.080208
0 0.923828 0.428646 0.066406 0.086458
0 0.871484 0.402604 0.063281 0.090625
0 0.505469 0.718229 0.071875 0.063542
0 0.963672 0.291667 0.066406 0.077083
0 0.962891 0.219271 0.064844 0.078125
0 0.734375 0.195312 0.082812 0.098958
0 0.705078 0.147396 0.085156 0.096875
0 0.188672 0.779687 0.080469 0.090625
0 0.646875 0.670312 0.078125 0.082292
0 0.936719 0.057813 0.057813 0.065625
0 0.663672 0.088021 0.085156 0.092708
0 0.625391 0.159896 0.055469 0.069792
0 0.771875 0.241667 0.095312 0.120833
0 0.843359 0.229687 0.072656 0.080208
0 0.610938 0.245833 0.076563 0.133333
0 0.722266 0.313542 0.075781 0.087500
0 0.550000 0.320833 0.079687 0.089583
0 0.621094 0.333854 0.087500 0.084375
0 0.937891 0.356250 0.074219 0.085417
0 0.817578 0.358854 0.047656 0.080208
0 0.788281 0.507292 0.048438 0.083333
0 0.811328 0.534896 0.061719 0.073958
0 0.884766 0.583333 0.074219 0.087500
0 0.755469 0.604167 0.070312 0.102083
0 0.642969 0.605729 0.067187 0.080208
0 0.590625 0.615625 0.065625 0.095833
0 0.410547 0.650521 0.058594 0.103125
0 0.844141 0.658333 0.099219 0.110417
0 0.787891 0.669792 0.071094 0.110417
0 0.294531 0.700000 0.067187 0.100000
0 0.443359 0.694792 0.066406 0.108333
0 0.182031 0.701042 0.085938 0.083333
0 0.606641 0.722396 0.077344 0.086458
0 0.365625 0.744271 0.059375 0.078125
0 0.770312 0.732292 0.079687 0.112500
0 0.426172 0.773438 0.092969 0.076042
0 0.728906 0.770312 0.060937 0.101042
0 0.276953 0.847917 0.082031 0.085417
0 0.775000 0.839583 0.075000 0.091667
0 0.210156 0.870313 0.064062 0.098958
1 0.537500 0.672917 0.079687 0.072917
