0 0.137500 0.426042 0.068750 0.077083
0 0.319922 0.661979 0.069531 0.071875
0 0.486719 0.920833 0.073438 0.083333
0 0.446094 0.964583 0.059375 0.070833
0 0.907813 0.359375 0.064062 0.089583
0 0.921484 0.305208 0.089844 0.089583
0 0.033984 0.747396 0.067969 0.078125
0 0.957812 0.050000 0.062500 0.100000
0 0.087891 0.051562 0.067969 0.092708
0 0.910937 0.081771 0.065625 0.078125
0 0.279687 0.085417 0.060937 0.079167
0 0.791016 0.088542 0.061719 0.091667
0 0.583594 0.103125 0.064062 0.097917
0 0.452344 0.106771 0.065625 0.090625
0 0.853906 0.106771 0.064062 0.082292
0 0.341016 0.107813 0.071094 0.086458
0 0.645312 0.112500 0.064062 0.083333
0 0.185938 0.120313 0.059375 0.080208
0 0.096094 0.131250 0.064062 0.079167
0 0.531250 0.133854 0.068750 0.080208
0 0.716406 0.143229 0.062500 0.084375
0 0.894531 0.153646 0.076563 0.076042
0 0.823438 0.171354 0.056250 0.084375
0 0.257812 0.173958 0.064062 0.083333
0 0.496094 0.190625 0.070312 0.087500
0 0.175000 0.204687 0.065625 0.078125
0 0.396094 0.211458 0.060937 0.093750
0 0.339844 0.220312 0.065625 0.084375
0 0.903906 0.226562 0.071875 0.088542
0 0.031641 0.224479 0.063281 0.084375
0 0.116016 0.227083 0.066406 0.081250
0 0.621484 0.238021 0.058594 0.080208
0 0.223047 0.242708 0.069531 0.087500
0 0.866016 0.246875 0.064844 0.079167
0 0.735156 0.251563 0.064062 0.082292
0 0.675391 0.266146 0.066406 0.090625
0 0.795312 0.283333 0.064062 0.102083
0 0.571875 0.284375 0.065625 0.079167
0 0.308594 0.309375 0.067187 0.087500
0 0.150781 0.316667 0.064062 0.081250
0 0.753516 0.317708 0.064844 0.079167
0 0.515234 0.320833 0.075781 0.083333
0 0.850391 0.323437 0.057031 0.092708
0 0.093750 0.345833 0.065625 0.083333
0 0.265234 0.369792 0.064844 0.091667
0 0.411719 0.371354 0.067187 0.088542
0 0.654297 0.373958 0.069531 0.091667
0 0.971484 0.378646 0.064844 0.082292
0 0.200000 0.395833 0.062500 0.075000
0 0.351562 0.401562 0.062500 0.080208
0 0.587891 0.408333 0.071094 0.091667
0 0.524219 0.410417 0.064062 0.083333
0 0.708203 0.428646 0.067969 0.090625
0 0.769922 0.435937 0.063281 0.086458
0 0.073047 0.447396 0.061719 0.080208
0 0.302344 0.452604 0.059375 0.080208
0 0.466406 0.471354 0.070312 0.096875
0 0.182422 0.473438 0.060156 0.098958
0 0.542188 0.478646 0.071875 0.088542
0 0.682031 0.496354 0.067187 0.086458
0 0.237109 0.505729 0.064844 0.090625
0 0.753125 0.502604 0.065625 0.076042
0 0.888672 0.509375 0.063281 0.097917
0 0.619531 0.511458 0.071875 0.079167
0 0.146094 0.512500 0.064062 0.100000
0 0.321484 0.528125 0.060156 0.081250
0 0.271484 0.556771 0.066406 0.088542
0 0.080469 0.565625 0.070312 0.087500
0 0.945312 0.569792 0.068750 0.087500
0 0.659375 0.575000 0.076563 0.089583
0 0.452344 0.581250 0.064062 0.095833
0 0.321875 0.596875 0.070312 0.075000
0 0.149609 0.605729 0.067969 0.090625
0 0.378516 0.606771 0.053906 0.107292
0 0.501563 0.611979 0.065625 0.086458
0 0.884766 0.613021 0.066406 0.090625
0 0.564844 0.626042 0.068750 0.075000
0 0.760156 0.633333 0.064062 0.087500
0 0.214062 0.640104 0.067187 0.086458
0 0.424609 0.664583 0.058594 0.079167
0 0.126172 0.673958 0.064844 0.089583
0 0.407422 0.709375 0.061719 0.093750
0 0.563281 0.699479 0.065625 0.082292
0 0.682813 0.702604 0.064062 0.092708
0 0.182812 0.708854 0.067187 0.076042
0 0.471484 0.716146 0.066406 0.084375
0 0.851172 0.752083 0.055469 0.072917
0 0.637109 0.755729 0.067969 0.090625
0 0.204687 0.760938 0.059375 0.080208
0 0.140234 0.769271 0.061719 0.082292
0 0.541406 0.768750 0.067187 0.089583
0 0.747656 0.791146 0.067187 0.088542
0 0.405469 0.810937 0.062500 0.082292
0 0.342578 0.810417 0.058594 0.091667
0 0.235156 0.821354 0.064062 0.090625
0 0.095703 0.819271 0.066406 0.090625
0 0.294531 0.824479 0.062500 0.086458
0 0.042578 0.827604 0.069531 0.092708
0 0.583594 0.859896 0.067187 0.098958
0 0.375781 0.875000 0.060937 0.081250
0 0.651172 0.881250 0.067969 0.089583
0 0.738672 0.881771 0.066406 0.086458
0 0.807031 0.886979 0.062500 0.084375
0 0.276172 0.890104 0.058594 0.078125
0 0.326172 0.904167 0.072656 0.083333
0 0.851953 0.937500 0.066406 0.089583
0 0.076953 0.952604 0.069531 0.105208
0 0.582031 0.959375 0.060937 0.091667
0 0.971875 0.961458 0.053125 0.079167
0 0.030078 0.969271 0.060156 0.071875
0 0.525781 0.965104 0.075000 0.080208
