0 0.133203 0.222917 0.057031 0.108333
0 0.083203 0.226562 0.049219 0.090625
0 0.241406 0.608333 0.046875 0.083333
0 0.927344 0.744792 0.067187 0.072917
0 0.853516 0.138542 0.069531 0.093750
0 0.255078 0.364583 0.067969 0.079167
0 0.673047 0.678125 0.089844 0.127083
0 0.255078 0.103125 0.057031 0.077083
0 0.721484 0.157812 0.071094 0.063542
0 0.720703 0.136979 0.071094 0.094792
0 0.743359 0.037500 0.064844 0.075000
0 0.802344 0.042708 0.068750 0.085417
0 0.435937 0.050000 0.068750 0.100000
0 0.252344 0.050000 0.065625 0.089583
0 0.382031 0.056250 0.073438 0.112500
0 0.618750 0.063021 0.068750 0.090625
0 0.073438 0.063021 0.098437 0.126042
0 0.855859 0.068229 0.082031 0.086458
0 0.187891 0.094271 0.067969 0.094792
0 0.716016 0.110417 0.072656 0.089583
0 0.413281 0.124479 0.073438 0.084375
0 0.598437 0.142187 0.068750 0.094792
0 0.537891 0.155208 0.075781 0.095833
0 0.786328 0.147917 0.080469 0.100000
0 0.476172 0.165104 0.071094 0.092708
0 0.035937 0.169792 0.071875 0.095833
0 0.779687 0.188021 0.067187 0.086458
0 0.405469 0.191667 0.073438 0.089583
0 0.733203 0.189062 0.050781 0.094792
0 0.788672 0.231250 0.075781 0.085417
0 0.598828 0.237500 0.063281 0.087500
0 0.270703 0.240625 0.074219 0.097917
0 0.366797 0.254688 0.064844 0.115625
0 0.320703 0.274479 0.060156 0.103125
0 0.851562 0.281250 0.073438 0.093750
0 0.515625 0.285938 0.056250 0.119792
0 0.910156 0.292187 0.068750 0.098958
0 0.473828 0.292187 0.053906 0.076042
0 0.957031 0.319271 0.070312 0.098958
0 0.795703 0.330208 0.064844 0.095833
0 0.569922 0.344271 0.077344 0.080208
0 0.385547 0.353646 0.069531 0.098958
0 0.039062 0.345313 0.078125 0.082292
0 0.198047 0.352083 0.067969 0.091667
0 0.852344 0.358333 0.073438 0.093750
0 0.109375 0.364063 0.073438 0.103125
0 0.339844 0.383333 0.065625 0.104167
0 0.688672 0.403125 0.075781 0.089583
0 0.809375 0.404167 0.060937 0.091667
0 0.504687 0.401042 0.064062 0.083333
0 0.183203 0.426563 0.071094 0.092708
0 0.250000 0.436458 0.071875 0.095833
0 0.867578 0.435937 0.074219 0.092708
0 0.318359 0.454167 0.066406 0.081250
0 0.146875 0.468229 0.067187 0.086458
0 0.675000 0.469792 0.075000 0.087500
0 0.589844 0.477604 0.078125 0.101042
0 0.439063 0.496354 0.067187 0.082292
0 0.347656 0.508333 0.071875 0.093750
0 0.274219 0.507812 0.065625 0.084375
0 0.055469 0.510417 0.068750 0.087500
0 0.637891 0.525000 0.082031 0.089583
0 0.174609 0.531250 0.077344 0.083333
0 0.503906 0.565104 0.062500 0.086458
0 0.275000 0.576042 0.078125 0.085417
0 0.882422 0.581250 0.067969 0.087500
0 0.971484 0.598437 0.064844 0.121875
0 0.817578 0.584375 0.072656 0.097917
0 0.662500 0.608854 0.064062 0.080208
0 0.456641 0.639062 0.063281 0.098958
0 0.320703 0.637500 0.063281 0.089583
0 0.937500 0.646875 0.078125 0.093750
0 0.775781 0.651563 0.070312 0.086458
0 0.514453 0.670833 0.074219 0.097917
0 0.364063 0.689063 0.064062 0.101042
0 0.425781 0.691146 0.060937 0.082292
0 0.289844 0.693229 0.068750 0.094792
0 0.635547 0.721354 0.063281 0.109375
0 0.678906 0.745833 0.068750 0.097917
0 0.727344 0.738021 0.064062 0.086458
0 0.536328 0.745833 0.058594 0.087500
0 0.811328 0.737500 0.067969 0.102083
0 0.583594 0.743229 0.062500 0.121875
0 0.857422 0.782292 0.066406 0.100000
0 0.162891 0.781771 0.066406 0.101042
0 0.238672 0.776042 0.061719 0.112500
0 0.194531 0.811979 0.060937 0.101042
0 0.457031 0.815625 0.079687 0.095833
0 0.275781 0.845313 0.073438 0.101042
0 0.332813 0.853646 0.064062 0.103125
0 0.544141 0.846875 0.071094 0.116667
0 0.394531 0.838021 0.071875 0.082292
0 0.118359 0.863021 0.069531 0.084375
0 0.212891 0.882812 0.072656 0.082292
0 0.487109 0.867708 0.071094 0.104167
0 0.028516 0.922396 0.057031 0.092708
0 0.825781 0.911458 0.078125 0.091667
0 0.134375 0.945312 0.095312 0.119792
0 0.663281 0.950521 0.053125 0.109375
0 0.621875 0.957292 0.056250 0.095833
0 0.871875 0.958333 0.062500 0.083333
0 0.808203 0.969271 0.072656 0.071875
3 0.711719 0.652083 0.082812 0.100000
1 0.566797 0.424479 0.077344 0.086458
3 0.973828 0.790625 0.052344 0.104167
