0 0.297656 0.480208 0.067187 0.087500
0 0.316406 0.542188 0.073438 0.073958
0 0.357422 0.505208 0.074219 0.079167
0 0.390625 0.384375 0.068750 0.104167
0 0.214844 0.622396 0.060937 0.086458
0 0.262500 0.677083 0.059375 0.089583
0 0.273438 0.602083 0.059375 0.077083
0 0.321094 0.653125 0.064062 0.112500
0 0.466406 0.676562 0.056250 0.088542
0 0.621094 0.841146 0.070312 0.098958
0 0.889453 0.766146 0.071094 0.092708
0 0.903125 0.840625 0.084375 0.087500
0 0.914844 0.706771 0.067187 0.086458
0 0.952734 0.757812 0.060156 0.101042
0 0.952734 0.669271 0.060156 0.078125
0 0.271875 0.812500 0.075000 0.097917
0 0.086719 0.757812 0.060937 0.101042
0 0.162109 0.528646 0.060156 0.084375
0 0.541016 0.557292 0.088281 0.137500
0 0.407422 0.473438 0.074219 0.096875
0 0.808594 0.256771 0.076563 0.096875
0 0.771094 0.220312 0.078125 0.090625
0 0.050781 0.726042 0.076563 0.135417
0 0.457031 0.956250 0.076563 0.083333
0 0.641406 0.887500 0.060937 0.125000
0 0.207813 0.934375 0.078125 0.081250
0 0.033594 0.926042 0.067187 0.097917
0 0.632031 0.976042 0.098437 0.047917
0 0.882031 0.259375 0.076563 0.081250
0 0.946875 0.259375 0.064062 0.079167
0 0.975781 0.299479 0.056250 0.073958
0 0.903125 0.315625 0.101562 0.116667
0 0.107422 0.386458 0.078906 0.062500
0 0.781641 0.483333 0.071094 0.108333
0 0.190234 0.476042 0.067969 0.097917
0 0.971094 0.473438 0.065625 0.090625
0 0.959766 0.543750 0.088281 0.093750
0 0.239844 0.538021 0.064062 0.078125
0 0.447656 0.570833 0.079687 0.089583
0 0.723437 0.569792 0.062500 0.085417
0 0.369922 0.576562 0.072656 0.084375
0 0.918750 0.604167 0.070312 0.104167
0 0.661719 0.625000 0.065625 0.093750
0 0.846875 0.619792 0.073438 0.091667
0 0.494141 0.612500 0.069531 0.097917
0 0.784766 0.647396 0.064844 0.096875
0 0.604688 0.667188 0.081250 0.086458
0 0.544531 0.688021 0.064062 0.082292
0 0.683594 0.706771 0.068750 0.090625
0 0.200391 0.717187 0.083594 0.103125
0 0.832422 0.724479 0.080469 0.111458
0 0.585938 0.735938 0.076563 0.086458
0 0.787109 0.750521 0.061719 0.096875
0 0.164062 0.756771 0.071875 0.096875
0 0.513281 0.753646 0.068750 0.096875
0 0.721094 0.763542 0.079687 0.093750
0 0.644531 0.776042 0.073438 0.091667
0 0.552344 0.803125 0.075000 0.093750
0 0.737109 0.831771 0.086719 0.090625
0 0.110937 0.833854 0.065625 0.094792
0 0.467578 0.835417 0.063281 0.104167
0 0.165234 0.841146 0.067969 0.101042
0 0.518359 0.861458 0.078906 0.089583
0 0.229687 0.865625 0.076563 0.095833
0 0.368750 0.864062 0.078125 0.094792
0 0.699609 0.873958 0.061719 0.104167
0 0.844141 0.908854 0.067969 0.084375
0 0.300781 0.919271 0.070312 0.078125
0 0.519922 0.930208 0.075781 0.079167
0 0.759375 0.929688 0.082812 0.090625
0 0.697266 0.951562 0.075781 0.088542
