0 0.430469 0.848437 0.057813 0.063542
0 0.572266 0.957812 0.055469 0.065625
0 0.917578 0.886979 0.055469 0.067708
0 0.459766 0.345833 0.046094 0.075000
0 0.411719 0.291667 0.060937 0.075000
0 0.895312 0.967187 0.062500 0.065625
0 0.960156 0.953646 0.053125 0.069792
0 0.860547 0.218750 0.061719 0.075000
0 0.807422 0.033854 0.089844 0.067708
0 0.647266 0.035937 0.057031 0.071875
0 0.738672 0.037500 0.057031 0.075000
0 0.974219 0.039583 0.054688 0.077083
0 0.075391 0.064062 0.060156 0.078125
0 0.249609 0.066667 0.052344 0.072917
0 0.725391 0.083854 0.060156 0.078125
0 0.466406 0.082292 0.060937 0.081250
0 0.798828 0.083854 0.097656 0.090625
0 0.869141 0.088021 0.052344 0.082292
0 0.629297 0.087500 0.057031 0.072917
0 0.574609 0.090104 0.053906 0.076042
0 0.942969 0.118229 0.059375 0.080208
0 0.533594 0.131771 0.057813 0.067708
0 0.409375 0.132292 0.059375 0.077083
0 0.336328 0.134896 0.060156 0.080208
0 0.230078 0.140104 0.060156 0.080208
0 0.604688 0.151562 0.057813 0.076042
0 0.897656 0.163542 0.057813 0.077083
0 0.490625 0.165625 0.054688 0.081250
0 0.101562 0.188021 0.054688 0.071875
0 0.266016 0.193229 0.064844 0.080208
0 0.208203 0.213021 0.061719 0.080208
0 0.446875 0.218750 0.057813 0.079167
0 0.621875 0.222917 0.067187 0.072917
0 0.555078 0.225521 0.057031 0.082292
0 0.371875 0.226042 0.062500 0.079167
0 0.139063 0.226562 0.054688 0.076042
0 0.296484 0.252604 0.057031 0.080208
0 0.689844 0.269271 0.048438 0.082292
0 0.497656 0.272917 0.057813 0.085417
0 0.173828 0.276042 0.061719 0.077083
0 0.871094 0.280729 0.056250 0.073958
0 0.047656 0.300521 0.057813 0.109375
0 0.969531 0.305729 0.056250 0.080208
0 0.101562 0.314583 0.057813 0.075000
0 0.261719 0.318229 0.059375 0.084375
0 0.659766 0.320833 0.060156 0.075000
0 0.328516 0.335938 0.057031 0.078125
0 0.837109 0.335938 0.058594 0.078125
0 0.923438 0.342187 0.057813 0.080208
0 0.159375 0.345313 0.059375 0.078125
0 0.759375 0.352604 0.057813 0.073958
0 0.372656 0.358854 0.054688 0.088542
0 0.638672 0.373437 0.063281 0.078125
0 0.973047 0.398958 0.055469 0.075000
0 0.412109 0.407813 0.061719 0.082292
0 0.274609 0.411979 0.057031 0.076042
0 0.780859 0.411979 0.057031 0.073958
0 0.169531 0.420833 0.056250 0.075000
0 0.610547 0.426563 0.055469 0.076042
0 0.317188 0.450521 0.059375 0.076042
0 0.213281 0.466146 0.059375 0.078125
0 0.816797 0.466667 0.057031 0.077083
0 0.920703 0.482812 0.058594 0.076042
0 0.439063 0.486458 0.060937 0.085417
0 0.050391 0.497396 0.055469 0.067708
0 0.497656 0.502083 0.062500 0.079167
0 0.585156 0.501563 0.054688 0.078125
0 0.971094 0.508333 0.060937 0.079167
0 0.291797 0.514062 0.053906 0.076042
0 0.748437 0.514062 0.056250 0.069792
0 0.117578 0.516146 0.060156 0.080208
0 0.174609 0.520833 0.052344 0.083333
0 0.668750 0.531250 0.057813 0.077083
0 0.868750 0.533333 0.067187 0.066667
0 0.342187 0.558333 0.059375 0.081250
0 0.051172 0.561458 0.058594 0.081250
0 0.415234 0.580208 0.053906 0.068750
0 0.235547 0.581250 0.064844 0.077083
0 0.975391 0.582292 0.057031 0.072917
0 0.558594 0.583854 0.059375 0.076042
0 0.756641 0.591146 0.057031 0.082292
0 0.625781 0.621875 0.060937 0.083333
0 0.930859 0.627083 0.058594 0.075000
0 0.833203 0.639062 0.057031 0.071875
0 0.196484 0.641667 0.060156 0.081250
0 0.492188 0.655729 0.064062 0.078125
0 0.735156 0.660937 0.053125 0.071875
0 0.669141 0.672396 0.053906 0.076042
0 0.584766 0.672917 0.058594 0.075000
0 0.341406 0.675521 0.060937 0.084375
0 0.091016 0.678646 0.057031 0.073958
0 0.146094 0.685417 0.062500 0.081250
0 0.401562 0.694271 0.057813 0.073958
0 0.915234 0.706250 0.058594 0.072917
0 0.839453 0.714063 0.058594 0.076042
0 0.475781 0.724479 0.057813 0.073958
0 0.742969 0.738542 0.062500 0.085417
0 0.674609 0.746354 0.055469 0.076042
0 0.110937 0.746354 0.060937 0.086458
0 0.351172 0.752083 0.063281 0.081250
0 0.200000 0.760417 0.059375 0.079167
0 0.799609 0.765104 0.060156 0.073958
0 0.444531 0.781771 0.059375 0.073958
0 0.297266 0.785417 0.061719 0.087500
0 0.577344 0.791146 0.054688 0.076042
0 0.244141 0.811458 0.057031 0.077083
0 0.658203 0.815625 0.055469 0.070833
0 0.031250 0.820833 0.062500 0.083333
0 0.832031 0.822396 0.059375 0.076042
0 0.757812 0.844792 0.059375 0.075000
0 0.543359 0.852604 0.058594 0.082292
0 0.349609 0.852604 0.058594 0.076042
0 0.612500 0.857812 0.054688 0.073958
0 0.145703 0.886458 0.060156 0.081250
0 0.026953 0.884896 0.053906 0.078125
0 0.834375 0.895833 0.062500 0.079167
0 0.716797 0.897917 0.057031 0.075000
0 0.653125 0.901042 0.059375 0.064583
0 0.394922 0.905729 0.061719 0.073958
0 0.476172 0.910417 0.060156 0.079167
0 0.050000 0.943750 0.059375 0.081250
0 0.680859 0.959896 0.058594 0.076042
0 0.624219 0.967187 0.056250 0.076042
0 0.366016 0.969792 0.055469 0.070833
1 0.462500 0.580208 0.057813 0.102083
