0 0.668750 0.066146 0.057813 0.069792
0 0.662500 0.138021 0.056250 0.080208
0 0.642578 0.198958 0.044531 0.089583
0 0.597266 0.145313 0.055469 0.067708
0 0.675781 0.215104 0.053125 0.086458
0 0.755469 0.142187 0.057813 0.076042
0 0.781641 0.192708 0.050781 0.075000
0 0.741797 0.203646 0.071094 0.067708
0 0.751953 0.246354 0.060156 0.069792
0 0.374609 0.702604 0.053906 0.065625
0 0.804688 0.830729 0.050000 0.069792
0 0.826953 0.749479 0.058594 0.073958
0 0.851562 0.713542 0.064062 0.072917
0 0.801172 0.693229 0.042969 0.076042
0 0.758203 0.683854 0.055469 0.076042
0 0.742188 0.747396 0.059375 0.076042
0 0.750391 0.817187 0.058594 0.084375
0 0.757031 0.897396 0.064062 0.076042
0 0.823828 0.914583 0.052344 0.095833
0 0.779297 0.949479 0.072656 0.078125
0 0.840625 0.832812 0.051562 0.096875
0 0.874219 0.915625 0.060937 0.079167
0 0.884375 0.856250 0.057813 0.079167
0 0.472656 0.806771 0.046875 0.067708
0 0.366406 0.245833 0.064062 0.081250
0 0.322656 0.252604 0.059375 0.082292
0 0.321875 0.317708 0.062500 0.062500
0 0.136328 0.119792 0.057031 0.095833
0 0.223047 0.111458 0.066406 0.081250
0 0.260156 0.151042 0.068750 0.068750
0 0.514453 0.186458 0.057031 0.085417
0 0.555469 0.207292 0.051562 0.093750
0 0.598047 0.238021 0.050781 0.084375
0 0.505859 0.252083 0.050781 0.060417
0 0.560156 0.284375 0.057813 0.062500
0 0.510156 0.117188 0.057813 0.071875
0 0.942969 0.245312 0.051562 0.080208
0 0.960938 0.311979 0.065625 0.076042
0 0.960938 0.372396 0.054688 0.073958
0 0.456250 0.158854 0.062500 0.088542
0 0.179688 0.039062 0.095312 0.078125
0 0.385156 0.045312 0.065625 0.090625
0 0.432422 0.053125 0.057031 0.085417
0 0.342969 0.075521 0.053125 0.088542
0 0.819531 0.098437 0.068750 0.088542
0 0.280078 0.102604 0.066406 0.088542
0 0.065625 0.133854 0.059375 0.078125
0 0.393359 0.135937 0.064844 0.078125
0 0.704688 0.133854 0.051562 0.098958
0 0.974609 0.132812 0.058594 0.105208
0 0.185547 0.141146 0.055469 0.078125
0 0.825000 0.168750 0.064062 0.083333
0 0.110937 0.176042 0.062500 0.089583
0 0.873047 0.204687 0.061719 0.080208
0 0.029687 0.209896 0.059375 0.080208
0 0.265234 0.225521 0.058594 0.090625
0 0.062500 0.240104 0.062500 0.084375
0 0.434375 0.240104 0.065625 0.088542
0 0.836719 0.255208 0.057813 0.095833
0 0.794922 0.253646 0.049219 0.078125
0 0.173437 0.246875 0.071875 0.120833
0 0.218750 0.259896 0.050000 0.101042
0 0.164062 0.304167 0.062500 0.068750
0 0.684375 0.298958 0.062500 0.085417
0 0.889453 0.300000 0.060156 0.081250
0 0.026562 0.339583 0.053125 0.118750
0 0.232422 0.331771 0.050781 0.090625
0 0.495312 0.328646 0.057813 0.082292
0 0.558203 0.344792 0.058594 0.079167
0 0.705859 0.358333 0.063281 0.087500
0 0.383203 0.373437 0.061719 0.084375
0 0.836719 0.380208 0.056250 0.077083
0 0.787109 0.382812 0.067969 0.094792
0 0.527734 0.385417 0.060156 0.077083
0 0.598437 0.394792 0.053125 0.089583
0 0.138281 0.395313 0.051562 0.078125
0 0.435547 0.409375 0.064844 0.083333
0 0.658203 0.410417 0.061719 0.083333
0 0.866406 0.428646 0.067187 0.082292
0 0.028125 0.427083 0.054688 0.097917
0 0.077344 0.443750 0.068750 0.083333
0 0.202344 0.444792 0.059375 0.081250
0 0.264844 0.462500 0.056250 0.072917
0 0.749609 0.465104 0.064844 0.084375
0 0.118750 0.475521 0.071875 0.092708
0 0.971094 0.484375 0.057813 0.077083
0 0.836328 0.489583 0.064844 0.085417
0 0.614062 0.496875 0.064062 0.081250
0 0.210156 0.532813 0.064062 0.082292
0 0.404297 0.544792 0.058594 0.081250
0 0.820703 0.550000 0.053906 0.077083
0 0.858984 0.566146 0.053906 0.086458
0 0.530469 0.576562 0.057813 0.092708
0 0.432422 0.593750 0.060156 0.083333
0 0.921484 0.594792 0.060156 0.075000
0 0.045312 0.605208 0.059375 0.112500
0 0.644531 0.614583 0.064062 0.077083
0 0.584766 0.616667 0.058594 0.100000
0 0.836719 0.636458 0.056250 0.081250
0 0.967187 0.666667 0.073438 0.133333
0 0.480859 0.643750 0.058594 0.087500
0 0.125000 0.649479 0.060937 0.096875
0 0.075781 0.653125 0.060937 0.108333
0 0.712109 0.659375 0.055469 0.075000
0 0.542578 0.667708 0.058594 0.077083
0 0.659375 0.675000 0.053125 0.085417
0 0.164844 0.677083 0.054688 0.083333
0 0.931641 0.703125 0.063281 0.081250
0 0.230078 0.717708 0.061719 0.085417
0 0.517188 0.720833 0.056250 0.081250
0 0.590234 0.726562 0.060156 0.084375
0 0.312109 0.772917 0.064844 0.083333
0 0.099219 0.773438 0.060937 0.088542
0 0.692969 0.777604 0.067187 0.082292
0 0.917969 0.775000 0.064062 0.087500
0 0.201953 0.781250 0.060156 0.095833
0 0.969141 0.785937 0.061719 0.080208
0 0.380859 0.790104 0.071094 0.101042
0 0.549219 0.817708 0.062500 0.083333
0 0.234375 0.845833 0.060937 0.106250
0 0.155078 0.844792 0.061719 0.081250
0 0.067578 0.878125 0.063281 0.085417
0 0.705469 0.881250 0.062500 0.091667
0 0.342187 0.922917 0.057813 0.097917
0 0.557031 0.923438 0.062500 0.084375
0 0.507422 0.933333 0.053906 0.100000
0 0.546094 0.959375 0.062500 0.091667
0 0.095703 0.944271 0.047656 0.082292
0 0.382031 0.958854 0.082812 0.092708
0 0.461328 0.958333 0.091406 0.093750
0 0.610938 0.961979 0.084375 0.086458
3 0.381250 0.298958 0.067187 0.083333
3 0.269922 0.313542 0.052344 0.095833
2 0.894531 0.071875 0.060937 0.097917
