0 0.294922 0.144271 0.058594 0.069792
0 0.233984 0.136979 0.075781 0.069792
0 0.262500 0.587500 0.067187 0.083333
0 0.044141 0.538021 0.061719 0.094792
0 0.093750 0.507292 0.050000 0.062500
0 0.063672 0.376563 0.058594 0.103125
0 0.150781 0.353646 0.057813 0.096875
0 0.818359 0.213021 0.077344 0.080208
0 0.763281 0.222917 0.050000 0.100000
0 0.937109 0.835417 0.071094 0.102083
0 0.967969 0.468229 0.064062 0.090625
0 0.927344 0.256250 0.070312 0.102083
0 0.237891 0.303646 0.058594 0.094792
0 0.366406 0.555729 0.059375 0.086458
0 0.770312 0.056250 0.064062 0.106250
0 0.637109 0.059375 0.066406 0.095833
0 0.544141 0.083854 0.069531 0.092708
0 0.941406 0.094792 0.060937 0.102083
0 0.441797 0.111458 0.057031 0.087500
0 0.342969 0.114583 0.060937 0.091667
0 0.807031 0.126042 0.071875 0.095833
0 0.634766 0.132292 0.067969 0.083333
0 0.030078 0.135937 0.060156 0.086458
0 0.483984 0.201042 0.057031 0.089583
0 0.370312 0.200521 0.068750 0.088542
0 0.114062 0.192708 0.089063 0.068750
0 0.660937 0.208854 0.070312 0.086458
0 0.548438 0.217708 0.070312 0.097917
0 0.295312 0.220833 0.075000 0.095833
0 0.106250 0.253125 0.087500 0.089583
0 0.211328 0.252604 0.067969 0.096875
0 0.421484 0.259896 0.053906 0.071875
0 0.582422 0.281250 0.055469 0.089583
0 0.799609 0.293750 0.071094 0.083333
0 0.907031 0.310417 0.078125 0.083333
0 0.697266 0.313021 0.069531 0.092708
0 0.637500 0.314583 0.064062 0.079167
0 0.313672 0.320833 0.069531 0.070833
0 0.796094 0.363021 0.079687 0.088542
0 0.314063 0.398958 0.081250 0.118750
0 0.610938 0.377083 0.064062 0.095833
0 0.891406 0.391667 0.075000 0.085417
0 0.269922 0.406771 0.075781 0.101042
0 0.562109 0.410417 0.071094 0.102083
0 0.221875 0.413542 0.060937 0.083333
0 0.097266 0.434896 0.064844 0.078125
0 0.154688 0.444792 0.064062 0.087500
0 0.645312 0.454688 0.071875 0.094792
0 0.910547 0.454688 0.066406 0.088542
0 0.502344 0.464583 0.070312 0.089583
0 0.726953 0.466667 0.072656 0.093750
0 0.410547 0.488542 0.083594 0.083333
0 0.759375 0.493229 0.059375 0.073958
0 0.242969 0.518229 0.067187 0.113542
0 0.140625 0.525000 0.067187 0.087500
0 0.761328 0.553125 0.055469 0.079167
0 0.193359 0.552604 0.057031 0.076042
0 0.515625 0.555729 0.064062 0.094792
0 0.788281 0.567187 0.062500 0.103125
0 0.727734 0.567187 0.069531 0.094792
0 0.621484 0.589063 0.064844 0.082292
0 0.403125 0.591667 0.071875 0.097917
0 0.320312 0.607812 0.070312 0.088542
0 0.560156 0.616146 0.062500 0.090625
0 0.664062 0.639583 0.062500 0.089583
0 0.250781 0.659375 0.073438 0.085417
0 0.174609 0.684375 0.060156 0.081250
0 0.303125 0.692187 0.067187 0.096875
0 0.841797 0.698958 0.064844 0.093750
0 0.412891 0.725000 0.058594 0.106250
0 0.664844 0.737500 0.068750 0.087500
0 0.503125 0.746354 0.056250 0.092708
0 0.171484 0.760938 0.077344 0.090625
0 0.462109 0.773438 0.077344 0.084375
0 0.028906 0.774479 0.057813 0.080208
0 0.859375 0.779687 0.064062 0.090625
0 0.788672 0.789583 0.061719 0.095833
0 0.542969 0.800521 0.070312 0.092708
0 0.196094 0.820833 0.068750 0.091667
0 0.437891 0.838021 0.071094 0.098958
0 0.370312 0.838021 0.064062 0.086458
0 0.270313 0.842708 0.064062 0.087500
0 0.090234 0.859375 0.071094 0.089583
0 0.805469 0.873958 0.064062 0.104167
0 0.634375 0.873958 0.067187 0.093750
0 0.032031 0.907292 0.064062 0.097917
0 0.330078 0.920833 0.060156 0.085417
0 0.975391 0.936979 0.057031 0.098958
0 0.070312 0.947396 0.062500 0.094792
0 0.849219 0.948438 0.068750 0.092708
0 0.370703 0.949479 0.063281 0.111458
0 0.479297 0.946354 0.063281 0.105208
0 0.430469 0.956771 0.057813 0.082292
0 0.915625 0.955208 0.089063 0.100000
0 0.238281 0.960938 0.071875 0.088542
0 0.727344 0.967708 0.062500 0.075000
0 0.783594 0.967708 0.060937 0.075000
3 0.360938 0.748958 0.060937 0.085417
