0 0.479687 0.710417 0.060937 0.102083
0 0.785156 0.591667 0.065625 0.087500
0 0.073438 0.769271 0.071875 0.082292
0 0.077344 0.692187 0.064062 0.078125
0 0.066797 0.624479 0.063281 0.065625
0 0.043359 0.558333 0.066406 0.095833
0 0.101953 0.550000 0.060156 0.087500
0 0.092188 0.464062 0.071875 0.078125
0 0.268359 0.654167 0.066406 0.070833
0 0.637891 0.213021 0.071094 0.098958
0 0.706250 0.243750 0.062500 0.095833
0 0.730469 0.180208 0.076563 0.102083
0 0.651563 0.090625 0.068750 0.093750
0 0.713281 0.088542 0.051562 0.085417
0 0.759375 0.108333 0.040625 0.091667
0 0.570312 0.232292 0.075000 0.072917
0 0.498437 0.235417 0.068750 0.083333
0 0.529687 0.297917 0.084375 0.070833
0 0.507812 0.164583 0.062500 0.095833
0 0.966406 0.218750 0.057813 0.087500
0 0.472656 0.604167 0.081250 0.095833
0 0.892969 0.525000 0.087500 0.081250
0 0.538281 0.054167 0.067187 0.093750
0 0.835156 0.111979 0.090625 0.094792
0 0.053906 0.136458 0.060937 0.095833
0 0.784375 0.257812 0.085938 0.113542
0 0.059766 0.298438 0.077344 0.096875
0 0.951953 0.326042 0.075781 0.122917
0 0.470313 0.359896 0.078125 0.107292
0 0.702344 0.366667 0.076563 0.106250
0 0.787500 0.373437 0.078125 0.101042
0 0.070703 0.385417 0.080469 0.091667
0 0.918359 0.401042 0.063281 0.106250
0 0.655078 0.415625 0.066406 0.108333
0 0.730469 0.407813 0.067187 0.098958
0 0.920312 0.456250 0.071875 0.075000
0 0.453125 0.453646 0.093750 0.111458
0 0.682813 0.483333 0.053125 0.110417
0 0.348828 0.509375 0.074219 0.114583
0 0.164453 0.492188 0.075781 0.121875
0 0.289062 0.522396 0.073438 0.092708
0 0.402344 0.524479 0.071875 0.109375
0 0.825391 0.525000 0.067969 0.129167
0 0.281250 0.589583 0.085938 0.083333
0 0.380078 0.595833 0.074219 0.089583
0 0.221875 0.594271 0.057813 0.103125
0 0.129688 0.614583 0.070312 0.112500
0 0.174609 0.613021 0.060156 0.121875
0 0.333203 0.637500 0.069531 0.104167
0 0.235156 0.725000 0.070312 0.104167
0 0.347266 0.745313 0.085156 0.098958
0 0.294141 0.764583 0.072656 0.122917
0 0.201563 0.776563 0.078125 0.101042
2 0.372266 0.704688 0.074219 0.101042
