0 0.288966 0.038066 0.410494 0.004115
0 0.302855 0.046296 0.402006 0.005144
0 0.410494 0.029578 0.578704 0.003601
0 0.201003 0.024949 0.136574 0.000514
0 0.194059 0.038837 0.118056 0.013889
0 0.356289 0.023663 0.440201 0.004115
0 0.100309 0.037294 0.132716 0.009774
0 0.420139 0.034208 0.177469 0.010802
0 0.361690 0.038323 0.050540 0.003601
0 0.511574 0.038323 0.112654 0.002572
0 0.301890 0.027778 0.464120 0.003086
0 0.361497 0.031636 0.460648 0.007716
0 0.654707 0.039095 0.016975 0.004115
0 0.712577 0.037551 0.101080 0.011317
0 0.562114 0.031893 0.418981 0.001029
0 0.588735 0.030093 0.453704 0.004630
0 0.744792 0.032407 0.166281 0.004115
0 0.812693 0.032150 0.288194 0.002572
