0 0.041860 0.042695 0.062886 0.002058
0 0.391975 0.033436 0.462191 0.014403
0 0.344329 0.027521 0.327546 0.000514
0 0.271798 0.037294 0.134645 0.002572
0 0.276427 0.026235 0.028164 0.004115
0 0.352816 0.032150 0.065972 0.019033
0 0.507137 0.028807 0.312114 0.016461
0 0.255980 0.031379 0.200231 0.018519
0 0.315779 0.032150 0.106867 0.002572
0 0.292438 0.029578 0.327932 0.005658
0 0.569252 0.027521 0.221836 0.001543
0 0.404514 0.036265 0.113812 0.005658
0 0.482060 0.034465 0.037423 0.007202
0 0.281250 0.039609 0.475309 0.003086
0 0.622878 0.029321 0.025077 0.004115
0 0.575039 0.035494 0.079861 0.007202
0 0.563657 0.027006 0.104167 0.001543
0 0.364583 0.035494 0.514660 0.007202
0 0.527199 0.034465 0.302855 0.004115
0 0.379051 0.036008 0.652392 0.006173
0 0.724537 0.033693 0.118827 0.000514
0 0.761960 0.030093 0.237654 0.006687
0 0.617863 0.032407 0.582948 0.006173
0 0.669367 0.028549 0.575617 0.000514
0 0.668981 0.028807 0.597222 0.007202
