0 0.123457 0.035751 0.039352 0.003601
0 0.190394 0.034208 0.167824 0.003601
0 0.058642 0.038837 0.103395 0.009774
0 0.272569 0.028807 0.257330 0.006173
0 0.440394 0.028035 0.525849 0.005658
0 0.413002 0.037037 0.440201 0.006173
0 0.468171 0.029321 0.469522 0.001029
0 0.347029 0.028807 0.021219 0.002058
0 0.392168 0.033693 0.087577 0.007716
0 0.458526 0.036008 0.037423 0.006173
0 0.507330 0.038066 0.120370 0.005144
0 0.487654 0.031893 0.040123 0.001029
0 0.412230 0.033951 0.266590 0.004115
0 0.526620 0.027263 0.121142 0.010288
0 0.538194 0.026492 0.150463 0.002572
0 0.512539 0.026749 0.209491 0.002058
