0 0.257137 0.031121 0.465664 0.004630
0 0.139275 0.029835 0.081019 0.003086
0 0.267168 0.029578 0.238040 0.003601
0 0.301698 0.028035 0.289352 0.003601
0 0.122685 0.026749 0.075617 0.003086
0 0.322917 0.028292 0.201389 0.003086
0 0.242477 0.029064 0.007330 0.000514
0 0.379244 0.027521 0.165123 0.005658
0 0.235147 0.029835 0.150849 0.004115
0 0.472608 0.033951 0.136574 0.001029
0 0.399498 0.021862 0.167824 0.000514
0 0.571759 0.027263 0.078704 0.001029
0 0.383681 0.026749 0.324460 0.001029
0 0.383488 0.017490 0.511574 0.001029
0 0.400849 0.036780 0.526235 0.003601
0 0.376157 0.046296 0.686728 0.003086
0 0.438657 0.026492 0.712963 0.012860
0 0.512539 0.029064 0.623071 0.000514
0 0.567323 0.015689 0.562114 0.004630
0 0.574074 0.016718 0.563272 0.001543
0 0.685185 0.031121 0.387346 0.010802
0 0.619985 0.036008 0.540895 0.002058
0 0.647184 0.033951 0.509645 0.010288
0 0.813079 0.028292 0.200231 0.002058
0 0.839120 0.027778 0.245370 0.002058
0 0.563272 0.027006 0.803241 0.007716
0 0.755208 0.029578 0.421682 0.004630
