0 0.374807 0.036780 0.673225 0.021091
0 0.397377 0.035494 0.540895 0.003086
0 0.361111 0.055813 0.286265 0.012860
0 0.254823 0.040123 0.007330 0.008230
0 0.170718 0.037809 0.214120 0.002572
0 0.409529 0.032150 0.242670 0.005658
0 0.232832 0.038323 0.117670 0.020062
0 0.407022 0.029064 0.221451 0.000514
0 0.184606 0.038323 0.342978 0.002572
0 0.313465 0.033693 0.214892 0.009774
0 0.412616 0.035494 0.454090 0.005144
0 0.602623 0.032665 0.291667 0.001543
0 0.714313 0.026492 0.217978 0.001543
0 0.482253 0.034979 0.813272 0.001029
