0 0.390432 0.039095 0.435957 0.006173
0 0.337577 0.042181 0.245370 0.011317
0 0.230903 0.046039 0.072145 0.011831
0 0.285301 0.042695 0.052083 0.007202
0 0.503279 0.041924 0.373071 0.001543
0 0.464892 0.040123 0.283951 0.006173
0 0.384259 0.049640 0.453704 0.011831
0 0.425733 0.042695 0.502701 0.005144
0 0.658179 0.049383 0.199846 0.020576
0 0.392747 0.043724 0.770833 0.006173
0 0.442708 0.030350 0.698688 0.001029
0 0.463349 0.034465 0.709877 0.007202
0 0.661844 0.036523 0.339892 0.005144
0 0.703704 0.040895 0.321759 0.003601
0 0.638503 0.037294 0.465278 0.002572
0 0.744406 0.041409 0.255015 0.000514
0 0.644676 0.039095 0.607253 0.003086
