0 0.209298 0.019805 0.123071 0.000514
0 0.255401 0.022891 0.192901 0.004630
0 0.411458 0.021348 0.462577 0.001543
0 0.185378 0.022377 0.029707 0.002572
0 0.357060 0.026492 0.278935 0.003601
0 0.524498 0.020833 0.207176 0.001543
0 0.318673 0.022377 0.290123 0.003601
0 0.409336 0.018004 0.111111 0.001029
0 0.333526 0.019290 0.271219 0.005658
0 0.399306 0.042438 0.168210 0.007716
0 0.283565 0.021862 0.489969 0.003601
0 0.473765 0.021091 0.338735 0.011317
0 0.376543 0.024949 0.534722 0.001543
0 0.474344 0.026749 0.357639 0.001029
0 0.557292 0.025206 0.427855 0.003086
0 0.596258 0.021605 0.758102 0.002058
0 0.538387 0.025977 0.877701 0.000514
