0 0.136767 0.009774 0.207948 0.002058
0 0.291860 0.019547 0.467207 0.002058
0 0.243056 0.024691 0.331019 0.001029
0 0.131944 0.068158 0.011574 0.012860
0 0.155093 0.021348 0.033951 0.008745
0 0.300926 0.020062 0.318673 0.001029
0 0.159915 0.031379 0.026620 0.007202
0 0.302855 0.022891 0.245370 0.001543
0 0.152006 0.021348 0.206019 0.002572
0 0.272184 0.021348 0.011960 0.004630
0 0.365741 0.019290 0.111111 0.000514
0 0.263696 0.021348 0.116127 0.000514
0 0.271798 0.017490 0.130787 0.001029
0 0.428241 0.018776 0.169753 0.004630
0 0.207369 0.028292 0.305170 0.007202
0 0.309028 0.028035 0.165895 0.000514
0 0.456790 0.036265 0.029321 0.011831
0 0.543210 0.025206 0.104938 0.002058
0 0.269483 0.021091 0.484954 0.005144
0 0.430556 0.023920 0.175926 0.000514
0 0.298997 0.026492 0.466821 0.001543
0 0.294946 0.022891 0.491127 0.002572
0 0.422068 0.026235 0.259259 0.011317
0 0.311150 0.025977 0.491127 0.001543
0 0.454475 0.041152 0.222994 0.007202
0 0.373457 0.019805 0.415895 0.000514
0 0.493634 0.025206 0.179398 0.002058
0 0.338542 0.018776 0.500386 0.000514
0 0.596451 0.023663 0.018519 0.002058
0 0.614005 0.020833 0.195602 0.004630
0 0.658179 0.019290 0.130401 0.005658
0 0.665895 0.022377 0.126543 0.001543
0 0.622492 0.016461 0.244213 0.003086
0 0.532022 0.019547 0.527006 0.002058
0 0.755401 0.012860 0.082562 0.002058
0 0.537037 0.022119 0.540895 0.004115
