0 0.115934 0.035237 0.098380 0.001543
0 0.122685 0.044496 0.063272 0.000514
0 0.160108 0.039866 0.004630 0.002572
0 0.403549 0.039866 0.414352 0.002572
0 0.272184 0.045782 0.065972 0.022634
0 0.252894 0.039866 0.062886 0.009774
0 0.371914 0.032665 0.126543 0.004630
0 0.169174 0.047325 0.299769 0.006173
0 0.295525 0.036265 0.236883 0.013889
0 0.359568 0.048868 0.224537 0.015432
0 0.503858 0.043724 0.051698 0.001029
0 0.418981 0.038066 0.398920 0.009259
0 0.653549 0.034722 0.002315 0.002572
0 0.529128 0.033951 0.381559 0.008230
0 0.542438 0.031893 0.369599 0.010288
0 0.721644 0.042438 0.113040 0.005658
0 0.736497 0.041667 0.232253 0.006173
0 0.475309 0.037037 0.807870 0.001029
0 0.528549 0.032922 0.832562 0.002058
