0 0.055748 0.033436 0.088349 0.002058
0 0.190779 0.034722 0.337577 0.000514
0 0.268326 0.034465 0.451775 0.002058
0 0.326968 0.037551 0.563657 0.009259
0 0.134452 0.034465 0.177855 0.011317
0 0.145062 0.032922 0.135031 0.008230
0 0.440586 0.037551 0.243827 0.001029
0 0.325810 0.033951 0.017361 0.009259
0 0.407407 0.041152 0.135031 0.021605
0 0.341628 0.032407 0.022762 0.003086
0 0.258681 0.028292 0.217978 0.007202
0 0.480324 0.035237 0.205247 0.004630
0 0.268904 0.032150 0.260031 0.005658
0 0.318287 0.038837 0.253858 0.004630
0 0.247685 0.036008 0.418981 0.008230
0 0.407986 0.025720 0.180941 0.003086
0 0.420910 0.030864 0.198302 0.001029
0 0.478588 0.037809 0.107639 0.012860
0 0.500000 0.033693 0.165123 0.018004
0 0.561535 0.029064 0.074460 0.008745
0 0.473380 0.037551 0.326389 0.017490
0 0.668017 0.031121 0.017361 0.019033
0 0.592593 0.036780 0.233796 0.009774
0 0.447531 0.030093 0.530864 0.002572
0 0.682099 0.033693 0.122685 0.002572
0 0.531829 0.035237 0.454861 0.001543
0 0.565394 0.033179 0.445602 0.000514
0 0.507716 0.033693 0.726852 0.003601
0 0.787037 0.042695 0.174383 0.003086
0 0.561343 0.031893 0.645833 0.001029
0 0.495370 0.034979 0.797840 0.008230
