0 0.250579 0.020062 0.271219 0.002058
0 0.118634 0.031379 0.008873 0.003086
0 0.455247 0.018776 0.372685 0.003601
0 0.424190 0.024434 0.270448 0.004630
0 0.277199 0.026492 0.069059 0.001543
0 0.348187 0.018519 0.218750 0.002058
0 0.552469 0.022377 0.048611 0.001543
0 0.437114 0.024434 0.183642 0.000514
0 0.395833 0.017490 0.293981 0.004115
0 0.360340 0.041152 0.388117 0.004115
0 0.337963 0.024691 0.442901 0.003086
0 0.468943 0.023920 0.237269 0.001543
0 0.459491 0.020833 0.259259 0.003601
0 0.571566 0.020319 0.133102 0.003601
0 0.770062 0.022891 0.129630 0.001543
0 0.520833 0.036008 0.752315 0.013374
0 0.569059 0.021605 0.784722 0.003086
