0 0.360340 0.018261 0.687500 0.000514
0 0.073302 0.020062 0.098765 0.005144
0 0.091242 0.018004 0.098380 0.004115
0 0.355710 0.026492 0.424383 0.000514
0 0.166281 0.018776 0.006944 0.004630
0 0.177276 0.019290 0.021219 0.001543
0 0.244599 0.023405 0.090278 0.004630
0 0.218171 0.020319 0.013503 0.001543
0 0.353395 0.026492 0.260031 0.002572
0 0.234568 0.022891 0.045525 0.001543
0 0.441165 0.019547 0.351466 0.001029
0 0.499035 0.028292 0.434028 0.001029
0 0.292245 0.023920 0.282022 0.000514
0 0.518326 0.024177 0.160108 0.001029
0 0.546682 0.019805 0.130401 0.000514
0 0.469715 0.025463 0.032022 0.004630
0 0.597801 0.025720 0.126157 0.009259
0 0.612654 0.026749 0.131944 0.003086
0 0.447338 0.019805 0.332948 0.000514
0 0.684799 0.018261 0.048611 0.003601
0 0.437114 0.021605 0.611111 0.001029
0 0.655478 0.024949 0.466049 0.001543
0 0.656250 0.020062 0.620370 0.001029
