0 0.350502 0.025463 0.548225 0.000514
0 0.137539 0.035494 0.008873 0.003086
0 0.330633 0.033179 0.327160 0.001543
0 0.220486 0.028292 0.091435 0.001029
0 0.293017 0.034208 0.206404 0.002572
0 0.339699 0.034979 0.148534 0.001029
0 0.309992 0.030093 0.042052 0.002572
0 0.444444 0.029578 0.185957 0.001543
0 0.380594 0.038066 0.000386 0.015432
0 0.491898 0.027778 0.030864 0.002058
0 0.443866 0.031121 0.114583 0.003601
0 0.451389 0.035751 0.099537 0.006687
0 0.539545 0.034722 0.082176 0.001543
0 0.710069 0.031893 0.028164 0.002058
0 0.435571 0.033436 0.804012 0.001029
0 0.804591 0.027521 0.163966 0.002572
0 0.657793 0.030607 0.541667 0.001543
0 0.787423 0.026492 0.362654 0.001543
