0 0.067130 0.042181 0.111883 0.016461
0 0.297454 0.035751 0.558642 0.000514
0 0.085841 0.033951 0.013503 0.001029
0 0.188272 0.037809 0.182099 0.008745
0 0.204861 0.037809 0.186728 0.009774
0 0.130401 0.037809 0.085648 0.000514
0 0.269676 0.040381 0.165123 0.002572
0 0.449074 0.038837 0.191358 0.005658
0 0.393904 0.031893 0.044753 0.004115
0 0.519869 0.034722 0.171682 0.008745
0 0.500000 0.034979 0.085648 0.001029
0 0.361883 0.046296 0.321759 0.002058
0 0.353781 0.041152 0.410494 0.004115
0 0.462577 0.038323 0.431327 0.001543
0 0.483410 0.041924 0.414352 0.016975
0 0.475116 0.033951 0.457948 0.001029
0 0.405671 0.045525 0.630015 0.004630
0 0.578318 0.046553 0.307099 0.015947
0 0.393133 0.048611 0.735340 0.000514
0 0.622106 0.043724 0.360725 0.007202
0 0.549769 0.039095 0.607253 0.006173
0 0.548225 0.035751 0.815586 0.001543
