0 0.228009 0.031636 0.420525 0.002572
0 0.472029 0.035751 0.363812 0.009774
0 0.349923 0.029835 0.077160 0.005144
0 0.559414 0.033179 0.251543 0.002572
0 0.400656 0.055556 0.213349 0.004115
0 0.342400 0.026492 0.373843 0.000514
0 0.460262 0.026235 0.148148 0.001029
0 0.427662 0.021862 0.282793 0.000514
0 0.616319 0.037294 0.035108 0.004630
0 0.399306 0.029321 0.543981 0.007202
0 0.664931 0.030607 0.117670 0.001543
0 0.677469 0.032150 0.111111 0.001543
0 0.447724 0.030350 0.576003 0.002058
0 0.424383 0.022891 0.662809 0.001543
0 0.524884 0.028807 0.625386 0.008230
0 0.442708 0.036523 0.816744 0.004115
0 0.686921 0.036523 0.340664 0.011317
0 0.501736 0.033951 0.791281 0.006173
0 0.555941 0.035494 0.691358 0.005144
0 0.679591 0.032407 0.448688 0.002058
0 0.598765 0.024177 0.657407 0.010288
0 0.777971 0.028035 0.304398 0.003601
0 0.787037 0.036780 0.310185 0.002572
0 0.610918 0.030607 0.677083 0.000514
