0 0.228009 0.030607 0.260031 0.001543
0 0.100309 0.037551 0.010802 0.002058
0 0.115934 0.033951 0.005787 0.003086
0 0.337770 0.027778 0.428627 0.004115
0 0.261960 0.027263 0.177469 0.002058
0 0.375386 0.036780 0.222222 0.002572
0 0.187307 0.038837 0.319830 0.008745
0 0.412423 0.035237 0.083333 0.000514
0 0.304784 0.030607 0.449074 0.000514
0 0.620949 0.039609 0.154707 0.001029
0 0.403164 0.033693 0.445988 0.001543
0 0.493056 0.026235 0.508488 0.004115
0 0.455054 0.031379 0.594522 0.002058
0 0.578704 0.037809 0.609568 0.002572
0 0.574267 0.036008 0.760417 0.004115
