0 0.077546 0.033436 0.057870 0.003086
0 0.282986 0.030350 0.322145 0.001029
0 0.404900 0.032922 0.557485 0.006173
0 0.235340 0.032922 0.281636 0.009259
0 0.289738 0.030093 0.187500 0.000514
0 0.349151 0.036265 0.138117 0.009774
0 0.375965 0.031121 0.113040 0.007716
0 0.364390 0.038323 0.174769 0.007716
0 0.340856 0.032407 0.280478 0.006173
0 0.418789 0.032922 0.132330 0.002058
0 0.523727 0.028549 0.002701 0.001543
0 0.464892 0.031893 0.121914 0.002058
0 0.482832 0.031379 0.136188 0.010288
0 0.359954 0.033693 0.489198 0.003601
0 0.545525 0.031379 0.730710 0.001029
