0 0.257716 0.030864 0.406636 0.003086
0 0.370949 0.031121 0.451775 0.005658
0 0.387346 0.035494 0.273920 0.006173
0 0.486497 0.030864 0.450617 0.001029
0 0.289159 0.035237 0.004244 0.012860
0 0.413387 0.034722 0.099923 0.003601
0 0.517554 0.035751 0.260417 0.001543
0 0.337770 0.028549 0.142361 0.001543
0 0.452353 0.035237 0.078318 0.008745
0 0.327739 0.034208 0.172454 0.010802
0 0.287423 0.033436 0.416667 0.002058
0 0.389660 0.033436 0.246142 0.004115
0 0.566744 0.030607 0.079475 0.010802
0 0.337770 0.032665 0.437886 0.016975
0 0.470293 0.033693 0.305556 0.000514
0 0.455440 0.034208 0.359954 0.013889
0 0.530285 0.034979 0.264275 0.009259
0 0.592400 0.024434 0.185571 0.003601
0 0.567323 0.029064 0.247299 0.002572
0 0.658565 0.039352 0.274691 0.002572
0 0.634259 0.034465 0.359568 0.001029
0 0.613233 0.033436 0.589892 0.005144
0 0.505401 0.036523 0.828704 0.002058
0 0.642361 0.035751 0.648148 0.004630
