0 0.275656 0.026235 0.495756 0.006173
0 0.158372 0.029578 0.055170 0.006687
0 0.195216 0.028807 0.112654 0.002058
0 0.312114 0.026749 0.337191 0.013374
0 0.107253 0.033179 0.143519 0.000514
0 0.211420 0.033436 0.183642 0.005144
0 0.376157 0.031379 0.050154 0.005144
0 0.198110 0.028035 0.332948 0.002572
0 0.562693 0.038580 0.191744 0.003086
0 0.387153 0.033179 0.290509 0.000514
0 0.388503 0.032150 0.372685 0.004630
0 0.319444 0.032922 0.539352 0.007202
0 0.496142 0.031121 0.194444 0.000514
0 0.539159 0.033436 0.224151 0.008230
0 0.432677 0.031636 0.797454 0.011831
0 0.668210 0.031121 0.386574 0.002572
0 0.666860 0.028035 0.420139 0.001543
0 0.563850 0.034465 0.659336 0.002058
