0 0.118634 0.031379 0.112269 0.001029
0 0.439236 0.027778 0.461806 0.004115
0 0.450039 0.023920 0.375386 0.001543
0 0.200617 0.021862 0.143519 0.000514
0 0.320602 0.025977 0.084877 0.004630
0 0.180556 0.017233 0.322531 0.003601
0 0.227816 0.022634 0.321373 0.002058
0 0.346644 0.020319 0.229552 0.006687
0 0.430556 0.025206 0.195988 0.006173
0 0.556906 0.023405 0.040509 0.001543
0 0.384645 0.017490 0.414352 0.001029
0 0.646026 0.021605 0.101466 0.005144
0 0.469136 0.039609 0.412037 0.004115
0 0.545332 0.018776 0.295139 0.011831
0 0.558642 0.022377 0.337963 0.005658
0 0.733796 0.026749 0.192901 0.001029
0 0.442323 0.025206 0.874614 0.002058
0 0.449653 0.025977 0.896991 0.002572
