0 0.210841 0.019033 0.396991 0.005144
0 0.192323 0.018004 0.341435 0.001029
0 0.030864 0.023920 0.014660 0.000514
0 0.138503 0.009002 0.222222 0.001543
0 0.060378 0.024177 0.060571 0.001029
0 0.100309 0.017233 0.094907 0.000514
0 0.129244 0.018776 0.111883 0.000514
0 0.328511 0.018776 0.448688 0.001543
0 0.346644 0.018519 0.484954 0.003086
0 0.181327 0.019547 0.107253 0.003086
0 0.273148 0.022634 0.283951 0.004115
0 0.158372 0.018004 0.052083 0.001029
0 0.104552 0.010545 0.070988 0.001543
0 0.089506 0.012346 0.101852 0.003086
0 0.404900 0.022634 0.506559 0.004115
0 0.449074 0.020833 0.555556 0.010802
0 0.146412 0.011574 0.146219 0.002572
0 0.137539 0.006430 0.169367 0.000514
0 0.159529 0.011060 0.143904 0.000514
0 0.157793 0.008745 0.160494 0.001029
0 0.230710 0.011060 0.017747 0.002572
0 0.159722 0.019033 0.208333 0.007202
0 0.382330 0.032665 0.219136 0.006687
0 0.182677 0.007973 0.188657 0.001543
0 0.157600 0.017747 0.239583 0.012860
0 0.174190 0.009259 0.252701 0.001029
0 0.511767 0.023405 0.413966 0.007716
0 0.432677 0.017490 0.196373 0.001029
0 0.324653 0.019547 0.058256 0.001029
0 0.464892 0.020062 0.207562 0.002058
0 0.292245 0.018776 0.145448 0.000514
0 0.446373 0.017490 0.150463 0.002058
0 0.474151 0.014660 0.203704 0.002572
0 0.483025 0.015175 0.214506 0.000514
0 0.451003 0.019805 0.135031 0.001543
0 0.248457 0.012088 0.412809 0.000514
0 0.319830 0.010545 0.333333 0.000514
0 0.268519 0.011060 0.527006 0.001543
0 0.301698 0.011060 0.516975 0.000514
0 0.598573 0.023148 0.066744 0.014403
0 0.314622 0.020833 0.510417 0.001543
0 0.327160 0.011574 0.648148 0.000514
0 0.506366 0.027263 0.315972 0.022634
0 0.408372 0.008230 0.574460 0.001029
0 0.420910 0.009516 0.608025 0.000514
0 0.728781 0.021348 0.032407 0.002572
0 0.573688 0.022891 0.370370 0.002572
0 0.413387 0.011317 0.730324 0.002058
0 0.428627 0.007716 0.722994 0.002058
0 0.526620 0.017747 0.570216 0.000514
0 0.741898 0.019547 0.160494 0.001029
0 0.412616 0.012346 0.820602 0.001029
0 0.526427 0.012088 0.596836 0.004630
0 0.456790 0.025206 0.743056 0.001029
0 0.526042 0.011831 0.734182 0.003086
0 0.742863 0.016461 0.309799 0.003086
0 0.499807 0.011317 0.884645 0.001029
0 0.830633 0.022377 0.232253 0.007716
0 0.737076 0.020833 0.424769 0.006687
0 0.828704 0.019547 0.290895 0.002058
