0 0.135802 0.050412 0.229167 0.003086
0 0.342593 0.041152 0.255401 0.002058
0 0.418981 0.039609 0.207562 0.008230
0 0.427083 0.055298 0.148920 0.000514
0 0.456019 0.034979 0.190586 0.004115
0 0.515432 0.047325 0.263889 0.003086
0 0.470486 0.044239 0.164738 0.014403
0 0.290509 0.045010 0.286265 0.004630
0 0.302083 0.049640 0.463735 0.005658
0 0.368441 0.040638 0.365741 0.007202
0 0.395833 0.039352 0.362654 0.005658
0 0.626157 0.051440 0.087191 0.005144
0 0.461034 0.034722 0.381944 0.007716
0 0.590471 0.049383 0.200231 0.004115
0 0.703125 0.047582 0.009645 0.005658
0 0.400270 0.050669 0.623843 0.005658
0 0.433642 0.048611 0.560185 0.009774
0 0.552662 0.059414 0.333719 0.002572
0 0.481096 0.053498 0.888889 0.009259
