0 0.363812 0.032150 0.424383 0.004630
0 0.364583 0.028035 0.407407 0.010802
0 0.168017 0.031379 0.006559 0.001029
0 0.283179 0.029578 0.226852 0.005658
0 0.317130 0.026235 0.092593 0.002058
0 0.331211 0.031893 0.115355 0.015432
0 0.426505 0.037294 0.292824 0.001543
0 0.310378 0.029321 0.054398 0.003086
0 0.248650 0.032922 0.196373 0.015432
0 0.460841 0.077418 0.171682 0.015947
0 0.398341 0.033179 0.007330 0.000514
0 0.329090 0.036265 0.135031 0.014918
0 0.363233 0.032922 0.156250 0.001029
0 0.318673 0.040123 0.266204 0.001029
0 0.489583 0.033951 0.066358 0.001029
0 0.476659 0.032665 0.037423 0.003601
0 0.561921 0.026235 0.053627 0.006173
0 0.553241 0.027521 0.016204 0.006687
0 0.571952 0.032922 0.029707 0.001029
0 0.365934 0.029064 0.425540 0.001543
0 0.509645 0.032922 0.147377 0.003086
0 0.548804 0.028549 0.111497 0.002572
0 0.325231 0.028549 0.574846 0.000514
0 0.527006 0.029578 0.182099 0.002572
0 0.636767 0.035494 0.034336 0.016461
0 0.490934 0.031121 0.314429 0.006687
0 0.399498 0.032150 0.523534 0.005658
0 0.636574 0.036523 0.079475 0.005144
0 0.484375 0.033693 0.454861 0.010802
0 0.721836 0.045267 0.145062 0.018519
0 0.613040 0.033951 0.578704 0.003086
