0 0.194059 0.029064 0.346451 0.008745
0 0.153164 0.034722 0.224537 0.020062
0 0.308256 0.034208 0.493827 0.015947
0 0.324267 0.025977 0.515818 0.001543
0 0.084684 0.028807 0.034336 0.003086
0 0.295139 0.025977 0.202160 0.003601
0 0.335262 0.028807 0.232253 0.003086
0 0.405093 0.038837 0.335648 0.016975
0 0.228395 0.029578 0.023920 0.001543
0 0.389275 0.043981 0.244599 0.035494
0 0.369406 0.030607 0.203318 0.003601
0 0.445602 0.030350 0.321759 0.010288
0 0.461613 0.037551 0.221065 0.012346
0 0.364005 0.034465 0.001157 0.005144
0 0.320023 0.033693 0.116898 0.010802
0 0.311150 0.037294 0.157793 0.016975
0 0.355710 0.036780 0.148148 0.008745
0 0.379823 0.036523 0.119213 0.008230
0 0.414545 0.033951 0.223380 0.002058
0 0.524306 0.030350 0.024691 0.003086
0 0.324267 0.032922 0.453318 0.005144
0 0.529900 0.038580 0.065972 0.006173
0 0.559414 0.029321 0.033951 0.003086
0 0.545910 0.033179 0.086420 0.000514
0 0.558835 0.026749 0.119985 0.002058
0 0.346836 0.036780 0.557870 0.007716
0 0.489969 0.036008 0.273920 0.009259
0 0.566551 0.028292 0.150849 0.004115
0 0.697531 0.042438 0.014660 0.000514
0 0.450810 0.033951 0.518133 0.005144
0 0.387153 0.028549 0.653164 0.001543
0 0.663002 0.031379 0.180941 0.005144
0 0.646798 0.031379 0.255015 0.004115
0 0.539738 0.033951 0.473765 0.008230
0 0.740548 0.032150 0.096836 0.011831
0 0.633681 0.027263 0.345293 0.006173
0 0.465278 0.029321 0.743827 0.005144
0 0.728588 0.037809 0.288966 0.002572
0 0.566744 0.024177 0.654321 0.003086
0 0.627315 0.030864 0.543210 0.001029
0 0.573110 0.031379 0.669367 0.001029
0 0.788387 0.029835 0.275077 0.003086
