0 0.028742 0.037551 0.021219 0.012346
0 0.204090 0.038066 0.181327 0.006173
0 0.117477 0.040123 0.088349 0.004115
0 0.331019 0.036265 0.306327 0.001543
0 0.337963 0.033179 0.248457 0.007716
0 0.285108 0.034979 0.047068 0.002058
0 0.299961 0.036008 0.011188 0.008230
0 0.429012 0.031893 0.259259 0.003086
0 0.353009 0.036780 0.105710 0.013889
0 0.451389 0.035494 0.126543 0.007202
0 0.469907 0.033951 0.003858 0.010288
0 0.565394 0.040895 0.192515 0.014918
0 0.352623 0.034465 0.287037 0.002058
0 0.493248 0.032150 0.034336 0.003601
0 0.465856 0.040895 0.164738 0.006687
0 0.543017 0.039352 0.095293 0.003601
0 0.465278 0.032407 0.290123 0.011317
0 0.353202 0.035751 0.582176 0.001543
0 0.548032 0.035494 0.248843 0.006173
0 0.613233 0.032922 0.325231 0.004115
0 0.536073 0.043210 0.594522 0.010288
0 0.456019 0.038580 0.777006 0.002058
0 0.644483 0.028035 0.444059 0.000514
0 0.680170 0.037551 0.372685 0.016461
0 0.496914 0.039352 0.758488 0.003601
0 0.786265 0.039095 0.184414 0.011317
0 0.639082 0.048097 0.489583 0.010802
0 0.644869 0.038580 0.539738 0.001029
