0 0.141397 0.034722 0.081404 0.002572
0 0.067901 0.038323 0.081790 0.000514
0 0.325424 0.030864 0.273534 0.011317
0 0.125772 0.035494 0.197531 0.003086
0 0.172068 0.033179 0.114198 0.010802
0 0.364969 0.031636 0.252315 0.010802
0 0.230710 0.030607 0.152778 0.011831
0 0.494985 0.029321 0.347994 0.011317
0 0.443094 0.031893 0.204861 0.006173
0 0.419174 0.031379 0.147762 0.005144
0 0.250772 0.031121 0.191358 0.002572
0 0.233989 0.033179 0.233410 0.009774
0 0.220100 0.037294 0.280478 0.012860
0 0.251350 0.030350 0.254244 0.002058
0 0.344329 0.032665 0.133102 0.014918
0 0.405864 0.035237 0.021605 0.002572
0 0.266975 0.028549 0.311728 0.007716
0 0.295910 0.038323 0.286265 0.006687
0 0.558642 0.031379 0.218364 0.002058
0 0.544560 0.030864 0.181713 0.003086
0 0.348573 0.031121 0.275849 0.006687
0 0.524113 0.033693 0.078318 0.004630
0 0.339892 0.034465 0.489198 0.001029
0 0.499614 0.028035 0.199846 0.003601
0 0.560378 0.035494 0.268133 0.006173
0 0.678627 0.029578 0.034722 0.007716
0 0.575810 0.034465 0.250386 0.010288
0 0.511188 0.040895 0.411265 0.026235
0 0.585069 0.030350 0.350694 0.007202
0 0.681134 0.031893 0.177083 0.004115
0 0.662616 0.030350 0.464120 0.001029
0 0.489776 0.036780 0.817515 0.006687
