0 0.352816 0.036523 0.677855 0.004115
0 0.077546 0.031636 0.042438 0.007716
0 0.397184 0.027521 0.566744 0.000514
0 0.212577 0.022119 0.118827 0.001029
0 0.093171 0.028807 0.179398 0.004115
0 0.216049 0.030350 0.021605 0.003086
0 0.283372 0.028292 0.112269 0.002058
0 0.426505 0.029064 0.378472 0.001543
0 0.421489 0.025977 0.353781 0.002572
0 0.366898 0.028292 0.151235 0.001029
0 0.376929 0.031636 0.158951 0.000514
0 0.173611 0.031636 0.315586 0.010802
0 0.265239 0.025206 0.158565 0.005144
0 0.362654 0.027521 0.036265 0.001543
0 0.345872 0.028292 0.042824 0.002058
0 0.282986 0.033693 0.177855 0.002572
0 0.254437 0.034979 0.322145 0.003086
0 0.385224 0.076646 0.141590 0.001029
0 0.541667 0.039352 0.128086 0.004630
0 0.328897 0.023663 0.489583 0.011317
0 0.578125 0.031379 0.008873 0.004115
0 0.490934 0.026235 0.184028 0.002058
0 0.336998 0.036265 0.533565 0.002572
0 0.663773 0.031379 0.077546 0.002058
0 0.576196 0.024177 0.130787 0.009259
0 0.670332 0.028807 0.045139 0.016461
0 0.549190 0.032150 0.239583 0.005658
0 0.570795 0.027778 0.214892 0.005144
0 0.405478 0.030093 0.611883 0.001543
0 0.628472 0.031121 0.294753 0.002572
0 0.630015 0.035237 0.342593 0.005658
0 0.536651 0.030864 0.588735 0.004115
0 0.525270 0.029835 0.619213 0.006173
0 0.625965 0.040638 0.435571 0.002058
0 0.548804 0.029321 0.620756 0.003086
0 0.559221 0.037294 0.645448 0.001543
0 0.562693 0.033436 0.676312 0.001029
0 0.678048 0.026235 0.451003 0.005144
0 0.516204 0.024949 0.780093 0.007716
0 0.751157 0.033436 0.315586 0.004115
0 0.558642 0.022891 0.831019 0.000514
