0 0.172647 0.034465 0.319059 0.005144
0 0.160687 0.040123 0.273534 0.003086
0 0.160880 0.032665 0.033179 0.012860
0 0.169174 0.042953 0.004244 0.010802
0 0.355710 0.049383 0.181327 0.029835
0 0.423225 0.034722 0.162809 0.002572
0 0.354167 0.041152 0.013889 0.010288
0 0.494985 0.029064 0.083333 0.003601
0 0.417052 0.054527 0.095679 0.009259
0 0.365934 0.036780 0.278164 0.005658
0 0.607446 0.047325 0.025077 0.010288
0 0.599923 0.038580 0.087191 0.001029
0 0.532407 0.038580 0.297840 0.013374
0 0.511381 0.037037 0.346065 0.017490
