0 0.286651 0.035494 0.142747 0.003086
0 0.136767 0.043467 0.194059 0.011831
0 0.281829 0.032665 0.018133 0.011831
0 0.401042 0.029064 0.097608 0.002572
0 0.376929 0.070988 0.188272 0.057613
0 0.476659 0.030093 0.041281 0.004630
0 0.566937 0.029835 0.080633 0.004115
0 0.571373 0.029835 0.048611 0.001029
0 0.519290 0.032665 0.087963 0.002572
0 0.544367 0.036265 0.174383 0.002572
0 0.648534 0.029321 0.024691 0.006173
0 0.505787 0.035751 0.388889 0.007716
0 0.580247 0.036008 0.284722 0.005144
0 0.576968 0.031379 0.311343 0.003086
0 0.648148 0.040123 0.346451 0.007202
0 0.615741 0.027521 0.486111 0.001543
0 0.612847 0.028292 0.515046 0.002058
0 0.767940 0.033693 0.310571 0.007716
