0 0.080440 0.925412 0.027392 0.037037
0 0.121721 0.520833 0.026621 0.036523
0 0.136960 0.381173 0.030864 0.028806
0 0.136960 0.425669 0.024692 0.030350
0 0.183835 0.683642 0.028935 0.044238
0 0.204475 0.447017 0.031636 0.029835
0 0.243055 0.931841 0.027007 0.035493
0 0.305169 0.958333 0.022377 0.031893
0 0.315586 0.312757 0.034723 0.046296
0 0.327739 0.702674 0.028935 0.031893
0 0.410494 0.495627 0.025463 0.026235
0 0.533565 0.730967 0.026234 0.031893
0 0.543403 0.561472 0.025077 0.036523
0 0.545332 0.523148 0.026620 0.038066
0 0.683835 0.602880 0.025077 0.033951
0 0.713734 0.931841 0.024691 0.039609
0 0.765625 0.908950 0.029706 0.041153
0 0.820216 0.122171 0.023148 0.028292
0 0.830054 0.676955 0.031250 0.030864
0 0.871142 0.856224 0.030092 0.030350
0 0.875193 0.289609 0.023534 0.029836
0 0.903164 0.722993 0.019290 0.039609
0 0.910880 0.227366 0.030864 0.025720
0 0.922068 0.670268 0.023148 0.028807
0 0.948303 0.089763 0.019291 0.038580
0 0.964892 0.619856 0.023148 0.029836
