0 0.033565 0.451388 0.030092 0.044753
0 0.113618 0.568673 0.032793 0.044753
0 0.272762 0.970422 0.030864 0.028292
0 0.274498 0.930041 0.027392 0.032922
0 0.304205 0.673868 0.026620 0.049383
0 0.360147 0.643261 0.027392 0.038580
0 0.368827 0.310186 0.025463 0.047325
0 0.376736 0.158436 0.042824 0.044239
0 0.421296 0.060957 0.030864 0.033436
0 0.420139 0.090021 0.023920 0.028807
0 0.449653 0.451903 0.030478 0.050926
0 0.472222 0.567644 0.025463 0.034465
0 0.516204 0.701646 0.030864 0.045268
0 0.596836 0.657408 0.033951 0.041153
0 0.640046 0.704218 0.035494 0.039094
0 0.799575 0.066873 0.035879 0.059671
0 0.889467 0.614969 0.038195 0.040638
0 0.945023 0.935442 0.030478 0.033436
