0 0.055363 0.960905 0.035108 0.025720
0 0.139081 0.908179 0.025077 0.036522
0 0.240741 0.696245 0.046296 0.048868
0 0.267169 0.361883 0.032793 0.035494
0 0.291860 0.102366 0.028935 0.036008
0 0.298612 0.724538 0.021605 0.034465
0 0.306712 0.703961 0.021605 0.028292
0 0.309221 0.245370 0.035879 0.027778
0 0.369406 0.036522 0.027392 0.039095
0 0.434800 0.288323 0.028549 0.028292
0 0.651428 0.265690 0.024305 0.037551
0 0.760417 0.624229 0.024691 0.031379
0 0.832947 0.819187 0.020061 0.025206
0 0.901234 0.117799 0.025463 0.034979
