0 0.199846 0.615998 0.029321 0.037551
0 0.083912 0.752572 0.038194 0.033951
0 0.815008 0.768776 0.029707 0.037551
0 0.122299 0.925926 0.028549 0.036008
0 0.733989 0.762860 0.026620 0.038066
0 0.301890 0.655093 0.027392 0.034465
0 0.768326 0.043724 0.030478 0.028807
0 0.543017 0.396605 0.030478 0.027778
0 0.761767 0.494342 0.028164 0.029835
0 0.501350 0.626543 0.025077 0.034979
0 0.134066 0.778292 0.026620 0.031893
0 0.346065 0.408436 0.027006 0.030864
0 0.826968 0.929784 0.024306 0.034465
0 0.357060 0.659979 0.025849 0.032922
0 0.733025 0.597479 0.023148 0.036523
0 0.321181 0.781893 0.020448 0.039095
0 0.621335 0.201903 0.025077 0.031379
0 0.194830 0.796811 0.024691 0.029835
0 0.440394 0.573817 0.025077 0.029321
0 0.324074 0.896348 0.026235 0.029321
0 0.410301 0.642747 0.021991 0.034465
0 0.369599 0.311214 0.026235 0.029835
0 0.670718 0.838220 0.025077 0.029321
0 0.404514 0.724537 0.023534 0.028292
0 0.160494 0.913580 0.022377 0.027778
0 0.829861 0.332819 0.022377 0.028807
0 0.687693 0.644805 0.021991 0.030350
0 0.678627 0.521862 0.020833 0.029321
0 0.016782 0.650977 0.018904 0.028292
0 0.322724 0.323817 0.017361 0.032407
