0 0.631559 0.231224 0.042438 0.043724
0 0.780093 0.763374 0.044753 0.039095
0 0.281636 0.285751 0.030093 0.052984
0 0.325810 0.368313 0.029707 0.046296
0 0.795332 0.029578 0.035108 0.040638
0 0.886960 0.842850 0.030864 0.041667
0 0.693866 0.252058 0.034336 0.040123
0 0.232446 0.631687 0.035880 0.037037
0 0.331790 0.940586 0.030864 0.042695
0 0.880401 0.742798 0.032407 0.040123
0 0.961998 0.474537 0.028164 0.040638
0 0.187693 0.828961 0.032022 0.036523
0 0.622685 0.448560 0.032407 0.037037
0 0.885224 0.558385 0.028935 0.036523
0 0.845872 0.672325 0.029707 0.034979
0 0.829475 0.163066 0.023148 0.038066
0 0.803048 0.138889 0.023534 0.030864
