0 0.742091 0.542695 0.045910 0.058642
0 0.372878 0.695988 0.041281 0.055556
0 0.602431 0.916924 0.040509 0.049897
0 0.943287 0.077675 0.037037 0.058642
0 0.040123 0.357767 0.039352 0.048868
0 0.731867 0.141461 0.040123 0.048354
0 0.708140 0.679270 0.035880 0.051955
0 0.553241 0.116512 0.039352 0.046811
0 0.729745 0.230710 0.032793 0.054012
0 0.726466 0.952675 0.037809 0.045267
0 0.400270 0.887088 0.034336 0.048868
0 0.451003 0.217078 0.035494 0.043210
0 0.401620 0.762603 0.028549 0.051955
0 0.567708 0.265432 0.033565 0.037037
0 0.230324 0.646605 0.032407 0.040123
0 0.592593 0.303755 0.031636 0.036523
0 0.328125 0.718364 0.026620 0.043724
0 0.372685 0.753086 0.025463 0.037037
0 0.663194 0.378858 0.023148 0.038580
