0 0.703704 0.346965 0.051698 0.038580
0 0.778549 0.057870 0.036265 0.048868
0 0.539159 0.291152 0.034336 0.047325
0 0.745949 0.593364 0.028935 0.055041
0 0.738233 0.141975 0.035880 0.043210
0 0.023727 0.188529 0.025849 0.050926
0 0.817130 0.612140 0.030093 0.047325
0 0.366512 0.270062 0.029321 0.042181
0 0.574846 0.217078 0.032407 0.039095
0 0.709105 0.384516 0.037809 0.033436
0 0.868827 0.345679 0.031636 0.036008
0 0.368441 0.743827 0.031636 0.036008
0 0.186921 0.135288 0.028164 0.038066
0 0.123457 0.418467 0.024691 0.042695
0 0.968943 0.204733 0.026620 0.037037
0 0.031057 0.786008 0.027392 0.036008
0 0.109375 0.393004 0.025077 0.042181
0 0.302855 0.450617 0.027006 0.036008
0 0.470100 0.740484 0.026620 0.034465
0 0.105131 0.121399 0.025849 0.033951
0 0.445023 0.826646 0.022762 0.039095
0 0.384838 0.877058 0.023534 0.031893
0 0.428434 0.509774 0.025849 0.029835
