0 0.634259 0.500257 0.026235 0.028292
0 0.738426 0.878858 0.020062 0.044753
0 0.862654 0.425154 0.021605 0.027263
0 0.540123 0.578447 0.020833 0.025206
0 0.762539 0.444702 0.018133 0.026235
0 0.554977 0.438014 0.019676 0.025206
0 0.715856 0.393519 0.017361 0.025720
0 0.216628 0.394033 0.016590 0.026749
0 0.235147 0.909208 0.018904 0.023148
0 0.173225 0.880401 0.018519 0.022119
0 0.185764 0.401749 0.017361 0.024691
0 0.596258 0.600051 0.017361 0.023148
0 0.605903 0.704990 0.016590 0.022119
0 0.898727 0.599794 0.017361 0.023663
0 0.648341 0.188786 0.017361 0.022634
0 0.102431 0.435442 0.017361 0.023148
0 0.343171 0.656636 0.017361 0.022119
0 0.236111 0.529064 0.017747 0.021091
0 0.868441 0.860082 0.017747 0.020576
0 0.211806 0.157922 0.014660 0.023663
0 0.745756 0.518519 0.015432 0.019547
0 0.654321 0.211420 0.014660 0.017490
0 0.729745 0.391461 0.010417 0.017490
0 0.262346 0.619084 0.009259 0.018004
