0 0.637731 0.630658 0.026235 0.033951
0 0.216049 0.307870 0.019290 0.027263
0 0.025463 0.737912 0.020062 0.026235
0 0.339699 0.587191 0.019676 0.026235
0 0.542824 0.409208 0.019290 0.024177
0 0.788773 0.730710 0.019676 0.025206
0 0.253665 0.347222 0.018133 0.025720
0 0.931713 0.979424 0.018519 0.024691
0 0.286458 0.064815 0.018133 0.022634
0 0.764853 0.513632 0.017361 0.024177
0 0.924190 0.478138 0.016590 0.023148
0 0.041667 0.584619 0.016975 0.022119
0 0.149113 0.736368 0.016590 0.022119
0 0.464313 0.094650 0.018904 0.021605
0 0.410880 0.161265 0.014660 0.023148
0 0.019676 0.300412 0.014660 0.020576
0 0.029514 0.564043 0.014275 0.020062
