0 0.588156 0.581790 0.018904 0.029835
0 0.311150 0.063014 0.016590 0.026235
0 0.429398 0.457819 0.019290 0.023663
0 0.475116 0.715021 0.017361 0.022634
0 0.046682 0.066358 0.018519 0.022634
0 0.299383 0.391461 0.016204 0.023663
0 0.043596 0.094136 0.016975 0.022634
0 0.597415 0.363426 0.018133 0.019033
0 0.012924 0.756687 0.021219 0.017490
0 0.077546 0.594907 0.016204 0.026235
0 0.023341 0.527521 0.015046 0.022119
0 0.034144 0.802212 0.015818 0.021091
0 0.910880 0.088477 0.014660 0.020576
0 0.564043 0.846708 0.014660 0.020576
0 0.755787 0.332305 0.014660 0.021605
0 0.685378 0.806327 0.015818 0.020062
0 0.763696 0.259516 0.015818 0.016975
0 0.331211 0.490484 0.015046 0.018004
0 0.774691 0.573817 0.016975 0.015947
0 0.322724 0.898405 0.011960 0.019033
0 0.549961 0.910237 0.013503 0.015947
0 0.862076 0.500257 0.008873 0.011831
