0 0.165316 0.198302 0.055941 0.062243
0 0.579668 0.479167 0.028164 0.044753
0 0.375965 0.288580 0.028935 0.038066
0 0.152392 0.247171 0.029321 0.036523
0 0.482253 0.610082 0.023148 0.042181
0 0.734568 0.807356 0.023148 0.034465
0 0.810185 0.366255 0.030093 0.023663
0 0.402199 0.314815 0.021219 0.027778
0 0.368827 0.088735 0.018519 0.032407
0 0.086613 0.556327 0.018904 0.024177
0 0.500386 0.805813 0.020833 0.024177
0 0.541667 0.100309 0.019290 0.027778
0 0.527199 0.468107 0.018133 0.023663
0 0.614583 0.793467 0.018519 0.023148
0 0.592978 0.549897 0.020062 0.024691
0 0.566358 0.099537 0.020062 0.025206
0 0.563272 0.399691 0.023920 0.020576
0 0.548225 0.077160 0.016204 0.024691
0 0.188079 0.578704 0.016590 0.023663
0 0.284915 0.366512 0.014275 0.024177
0 0.329282 0.284722 0.015818 0.022119
0 0.520448 0.044753 0.017747 0.018519
0 0.263117 0.074846 0.016975 0.020062
0 0.588735 0.229938 0.015432 0.019547
0 0.720293 0.697016 0.017747 0.018519
0 0.595293 0.126800 0.013889 0.019033
0 0.148534 0.623457 0.014660 0.020576
0 0.316937 0.570988 0.014275 0.019547
0 0.343557 0.283179 0.013503 0.016975
0 0.351080 0.691872 0.016204 0.016461
0 0.065586 0.709362 0.015432 0.018519
0 0.750965 0.674126 0.013503 0.014918
0 0.800733 0.958333 0.008873 0.014403
0 0.035687 0.325874 0.006559 0.010802
