0 0.483218 0.521348 0.037423 0.060185
0 0.277585 0.626543 0.025849 0.064815
0 0.180748 0.252058 0.028164 0.048354
0 0.639082 0.814043 0.039738 0.042695
0 0.039159 0.415123 0.031250 0.039095
0 0.378279 0.480710 0.035108 0.036523
0 0.697917 0.526492 0.033951 0.032407
0 0.517554 0.321759 0.025849 0.039609
0 0.657407 0.760802 0.028549 0.039095
0 0.353974 0.690329 0.025077 0.036008
0 0.694830 0.474023 0.021605 0.046811
0 0.024691 0.460648 0.023920 0.037551
0 0.153549 0.255658 0.020062 0.040123
0 0.464506 0.728652 0.023920 0.027263
