0 0.126543 0.025720 0.033179 0.033951
0 0.461806 0.773663 0.030864 0.036008
0 0.207562 0.860597 0.030093 0.033951
0 0.117477 0.207562 0.028164 0.034465
0 0.451775 0.655350 0.024691 0.039095
0 0.119406 0.381430 0.027392 0.032407
0 0.358796 0.599537 0.023148 0.037551
0 0.557292 0.389403 0.024306 0.036008
0 0.519097 0.639403 0.023534 0.032922
0 0.243827 0.951646 0.021605 0.030864
0 0.347415 0.489969 0.022762 0.028292
0 0.155478 0.547068 0.023920 0.026235
0 0.186535 0.952932 0.018904 0.031379
0 0.622492 0.630658 0.018904 0.027778
0 0.627122 0.556070 0.021219 0.025720
0 0.595100 0.636831 0.016590 0.032922
