0 0.486497 0.426440 0.031636 0.099794
0 0.739583 0.588477 0.034722 0.056584
0 0.247492 0.077160 0.028164 0.049383
0 0.837384 0.650977 0.032793 0.036523
0 0.644097 0.627829 0.026620 0.037551
0 0.714699 0.430556 0.029707 0.031893
0 0.228781 0.493570 0.027778 0.034465
0 0.936921 0.831019 0.028164 0.030350
0 0.304977 0.376286 0.028935 0.027263
0 0.575617 0.648920 0.025463 0.031379
0 0.558063 0.808128 0.023534 0.029835
0 0.536651 0.824846 0.020833 0.032407
0 0.362269 0.614198 0.020833 0.030864
0 0.507330 0.623714 0.020833 0.032407
0 0.670332 0.863940 0.019676 0.032407
0 0.880980 0.486883 0.021991 0.027263
0 0.868634 0.510545 0.020448 0.028292
