0 0.467014 0.386060 0.032022 0.034465
0 0.429591 0.393519 0.023534 0.042181
0 0.617477 0.169239 0.026620 0.031893
0 0.497492 0.485854 0.025849 0.032407
0 0.139275 0.925926 0.027006 0.029835
0 0.389660 0.139660 0.028549 0.028292
0 0.425347 0.826903 0.025077 0.032407
0 0.537616 0.553498 0.025077 0.031893
0 0.491512 0.284722 0.022377 0.035494
0 0.922068 0.255658 0.023148 0.031893
0 0.560378 0.570730 0.019676 0.036523
0 0.394290 0.276235 0.023148 0.030864
0 0.442515 0.442901 0.020833 0.034979
0 0.118056 0.081790 0.023920 0.034979
0 0.133102 0.606224 0.023148 0.030350
0 0.535108 0.710391 0.020833 0.029835
