0 0.480324 0.897634 0.027778 0.040123
0 0.906443 0.328189 0.026620 0.033951
0 0.316165 0.174383 0.027392 0.030864
0 0.949267 0.330504 0.025077 0.033436
0 0.191165 0.063529 0.025077 0.033436
0 0.544174 0.338992 0.025077 0.033951
0 0.602238 0.080761 0.027778 0.029835
0 0.664931 0.583591 0.028164 0.029321
0 0.873457 0.647634 0.024691 0.029835
0 0.840471 0.063529 0.019676 0.037551
0 0.604552 0.547325 0.023148 0.031893
0 0.363233 0.548868 0.025849 0.028807
0 0.140239 0.263632 0.019676 0.033436
0 0.886767 0.622685 0.020448 0.029321
0 0.149691 0.348765 0.022377 0.027778
0 0.587384 0.283951 0.025849 0.029835
0 0.374228 0.056584 0.020062 0.029835
0 0.038387 0.709105 0.021991 0.023148
0 0.150656 0.657150 0.015046 0.033436
