0 0.122299 0.157922 0.033951 0.064815
0 0.558642 0.949846 0.030864 0.039609
0 0.359761 0.057613 0.025849 0.043210
0 0.278164 0.665895 0.028549 0.035494
0 0.897955 0.382973 0.029707 0.036523
0 0.968557 0.274949 0.028935 0.034465
0 0.616898 0.564300 0.028549 0.038066
0 0.383488 0.622685 0.026235 0.035494
0 0.638503 0.255916 0.026235 0.033436
0 0.763889 0.225051 0.024691 0.030350
0 0.540316 0.121914 0.022762 0.031893
0 0.108796 0.492284 0.022377 0.031893
0 0.182677 0.481224 0.019676 0.028292
0 0.134259 0.748200 0.022377 0.026235
0 0.755980 0.332047 0.018133 0.028292
