0 0.406636 0.763117 0.064043 0.069444
0 0.814429 0.882973 0.040895 0.036523
0 0.168403 0.779578 0.034336 0.044753
0 0.293789 0.781636 0.028935 0.036523
0 0.690586 0.812243 0.029321 0.034979
0 0.466628 0.267233 0.030478 0.040638
0 0.412616 0.363169 0.032793 0.029835
0 0.629630 0.893261 0.020833 0.043724
0 0.915316 0.447016 0.026620 0.032922
0 0.508295 0.625514 0.026620 0.030864
0 0.468364 0.713477 0.025463 0.034979
0 0.725887 0.356224 0.029707 0.028292
0 0.356096 0.220422 0.019290 0.040638
0 0.569252 0.798097 0.025077 0.032407
0 0.594715 0.598508 0.023534 0.035494
0 0.671489 0.167438 0.024306 0.032407
0 0.176119 0.243056 0.024306 0.031379
0 0.453125 0.396091 0.024306 0.033951
0 0.673997 0.197788 0.026235 0.029321
0 0.658372 0.461677 0.021219 0.034465
0 0.628279 0.595936 0.021219 0.031379
0 0.181520 0.541409 0.024306 0.028292
0 0.406636 0.552469 0.024691 0.033951
0 0.347608 0.392233 0.020833 0.031379
0 0.288002 0.530093 0.029707 0.024177
0 0.615355 0.670525 0.022377 0.027263
0 0.589506 0.218107 0.022377 0.028807
0 0.622878 0.064558 0.021991 0.029321
0 0.545718 0.796039 0.021991 0.023148
0 0.556327 0.759774 0.023148 0.024691
0 0.280671 0.496914 0.020448 0.025720
