0 0.587770 0.682870 0.051312 0.041667
0 0.073495 0.770319 0.025077 0.061214
0 0.720293 0.941358 0.031636 0.043210
0 0.289738 0.694444 0.046296 0.026749
0 0.887539 0.796553 0.029707 0.036523
0 0.912423 0.333076 0.038580 0.032407
0 0.367091 0.778035 0.032793 0.031379
0 0.248071 0.787037 0.023920 0.047325
0 0.637731 0.110340 0.024691 0.040638
0 0.454282 0.442901 0.030478 0.032922
0 0.445023 0.390947 0.031250 0.032922
0 0.641782 0.485854 0.030478 0.031379
0 0.406636 0.323302 0.034722 0.029321
0 0.562307 0.147377 0.023534 0.035494
0 0.538966 0.419753 0.026235 0.032922
0 0.392747 0.362912 0.029321 0.029321
0 0.790509 0.418467 0.028549 0.030350
0 0.049576 0.376029 0.018904 0.045267
0 0.376350 0.502572 0.024306 0.037037
0 0.784915 0.708848 0.021991 0.033951
0 0.722994 0.270833 0.027778 0.031379
0 0.763889 0.779835 0.021605 0.033951
0 0.909915 0.489712 0.022762 0.031893
0 0.802855 0.935442 0.028549 0.026235
0 0.279514 0.642490 0.024306 0.029835
0 0.297454 0.820988 0.027006 0.025720
0 0.586420 0.738169 0.021605 0.030864
0 0.547840 0.696502 0.024691 0.029835
0 0.229167 0.616512 0.020833 0.031379
0 0.937114 0.881944 0.023920 0.029321
0 0.847029 0.140175 0.020448 0.032407
0 0.251350 0.302469 0.022762 0.028807
0 0.032986 0.501543 0.025077 0.024691
0 0.724344 0.094136 0.021991 0.027778
0 0.652971 0.667438 0.022762 0.026235
0 0.079090 0.149177 0.024691 0.027778
0 0.815008 0.629630 0.018133 0.031893
0 0.629051 0.677212 0.021219 0.026235
0 0.202932 0.541409 0.018519 0.028292
