0 0.942708 0.299383 0.033565 0.045267
0 0.069637 0.853652 0.029707 0.031379
0 0.165895 0.488426 0.028549 0.034465
0 0.501929 0.717335 0.023920 0.037551
0 0.842978 0.290895 0.023920 0.030350
0 0.402199 0.307613 0.022762 0.030864
0 0.413194 0.579218 0.032407 0.022634
0 0.635995 0.154321 0.021991 0.036008
0 0.686535 0.087706 0.025849 0.027263
0 0.118056 0.284465 0.023148 0.029835
0 0.734568 0.938272 0.027006 0.026749
0 0.161844 0.960134 0.019676 0.038580
0 0.144483 0.696759 0.015818 0.022119
0 0.139082 0.283693 0.015818 0.021091
0 0.280093 0.511574 0.010031 0.020062
0 0.136188 0.305556 0.009259 0.019547
0 0.699074 0.542695 0.011574 0.013374
