0 0.391590 0.529835 0.023148 0.046296
0 0.593364 0.681842 0.026235 0.035494
0 0.277778 0.569444 0.026235 0.036008
0 0.145640 0.207305 0.025849 0.037037
0 0.202739 0.543981 0.026620 0.033436
0 0.179398 0.674640 0.025463 0.032407
0 0.849730 0.061214 0.025077 0.033951
0 0.736111 0.942901 0.024691 0.030864
0 0.939429 0.531121 0.022377 0.031379
0 0.515432 0.551183 0.029321 0.032407
0 0.300347 0.454990 0.023534 0.029321
0 0.513310 0.529321 0.025077 0.029835
0 0.185185 0.368570 0.021605 0.028292
0 0.361883 0.731224 0.021605 0.030350
0 0.896026 0.977366 0.019676 0.028807
0 0.978588 0.820473 0.020448 0.025720
0 0.486111 0.690329 0.020062 0.028807
0 0.085455 0.845165 0.018904 0.025720
