0 0.117863 0.695473 0.032793 0.049383
0 0.150656 0.360340 0.036651 0.046811
0 0.468943 0.776235 0.028164 0.040123
0 0.659915 0.904321 0.028164 0.041152
0 0.774498 0.903807 0.024306 0.043210
0 0.182099 0.060700 0.031636 0.032922
0 0.098380 0.676440 0.030093 0.036008
0 0.349730 0.535237 0.027392 0.040638
0 0.345872 0.692130 0.029707 0.029321
0 0.968171 0.907922 0.023534 0.033951
0 0.604745 0.188272 0.027392 0.027778
0 0.838927 0.898920 0.022762 0.034465
0 0.924190 0.605967 0.024306 0.031893
0 0.782793 0.485854 0.023920 0.032407
0 0.827353 0.495885 0.024306 0.028807
0 0.131173 0.948560 0.020833 0.031893
0 0.544560 0.105710 0.021991 0.026235
0 0.143904 0.780864 0.016204 0.025720
