0 0.737076 0.065329 0.035880 0.045267
0 0.676698 0.202675 0.026235 0.039095
0 0.903935 0.483025 0.027778 0.034979
0 0.417052 0.737654 0.026235 0.033951
0 0.800540 0.870628 0.023148 0.031379
0 0.110147 0.253344 0.023534 0.028292
0 0.912616 0.542181 0.021991 0.039095
0 0.888117 0.672840 0.019290 0.037037
0 0.322338 0.226595 0.024306 0.028292
0 0.036458 0.666924 0.025077 0.029321
0 0.834491 0.282407 0.021605 0.029835
0 0.158372 0.530093 0.021219 0.031379
0 0.975887 0.741255 0.020448 0.031893
0 0.233025 0.577418 0.023148 0.027263
0 0.166474 0.609825 0.019676 0.030350
0 0.256752 0.332819 0.021991 0.029835
0 0.923032 0.964763 0.021219 0.029321
0 0.972415 0.968107 0.021991 0.026749
0 0.307677 0.627572 0.022762 0.024691
0 0.976080 0.226595 0.023148 0.024177
0 0.555748 0.307870 0.020448 0.026235
0 0.542245 0.827675 0.021991 0.026749
0 0.169560 0.126800 0.018904 0.028292
0 0.807099 0.119342 0.024691 0.020576
0 0.491319 0.431070 0.016590 0.021605
0 0.645833 0.178241 0.013889 0.016975
0 0.861304 0.397891 0.011960 0.018004
0 0.853009 0.390175 0.010802 0.018004
0 0.347801 0.321502 0.008873 0.012346
