0 0.251158 0.302212 0.022377 0.028292
0 0.202547 0.541409 0.017747 0.027263
0 0.600888 0.686214 0.024305 0.032922
0 0.392554 0.362140 0.028936 0.027778
0 0.289545 0.694444 0.045910 0.025721
0 0.909722 0.489198 0.022376 0.030865
0 0.297453 0.820473 0.026235 0.024691
0 0.454090 0.442387 0.030093 0.031893
0 0.641590 0.485597 0.030093 0.030864
0 0.919174 0.332562 0.023534 0.030350
0 0.802662 0.935185 0.028164 0.025720
0 0.561729 0.147120 0.022377 0.034979
0 0.248071 0.786779 0.022376 0.046811
0 0.814814 0.629115 0.017747 0.029835
0 0.070602 0.760546 0.019290 0.041667
0 0.586227 0.737912 0.020448 0.030349
0 0.366898 0.777778 0.032408 0.030864
0 0.846644 0.139660 0.019675 0.031379
0 0.049576 0.375514 0.018133 0.044239
0 0.720100 0.940843 0.031250 0.042181
0 0.937114 0.881173 0.023148 0.027778
0 0.637539 0.110082 0.024305 0.040123
0 0.548032 0.696245 0.023534 0.028292
0 0.538774 0.419496 0.025849 0.032408
0 0.444638 0.390946 0.030479 0.031893
0 0.406636 0.323302 0.033951 0.028293
0 0.724152 0.093879 0.021605 0.027263
0 0.763696 0.779578 0.021220 0.033436
0 0.628665 0.677212 0.020448 0.025206
0 0.078318 0.148662 0.022376 0.026749
0 0.652778 0.667181 0.022376 0.025720
0 0.228781 0.616255 0.020062 0.029836
0 0.279321 0.641718 0.023920 0.028292
0 0.575618 0.682613 0.026235 0.041152
0 0.722994 0.270576 0.027006 0.030864
