0 0.381173 0.364455 0.024692 0.030350
0 0.979167 0.505659 0.023920 0.024691
0 0.922068 0.449074 0.026234 0.028806
0 0.625000 0.695216 0.019290 0.027264
0 0.967399 0.522119 0.021219 0.027778
0 0.089120 0.033951 0.032407 0.041153
0 0.514468 0.632459 0.028163 0.030350
0 0.467786 0.920268 0.019675 0.027777
0 0.635995 0.158179 0.028935 0.031378
0 0.629051 0.728652 0.028936 0.031379
0 0.795910 0.903035 0.024691 0.033436
0 0.533758 0.076389 0.030478 0.037552
0 0.175540 0.843107 0.030092 0.025720
0 0.892747 0.870113 0.024692 0.026234
0 0.218365 0.469393 0.028549 0.035494
0 0.364390 0.893776 0.027392 0.020062
0 0.691744 0.516460 0.027006 0.031893
0 0.190200 0.690586 0.020061 0.027263
