0 0.091049 0.753601 0.023148 0.029836
0 0.133681 0.777778 0.025849 0.030864
0 0.345872 0.408179 0.026620 0.030350
0 0.440393 0.573559 0.024305 0.028807
0 0.761574 0.494085 0.027778 0.029321
0 0.733989 0.762603 0.025849 0.037552
0 0.356868 0.659466 0.025463 0.031893
0 0.369791 0.310700 0.025077 0.028807
0 0.678241 0.521605 0.020062 0.028806
0 0.814814 0.769033 0.029321 0.036008
0 0.323881 0.896091 0.025077 0.028807
0 0.732639 0.597222 0.022376 0.036008
0 0.321181 0.781379 0.019676 0.038066
0 0.301698 0.654578 0.026235 0.033436
0 0.829668 0.332561 0.021991 0.027263
0 0.687500 0.644548 0.021604 0.029835
0 0.322531 0.323559 0.016976 0.031893
0 0.016590 0.650463 0.018519 0.027264
0 0.670717 0.838220 0.024305 0.028292
0 0.826775 0.929526 0.023920 0.033951
0 0.160494 0.913323 0.021605 0.027264
0 0.409915 0.642489 0.021219 0.033951
