0 0.650270 0.380144 0.030478 0.026749
0 0.427470 0.670010 0.029321 0.030350
0 0.539930 0.820473 0.026621 0.024691
0 0.635031 0.439558 0.024692 0.033436
0 0.020833 0.229424 0.029321 0.039094
0 0.388889 0.025720 0.030864 0.041152
0 0.826581 0.622171 0.025849 0.033436
0 0.676697 0.545268 0.029321 0.029835
0 0.525463 0.370370 0.026234 0.030864
0 0.272377 0.963477 0.023149 0.029835
0 0.701774 0.604681 0.022377 0.027264
0 0.933256 0.138375 0.027778 0.034979
0 0.571567 0.169753 0.030479 0.023662
0 0.065972 0.628601 0.023920 0.028806
0 0.375193 0.635288 0.024306 0.036008
0 0.399884 0.881173 0.025849 0.036008
0 0.508101 0.120885 0.025463 0.031893
0 0.978395 0.442644 0.024692 0.037552
0 0.297260 0.408436 0.021219 0.041152
