0 0.054398 0.675926 0.024692 0.034980
0 0.222801 0.121142 0.021219 0.036522
0 0.646797 0.435957 0.021219 0.045782
0 0.724151 0.256430 0.023148 0.028292
0 0.755016 0.844393 0.023919 0.034466
0 0.460070 0.272634 0.030479 0.036008
0 0.056906 0.832048 0.024306 0.041667
0 0.411459 0.199074 0.025849 0.028806
0 0.376351 0.214763 0.018133 0.031379
0 0.331983 0.768261 0.027392 0.037551
0 0.023920 0.148663 0.025463 0.031893
0 0.895447 0.333333 0.023149 0.031893
0 0.508102 0.434671 0.020062 0.023662
0 0.468557 0.070217 0.023534 0.039609
0 0.882523 0.209362 0.023534 0.034980
0 0.673997 0.912295 0.030092 0.021091
0 0.358796 0.647633 0.038580 0.029835
0 0.365162 0.454990 0.025078 0.030350
0 0.772184 0.422325 0.026621 0.033950
0 0.607446 0.715021 0.018132 0.032921
0 0.905285 0.147377 0.022763 0.038581
0 0.591243 0.577160 0.018133 0.042181
0 0.391204 0.792952 0.027778 0.032407
