0 0.707755 0.678755 0.035108 0.050926
0 0.731675 0.140947 0.039737 0.047325
0 0.729553 0.230710 0.032407 0.052984
0 0.567322 0.265175 0.032793 0.036522
0 0.327932 0.718107 0.026234 0.043210
0 0.741706 0.542695 0.045139 0.057613
0 0.553048 0.116255 0.038966 0.046296
0 0.372493 0.752830 0.024305 0.036523
0 0.726274 0.952675 0.037423 0.044238
0 0.450810 0.217079 0.035108 0.042181
0 0.602237 0.916667 0.040123 0.048354
0 0.401427 0.762088 0.027392 0.050925
0 0.230131 0.646347 0.031250 0.039609
0 0.943287 0.077161 0.036266 0.057613
