0 0.538387 0.616769 0.015818 0.019547
0 0.436728 0.630916 0.014661 0.020062
0 0.035108 0.389404 0.016976 0.021605
0 0.532215 0.597994 0.011959 0.019033
0 0.143518 0.317644 0.013889 0.021090
0 0.122686 0.805555 0.016975 0.023663
0 0.326196 0.202932 0.015818 0.015946
0 0.963928 0.784207 0.018133 0.016975
0 0.204476 0.982510 0.021605 0.022634
0 0.394097 0.516976 0.018904 0.024691
0 0.889275 0.536266 0.015432 0.023149
0 0.413195 0.311214 0.019291 0.027778
0 0.158951 0.230453 0.019290 0.018519
0 0.367091 0.456018 0.016590 0.025205
0 0.285301 0.295524 0.020448 0.021091
0 0.767168 0.057613 0.018904 0.023662
0 0.229166 0.020061 0.016975 0.023663
0 0.859182 0.200875 0.018518 0.025205
0 0.811343 0.037295 0.022377 0.027263
0 0.189815 0.571759 0.016204 0.020062
0 0.209684 0.591563 0.016589 0.021605
0 0.072916 0.596193 0.020833 0.025720
0 0.749807 0.232767 0.015818 0.022119
