0 0.398148 0.244856 0.016976 0.022634
0 0.321373 0.335648 0.020061 0.025206
2 0.133681 0.167953 0.021991 0.032407
0 0.298418 0.756172 0.019676 0.021605
0 0.276042 0.863169 0.015046 0.016461
0 0.597029 0.448559 0.016589 0.018519
0 0.616127 0.409465 0.015433 0.020576
0 0.424190 0.340792 0.020448 0.027264
0 0.568673 0.166152 0.019290 0.022634
0 0.907407 0.213477 0.021605 0.042181
2 0.568480 0.242541 0.028936 0.042696
0 0.969522 0.244856 0.016975 0.019548
0 0.843171 0.950618 0.017361 0.021605
0 0.886960 0.385802 0.016976 0.022633
0 0.549575 0.338734 0.014275 0.014917
0 0.032215 0.484825 0.017361 0.023148
0 0.586612 0.914352 0.020447 0.027264
0 0.537423 0.471965 0.017747 0.024176
0 0.199846 0.299897 0.011574 0.015432
