0 0.555555 0.918210 0.018519 0.027778
0 0.542053 0.895576 0.015433 0.029836
0 0.750000 0.185700 0.015432 0.021605
0 0.022956 0.947016 0.013503 0.017489
0 0.446566 0.809414 0.017361 0.024177
0 0.047454 0.196502 0.011574 0.019548
0 0.292245 0.967850 0.021219 0.027263
0 0.488426 0.824846 0.014660 0.019033
0 0.265625 0.292695 0.017362 0.021605
0 0.031828 0.171553 0.016589 0.016975
0 0.973572 0.470421 0.015047 0.019033
0 0.232253 0.657664 0.018518 0.027263
0 0.271991 0.831790 0.013889 0.019548
0 0.206790 0.398405 0.015432 0.025206
0 0.152778 0.769805 0.019290 0.026235
