0 0.271798 0.081018 0.016590 0.014917
0 0.377701 0.773920 0.011574 0.012860
0 0.224151 0.072788 0.004630 0.005658
0 0.390046 0.700875 0.013889 0.020061
0 0.285879 0.055299 0.017747 0.010803
0 0.897569 0.216307 0.009645 0.009773
0 0.030478 0.336163 0.006945 0.007716
0 0.698303 0.164609 0.006173 0.007202
0 0.303241 0.067902 0.006173 0.009259
0 0.160301 0.887088 0.018132 0.020061
0 0.371335 0.301441 0.013503 0.018519
0 0.728009 0.159722 0.006944 0.008745
0 0.851852 0.973251 0.016204 0.021604
0 0.829090 0.890946 0.014661 0.018519
0 0.827160 0.008230 0.009259 0.011317
0 0.945987 0.081276 0.008487 0.010288
0 0.817902 0.329989 0.013117 0.016975
0 0.836998 0.125772 0.018133 0.025205
0 0.143132 0.096965 0.006945 0.010802
0 0.360340 0.403292 0.013889 0.019547
0 0.240547 0.107254 0.005787 0.008745
0 0.663773 0.714249 0.010416 0.013888
0 0.340278 0.716050 0.012346 0.017489
0 0.392747 0.087448 0.014660 0.019547
0 0.368441 0.766976 0.015432 0.018519
0 0.223766 0.102109 0.009259 0.009774
0 0.145062 0.056070 0.010031 0.010288
0 0.311535 0.971194 0.014275 0.026749
0 0.110919 0.745370 0.014275 0.017489
0 0.527778 0.236111 0.006173 0.008230
0 0.135031 0.321502 0.015432 0.017490
0 0.017940 0.555813 0.011960 0.021091
0 0.669753 0.483025 0.011574 0.038066
0 0.752893 0.959362 0.016589 0.019548
0 0.570602 0.856996 0.011574 0.029836
0 0.953125 0.965021 0.013504 0.025721
0 0.489776 0.208848 0.007330 0.010288
0 0.176505 0.981481 0.011189 0.025721
0 0.138696 0.253858 0.013504 0.016976
0 0.903936 0.790638 0.013117 0.014404
0 0.767362 0.528035 0.017747 0.021090
0 0.577353 0.088478 0.015818 0.019547
0 0.829668 0.308127 0.010417 0.009259
0 0.111111 0.793210 0.014660 0.016461
0 0.235147 0.121399 0.008102 0.010288
0 0.038774 0.131945 0.018133 0.023149
0 0.391783 0.639146 0.017361 0.023148
0 0.283179 0.673097 0.021604 0.035494
0 0.380980 0.793724 0.011188 0.014403
0 0.031829 0.062243 0.017361 0.023662
