0 0.086420 0.556070 0.018519 0.023662
0 0.284722 0.365998 0.013889 0.023148
0 0.548032 0.077160 0.015818 0.023663
0 0.801891 0.367541 0.013503 0.020062
0 0.563079 0.399434 0.023534 0.020062
0 0.035493 0.325617 0.006173 0.010288
2 0.482253 0.609825 0.022376 0.041666
0 0.750771 0.673868 0.013117 0.014403
0 0.566165 0.099280 0.019676 0.024692
0 0.737268 0.813529 0.016975 0.021090
0 0.728974 0.800925 0.011960 0.021605
0 0.527006 0.467850 0.017747 0.023148
0 0.350694 0.691615 0.015432 0.015946
0 0.156443 0.247686 0.020448 0.034465
0 0.595101 0.126543 0.013503 0.018518
0 0.187886 0.578447 0.016204 0.023149
0 0.343364 0.282922 0.013117 0.016461
0 0.500000 0.805555 0.019290 0.023663
0 0.541474 0.100308 0.018904 0.026749
0 0.402006 0.314558 0.020833 0.027263
0 0.719908 0.696759 0.016975 0.018004
2 0.579475 0.478909 0.027778 0.044239
2 0.143904 0.241512 0.012346 0.025206
0 0.520255 0.044496 0.017361 0.018004
2 0.375772 0.288581 0.027777 0.037037
0 0.815972 0.364712 0.017747 0.019548
0 0.262925 0.074589 0.016589 0.019547
