0 0.705247 0.899691 0.011574 0.018519
0 0.544175 0.237397 0.012731 0.018004
0 0.892361 0.198817 0.023920 0.034465
0 0.862847 0.154064 0.015046 0.030350
0 0.063272 0.708333 0.015432 0.017490
0 0.966821 0.492798 0.015432 0.020576
0 0.689622 0.886574 0.015046 0.021090
0 0.736111 0.622428 0.013118 0.020576
2 0.381366 0.648405 0.025077 0.037551
0 0.742477 0.237397 0.011188 0.021090
0 0.416859 0.693931 0.014275 0.021605
0 0.236883 0.650977 0.019290 0.019033
0 0.869792 0.163066 0.005787 0.009259
0 0.679399 0.012088 0.017747 0.022119
0 0.298997 0.333333 0.013118 0.014403
0 0.078897 0.782922 0.016589 0.019547
0 0.432677 0.260545 0.015817 0.022119
0 0.975694 0.307099 0.015432 0.022634
0 0.222415 0.724795 0.017361 0.024691
0 0.272377 0.620627 0.016203 0.023149
0 0.602237 0.178755 0.017747 0.016976
