0 0.219329 0.209876 0.015046 0.012345
0 0.016590 0.432098 0.015433 0.024691
0 0.157408 0.705504 0.013889 0.019033
0 0.225694 0.703961 0.020061 0.020062
0 0.770255 0.446502 0.018133 0.019548
0 0.446566 0.795268 0.015818 0.022633
0 0.061343 0.585391 0.016203 0.020576
0 0.200618 0.208591 0.010031 0.015947
0 0.932292 0.307098 0.014275 0.023663
0 0.399498 0.751286 0.014275 0.022120
0 0.273919 0.913580 0.020833 0.020576
0 0.667053 0.941615 0.013117 0.021090
0 0.610532 0.834105 0.015818 0.018004
0 0.855131 0.400977 0.015818 0.022119
