0 0.887925 0.672840 0.018905 0.036009
0 0.109954 0.253086 0.023148 0.027777
0 0.036265 0.666924 0.024691 0.028292
0 0.922840 0.964506 0.020061 0.028806
0 0.169368 0.126543 0.018519 0.027778
0 0.834297 0.281893 0.021219 0.028806
0 0.975694 0.740998 0.020061 0.031378
0 0.806906 0.118827 0.024306 0.019548
0 0.157986 0.529835 0.020448 0.030864
0 0.256366 0.332305 0.021219 0.028807
0 0.912230 0.541924 0.021220 0.038580
0 0.800347 0.870113 0.022762 0.030350
0 0.491127 0.430812 0.016203 0.021091
0 0.903742 0.482768 0.027392 0.034465
0 0.416666 0.737140 0.025463 0.032922
0 0.307484 0.627314 0.022377 0.024177
0 0.975888 0.226337 0.022763 0.022633
0 0.542245 0.827418 0.020447 0.026235
0 0.321952 0.226081 0.023534 0.027263
0 0.736883 0.065329 0.035494 0.044239
