0 0.722415 0.146605 0.022762 0.028806
0 0.895641 0.332819 0.028163 0.036008
0 0.027778 0.938786 0.028549 0.033950
0 0.911844 0.617027 0.017361 0.028292
0 0.236883 0.466564 0.020062 0.028807
0 0.160687 0.373200 0.015818 0.022119
0 0.428627 0.140432 0.027007 0.032922
0 0.787423 0.655607 0.023920 0.029320
0 0.584105 0.120371 0.021605 0.017489
0 0.841243 0.338734 0.021219 0.032407
0 0.616320 0.111626 0.025849 0.037037
0 0.689043 0.629630 0.022376 0.024691
0 0.301119 0.603652 0.020448 0.028292
0 0.916473 0.177984 0.021219 0.020577
0 0.376929 0.446502 0.020062 0.028806
0 0.193866 0.017232 0.022762 0.026235
0 0.123649 0.920268 0.020447 0.026749
0 0.651814 0.690072 0.021219 0.019032
0 0.869020 0.332562 0.020448 0.030350
0 0.253279 0.810699 0.018133 0.026749
0 0.344715 0.033436 0.027391 0.025720
0 0.584105 0.792695 0.021605 0.032921
0 0.354552 0.520319 0.020833 0.026234
0 0.384452 0.274177 0.025849 0.031893
0 0.921682 0.806070 0.026234 0.030864
0 0.846643 0.300154 0.024305 0.026235
0 0.066165 0.148663 0.020448 0.034979
3 0.483989 0.457047 0.056713 0.076646
