0 0.128858 0.957561 0.027006 0.032407
0 0.575425 0.835133 0.025077 0.032407
0 0.412423 0.266975 0.022376 0.030864
0 0.423032 0.631173 0.027392 0.037037
0 0.829861 0.025463 0.020062 0.038580
0 0.274112 0.301441 0.021991 0.029835
0 0.181327 0.814558 0.020834 0.028292
0 0.125386 0.162038 0.028549 0.042181
0 0.630788 0.487140 0.029321 0.026749
0 0.114583 0.648920 0.024691 0.023148
0 0.684028 0.054013 0.017747 0.026749
0 0.973379 0.767232 0.025463 0.037551
0 0.494213 0.255659 0.023148 0.032921
0 0.154321 0.070731 0.020834 0.028293
0 0.546489 0.019547 0.018904 0.025720
0 0.465664 0.652006 0.024691 0.042696
0 0.437114 0.123714 0.019290 0.030350
0 0.426890 0.461420 0.018905 0.022634
0 0.694830 0.904835 0.027006 0.032922
0 0.742284 0.655350 0.027778 0.036008
