0 0.828125 0.906636 0.023534 0.035494
0 0.774305 0.385289 0.012345 0.016461
0 0.393904 0.754373 0.027006 0.036523
2 0.394483 0.073303 0.028164 0.035493
0 0.806906 0.354681 0.024306 0.033436
0 0.103974 0.346708 0.024306 0.028806
0 0.253858 0.470936 0.013118 0.019033
0 0.353781 0.794496 0.023148 0.032408
0 0.690007 0.781378 0.021991 0.024691
0 0.012153 0.225823 0.021991 0.027778
2 0.385802 0.623200 0.025463 0.027263
0 0.848958 0.066873 0.033565 0.031893
0 0.616320 0.773148 0.025849 0.032922
0 0.036845 0.768776 0.021219 0.024177
0 0.273727 0.465792 0.018904 0.030350
0 0.400655 0.894805 0.017361 0.034465
0 0.600502 0.673868 0.024305 0.023663
2 0.309028 0.561471 0.022376 0.031378
0 0.322917 0.983025 0.023148 0.030864
