0 0.173033 0.721965 0.026621 0.039610
0 0.053433 0.799897 0.026621 0.030864
0 0.381559 0.771862 0.023148 0.027264
0 0.653742 0.444445 0.023534 0.033951
0 0.990741 0.099023 0.015432 0.018004
0 0.114777 0.921553 0.025849 0.025205
0 0.219715 0.865226 0.018905 0.032922
0 0.992284 0.278035 0.012346 0.019032
0 0.137346 0.889660 0.020062 0.035493
0 0.903742 0.150463 0.020447 0.027264
0 0.347222 0.815843 0.023148 0.026749
0 0.320216 0.960905 0.027778 0.038066
0 0.806906 0.957047 0.022762 0.033436
0 0.329476 0.549640 0.018519 0.029321
0 0.043017 0.660237 0.023534 0.032407
0 0.780285 0.471450 0.027391 0.032407
