0 0.113619 0.258745 0.026620 0.032922
0 0.122685 0.054269 0.028550 0.037551
0 0.197531 0.633745 0.018518 0.036008
0 0.237847 0.052212 0.027392 0.033436
0 0.243056 0.166409 0.028549 0.027263
0 0.252122 0.667181 0.027392 0.025720
0 0.315779 0.223251 0.018133 0.036008
0 0.333527 0.903035 0.025849 0.023148
0 0.350888 0.744085 0.021219 0.034465
0 0.355517 0.673611 0.021220 0.033436
0 0.358025 0.220936 0.023920 0.029321
0 0.360726 0.174640 0.020833 0.037552
0 0.371335 0.127572 0.022762 0.043210
0 0.389660 0.179526 0.023149 0.028807
0 0.425347 0.382201 0.029707 0.024691
0 0.428820 0.544239 0.025077 0.036008
0 0.431520 0.163580 0.018132 0.031893
0 0.451581 0.223766 0.025849 0.041153
0 0.460263 0.905865 0.022377 0.031893
0 0.464120 0.862654 0.021605 0.031893
0 0.496335 0.297325 0.020448 0.033950
0 0.574460 0.663837 0.023148 0.035493
0 0.596643 0.143776 0.025077 0.034465
0 0.610146 0.545268 0.021991 0.025721
0 0.657021 0.707819 0.020833 0.027778
0 0.705054 0.897634 0.018904 0.032922
0 0.708333 0.583848 0.028549 0.031893
0 0.715278 0.614712 0.029321 0.028806
0 0.736497 0.420524 0.040124 0.027263
0 0.772570 0.558899 0.025077 0.026234
0 0.781829 0.804269 0.025077 0.029321
0 0.905285 0.588734 0.021991 0.030349
0 0.910494 0.127314 0.024692 0.039609
