0 0.055170 0.039095 0.032407 0.030864
0 0.128279 0.409722 0.030479 0.034465
0 0.175347 0.118056 0.028164 0.041667
0 0.190586 0.663323 0.026235 0.036522
0 0.224152 0.634002 0.021605 0.036522
0 0.273726 0.428755 0.025077 0.035494
0 0.283372 0.898405 0.023534 0.031379
0 0.308835 0.422582 0.029707 0.031379
0 0.310185 0.760803 0.022376 0.032921
0 0.315972 0.555298 0.032407 0.029321
0 0.336227 0.403550 0.028164 0.037551
0 0.399498 0.704990 0.023534 0.038580
0 0.482061 0.642747 0.028935 0.028292
0 0.486690 0.898148 0.035880 0.032922
0 0.508873 0.294753 0.026235 0.032922
0 0.521219 0.650977 0.022376 0.033436
0 0.564237 0.529321 0.032793 0.037038
0 0.604167 0.680298 0.027778 0.040638
0 0.619792 0.445216 0.019676 0.037552
0 0.656829 0.100309 0.025849 0.036008
0 0.684028 0.583333 0.023920 0.038066
0 0.788388 0.615484 0.025849 0.030349
0 0.847029 0.341821 0.028163 0.047840
0 0.858025 0.109053 0.027778 0.039095
0 0.876929 0.680555 0.021604 0.045267
0 0.876351 0.576646 0.020447 0.027778
0 0.890432 0.947016 0.024692 0.044239
0 0.891011 0.174897 0.030478 0.037037
0 0.899306 0.551697 0.031635 0.052983
0 0.928820 0.518261 0.028935 0.037551
