0 0.162230 0.784465 0.021990 0.033950
0 0.172839 0.768262 0.024691 0.022119
0 0.176119 0.243056 0.023534 0.030349
0 0.181327 0.541409 0.023920 0.026235
0 0.280479 0.496399 0.020061 0.024692
0 0.287809 0.529836 0.029321 0.023663
0 0.293789 0.781378 0.028163 0.036009
0 0.347415 0.392232 0.020448 0.030349
0 0.355710 0.220164 0.018518 0.040123
0 0.406443 0.762860 0.063658 0.068930
0 0.406443 0.551955 0.024306 0.032922
0 0.412423 0.362397 0.032408 0.028292
0 0.452932 0.396091 0.023920 0.032921
0 0.466435 0.266461 0.030092 0.039094
0 0.468365 0.713477 0.024691 0.033951
0 0.507717 0.625257 0.025463 0.030350
0 0.545524 0.795782 0.021605 0.022634
0 0.556134 0.759773 0.022762 0.023663
0 0.569059 0.797840 0.024691 0.031893
0 0.589314 0.217592 0.021991 0.027777
0 0.594522 0.597737 0.023148 0.033951
0 0.615162 0.670268 0.021990 0.026749
0 0.622686 0.064043 0.020833 0.028292
0 0.628086 0.595936 0.020833 0.030350
0 0.629244 0.893004 0.020062 0.043210
0 0.657986 0.461419 0.020448 0.033951
0 0.671296 0.167182 0.023920 0.031893
0 0.673804 0.197531 0.025848 0.028806
0 0.690393 0.811986 0.028935 0.033437
0 0.725888 0.355967 0.028935 0.027778
0 0.814236 0.882973 0.040510 0.035494
0 0.915123 0.447017 0.026235 0.031893
