0 0.019483 0.300154 0.014274 0.020062
0 0.025077 0.737654 0.019290 0.025720
0 0.029321 0.564043 0.013888 0.019033
0 0.041667 0.584363 0.016204 0.021605
0 0.148727 0.736112 0.015818 0.021605
0 0.215857 0.307870 0.018905 0.026235
0 0.253472 0.346965 0.017747 0.025206
0 0.286266 0.064558 0.017747 0.022119
0 0.339506 0.586419 0.019290 0.024691
0 0.410686 0.160751 0.014275 0.022120
0 0.464121 0.094393 0.018519 0.021090
0 0.542631 0.409208 0.018904 0.023148
0 0.637539 0.630915 0.025849 0.032407
0 0.764660 0.512860 0.016975 0.022634
0 0.788388 0.730452 0.018905 0.024691
0 0.923997 0.478138 0.016204 0.022120
0 0.931520 0.978910 0.018132 0.022633
