0 0.024498 0.460648 0.023534 0.036522
0 0.038966 0.415123 0.030864 0.038065
0 0.153549 0.255401 0.019290 0.038580
0 0.180556 0.251800 0.027777 0.047839
0 0.277392 0.626543 0.025463 0.063786
0 0.353781 0.690072 0.024692 0.035494
0 0.377893 0.480195 0.034337 0.035493
0 0.464313 0.728395 0.022762 0.026749
0 0.483024 0.521091 0.037037 0.058642
0 0.517169 0.321502 0.025077 0.039094
0 0.639082 0.813529 0.038966 0.041667
0 0.657215 0.760545 0.028163 0.038580
0 0.694444 0.473251 0.020833 0.045268
0 0.697723 0.526492 0.033565 0.031379
