0 0.098187 0.676183 0.029707 0.035494
0 0.117669 0.695473 0.032407 0.048354
0 0.130980 0.948045 0.020448 0.030864
0 0.141590 0.370627 0.018519 0.024177
0 0.143711 0.780607 0.015818 0.025206
0 0.151620 0.352623 0.033951 0.031379
0 0.181906 0.060700 0.031250 0.031893
0 0.345680 0.692130 0.029321 0.028292
0 0.349537 0.535237 0.027006 0.039609
0 0.468557 0.776234 0.027392 0.039095
0 0.544368 0.105453 0.021605 0.025720
0 0.604553 0.188015 0.026235 0.027263
0 0.659529 0.904064 0.027392 0.040638
0 0.774498 0.903550 0.023534 0.042695
0 0.782793 0.485596 0.023148 0.031893
0 0.827160 0.495627 0.023919 0.027263
0 0.838734 0.898662 0.022377 0.033951
0 0.923804 0.605710 0.023534 0.031378
0 0.967785 0.907408 0.022763 0.032921
