0 0.305363 0.958591 0.022762 0.032407
0 0.243056 0.932356 0.027778 0.036523
0 0.713927 0.932356 0.025077 0.040638
0 0.080633 0.925669 0.028549 0.037551
0 0.765818 0.909208 0.030093 0.041667
0 0.871142 0.855967 0.030864 0.031893
0 0.533758 0.730967 0.026620 0.032922
0 0.903356 0.723251 0.019676 0.040123
0 0.327932 0.702675 0.029321 0.032922
0 0.830247 0.677212 0.032407 0.031379
0 0.184028 0.683899 0.029321 0.044753
0 0.922261 0.670010 0.023534 0.030350
0 0.965085 0.620113 0.023534 0.030350
0 0.684028 0.603395 0.025463 0.034979
0 0.543596 0.561728 0.025463 0.037037
0 0.545525 0.523405 0.027006 0.038580
0 0.121914 0.521091 0.027006 0.037037
0 0.410494 0.496142 0.026235 0.027263
0 0.204668 0.447274 0.032022 0.030350
0 0.137153 0.425926 0.025077 0.030864
0 0.137153 0.381944 0.031250 0.030350
0 0.315779 0.313014 0.035108 0.046811
0 0.875193 0.289866 0.024306 0.030350
0 0.911265 0.227623 0.031636 0.027263
0 0.820602 0.122428 0.023920 0.028807
0 0.948495 0.090278 0.019676 0.039609
