0 0.332948 0.903292 0.027778 0.023663
0 0.460262 0.906121 0.023148 0.033436
0 0.705440 0.898148 0.019676 0.033951
0 0.464120 0.862912 0.022377 0.032407
0 0.782600 0.804270 0.026620 0.030350
0 0.351273 0.744342 0.021991 0.034979
0 0.657215 0.708076 0.021219 0.029321
0 0.355517 0.673868 0.021991 0.034979
0 0.252315 0.667695 0.027778 0.026749
0 0.574653 0.664095 0.023534 0.036008
0 0.197724 0.634002 0.018904 0.036523
0 0.715471 0.614969 0.029707 0.029321
0 0.905478 0.588735 0.022377 0.032407
0 0.708526 0.584105 0.028935 0.032407
0 0.772762 0.559156 0.025463 0.026749
0 0.610532 0.545010 0.022762 0.027263
0 0.429205 0.544496 0.025849 0.036523
0 0.736690 0.420782 0.040509 0.027778
0 0.425540 0.382459 0.030093 0.025206
0 0.496721 0.297325 0.021219 0.034979
0 0.113619 0.259002 0.027392 0.033436
0 0.358218 0.221451 0.024306 0.030350
0 0.315779 0.223508 0.018904 0.036523
0 0.451968 0.223765 0.026620 0.042181
0 0.389853 0.179784 0.023534 0.029321
0 0.360918 0.175154 0.021219 0.038580
0 0.243827 0.166667 0.030093 0.027778
0 0.431713 0.163837 0.018519 0.032407
0 0.596836 0.144290 0.025463 0.035494
0 0.910687 0.127572 0.025077 0.040123
0 0.371335 0.127829 0.023534 0.044753
0 0.122878 0.054527 0.028935 0.038066
0 0.238040 0.052212 0.027778 0.034465
