0 0.467978 0.920525 0.020062 0.028292
0 0.796103 0.903549 0.025077 0.034465
0 0.364583 0.894033 0.027778 0.020576
0 0.893133 0.870113 0.025463 0.027263
0 0.621914 0.860340 0.023920 0.028292
0 0.175733 0.843621 0.030478 0.026749
0 0.629244 0.728909 0.029321 0.031893
0 0.625193 0.695730 0.019676 0.028292
0 0.190394 0.690844 0.020448 0.027778
0 0.514660 0.632716 0.029321 0.030864
0 0.335262 0.525206 0.031636 0.022634
0 0.691937 0.516718 0.027392 0.032407
0 0.974151 0.514918 0.034722 0.043210
0 0.473380 0.481996 0.025463 0.040123
0 0.218557 0.470165 0.028935 0.037037
0 0.922261 0.449331 0.026620 0.029321
0 0.300733 0.361368 0.021219 0.024177
0 0.381173 0.364712 0.025463 0.031893
0 0.364198 0.227623 0.016975 0.040638
0 0.465856 0.186986 0.020448 0.032407
0 0.636188 0.158436 0.029321 0.031893
0 0.719329 0.086420 0.029707 0.032922
0 0.533951 0.076903 0.030864 0.038580
0 0.089120 0.034208 0.033179 0.041667
