0 0.889275 0.954475 0.030864 0.044753
0 0.674383 0.912551 0.030864 0.021605
0 0.755401 0.844650 0.024691 0.034979
0 0.057099 0.832305 0.024691 0.042181
0 0.391397 0.793210 0.028935 0.033951
0 0.332176 0.768519 0.027778 0.038066
0 0.607639 0.715535 0.018519 0.033951
0 0.054398 0.676183 0.025463 0.035494
0 0.720872 0.654578 0.024306 0.041667
0 0.359182 0.647891 0.039352 0.030350
0 0.548804 0.581276 0.033565 0.031893
0 0.591435 0.577932 0.018519 0.043724
0 0.034529 0.496399 0.025849 0.034979
0 0.800154 0.472994 0.024691 0.033436
0 0.365741 0.455504 0.026235 0.031379
0 0.531057 0.444187 0.022762 0.031379
0 0.508295 0.434928 0.020448 0.025206
0 0.348573 0.436986 0.028935 0.029321
0 0.646991 0.436214 0.021605 0.046296
0 0.772377 0.422840 0.027006 0.034979
0 0.895640 0.333591 0.023534 0.032407
0 0.059992 0.311986 0.030478 0.029321
0 0.460262 0.273148 0.030864 0.037037
0 0.724151 0.256944 0.023920 0.029321
0 0.376543 0.215021 0.018519 0.031893
0 0.882716 0.209877 0.023920 0.036008
0 0.411651 0.199331 0.026235 0.029321
0 0.024113 0.148920 0.025849 0.032407
0 0.905285 0.147634 0.023534 0.039095
0 0.222994 0.121399 0.021605 0.037037
0 0.468750 0.070473 0.023920 0.040123
