0 0.794753 0.906121 0.033951 0.039609
0 0.666860 0.887346 0.025077 0.036008
0 0.869020 0.846193 0.033565 0.039095
0 0.211420 0.833076 0.030864 0.038580
0 0.493634 0.727881 0.032793 0.044239
0 0.319637 0.597222 0.022762 0.034979
0 0.740741 0.489969 0.027778 0.027263
0 0.733989 0.465535 0.028935 0.029835
0 0.251736 0.435442 0.025849 0.058128
0 0.486883 0.357510 0.031636 0.056584
0 0.297068 0.316872 0.026235 0.045267
0 0.630787 0.313529 0.025463 0.042695
0 0.424576 0.257202 0.021991 0.043210
0 0.171875 0.236626 0.028935 0.041152
0 0.095100 0.230195 0.057485 0.050926
0 0.957176 0.165123 0.025463 0.031893
0 0.892554 0.113683 0.027392 0.038066
0 0.335069 0.050412 0.033565 0.050412
