0 0.188272 0.866770 0.016975 0.020576
0 0.428627 0.846965 0.016204 0.020062
0 0.226466 0.675669 0.018519 0.028292
0 0.471451 0.479938 0.013889 0.017490
0 0.166281 0.481224 0.015432 0.025206
0 0.780671 0.468879 0.020448 0.024177
0 0.500579 0.439043 0.035108 0.038580
0 0.648727 0.418724 0.011960 0.026749
0 0.663002 0.406636 0.021219 0.026235
0 0.154707 0.370628 0.015432 0.020062
0 0.610532 0.348251 0.016590 0.021605
0 0.983410 0.299383 0.016975 0.020576
0 0.594907 0.285751 0.015432 0.021091
0 0.474923 0.274434 0.012346 0.022119
0 0.471065 0.243056 0.015432 0.024177
0 0.208526 0.237140 0.018133 0.021605
0 0.652778 0.158436 0.018519 0.026749
0 0.986883 0.144805 0.020062 0.026235
0 0.535687 0.063014 0.015046 0.024177
