0 0.176890 0.981224 0.011960 0.027263
0 0.852238 0.973508 0.016975 0.022119
0 0.311921 0.971193 0.015046 0.027778
0 0.953318 0.965278 0.014660 0.026235
0 0.752894 0.959619 0.017361 0.020062
0 0.981481 0.919496 0.015432 0.019033
0 0.829282 0.890947 0.015046 0.019547
0 0.160494 0.887346 0.018519 0.020576
0 0.570795 0.857253 0.011960 0.030350
0 0.381173 0.794496 0.011574 0.015947
0 0.111304 0.793467 0.015046 0.016975
0 0.903935 0.790895 0.013889 0.014918
0 0.377894 0.774177 0.011960 0.013374
0 0.368441 0.767233 0.016204 0.019033
0 0.111111 0.745885 0.015432 0.018519
0 0.663966 0.714249 0.011574 0.014918
0 0.340278 0.716049 0.013117 0.018519
0 0.958140 0.707819 0.018133 0.017490
0 0.384066 0.701132 0.026620 0.021605
0 0.283372 0.673354 0.021991 0.036008
0 0.392168 0.639660 0.018133 0.024177
0 0.138503 0.565329 0.015432 0.024691
0 0.018133 0.556070 0.012346 0.021605
0 0.767361 0.528292 0.018519 0.021605
0 0.028356 0.492027 0.014275 0.018004
0 0.669946 0.483025 0.011960 0.039095
0 0.360532 0.403807 0.014275 0.020576
0 0.818287 0.330504 0.013889 0.018004
0 0.135224 0.322016 0.015818 0.018519
0 0.371528 0.301698 0.013889 0.019033
0 0.079861 0.255916 0.013889 0.019033
0 0.138889 0.253858 0.013889 0.018004
0 0.897762 0.216564 0.010031 0.010288
0 0.058835 0.205247 0.012731 0.017490
0 0.039352 0.132202 0.019290 0.023663
0 0.837191 0.126029 0.018519 0.025720
0 0.577353 0.088735 0.016590 0.020062
0 0.393133 0.087706 0.015432 0.020062
0 0.271991 0.081276 0.016975 0.015432
0 0.145255 0.056327 0.010417 0.010802
0 0.032022 0.062500 0.017747 0.024177
0 0.286073 0.055813 0.018133 0.011831
