0 0.701775 0.955247 0.010031 0.017490
0 0.954668 0.930298 0.017361 0.020062
0 0.937886 0.922582 0.018519 0.022119
0 0.826003 0.894033 0.016975 0.020576
0 0.105324 0.771605 0.020062 0.026749
0 0.039931 0.563786 0.015818 0.021605
0 0.191551 0.517233 0.015818 0.019033
0 0.517168 0.511060 0.017361 0.026235
0 0.266204 0.495370 0.018519 0.030864
0 0.771798 0.475309 0.021219 0.023663
0 0.673418 0.474023 0.019676 0.026235
0 0.414159 0.447531 0.011960 0.015432
0 0.032215 0.250257 0.016590 0.020062
0 0.189236 0.018776 0.014275 0.019033
0 0.509452 0.013117 0.018133 0.020062
