0 0.843557 0.950874 0.018133 0.022119
0 0.586806 0.914609 0.020833 0.027778
0 0.276235 0.863426 0.015432 0.018004
0 0.536458 0.779321 0.017361 0.021605
0 0.298611 0.756430 0.020062 0.022119
0 0.645833 0.682099 0.016975 0.018519
0 0.122492 0.523920 0.015818 0.019033
0 0.032215 0.485082 0.018133 0.023663
0 0.595872 0.479167 0.017361 0.025206
0 0.537616 0.472222 0.018133 0.024691
0 0.597222 0.448817 0.016975 0.019033
0 0.616127 0.409722 0.016204 0.021091
0 0.887346 0.386060 0.017747 0.023148
0 0.549769 0.339249 0.014660 0.015947
0 0.424383 0.341307 0.020833 0.028292
0 0.321566 0.335648 0.020448 0.026235
0 0.463735 0.327675 0.013117 0.019547
0 0.200039 0.300154 0.011960 0.015947
0 0.969715 0.245113 0.017361 0.020062
0 0.398341 0.245370 0.017361 0.023663
0 0.568673 0.242541 0.029321 0.043724
0 0.907600 0.213735 0.021991 0.042695
0 0.569252 0.166409 0.021219 0.023148
0 0.133873 0.168210 0.022377 0.032922
