0 0.292438 0.968107 0.021605 0.027778
0 0.667824 0.953704 0.015432 0.017490
0 0.023148 0.947531 0.014660 0.018519
0 0.555748 0.918467 0.018904 0.028292
0 0.542245 0.895833 0.016590 0.030350
0 0.272184 0.831790 0.014275 0.020576
0 0.505980 0.830247 0.017361 0.023663
0 0.488619 0.825360 0.015818 0.020062
0 0.446952 0.809928 0.018133 0.025206
0 0.152971 0.770062 0.019676 0.026749
0 0.232639 0.657922 0.019290 0.027778
0 0.495756 0.615998 0.020833 0.023148
0 0.897762 0.574846 0.019290 0.024177
0 0.973765 0.470679 0.015432 0.019547
0 0.206983 0.398663 0.015818 0.025720
0 0.620949 0.383745 0.015046 0.019547
0 0.218943 0.309156 0.015818 0.019547
0 0.265818 0.292953 0.017747 0.022119
0 0.173804 0.259259 0.015046 0.018519
0 0.170332 0.234053 0.015818 0.016461
0 0.441551 0.213220 0.018133 0.024177
0 0.047840 0.196759 0.012346 0.020062
0 0.750386 0.185957 0.016204 0.022119
0 0.032022 0.171811 0.016975 0.017490
0 0.899306 0.043724 0.016204 0.021605
