0 0.204668 0.982767 0.021991 0.023148
0 0.123071 0.805813 0.017747 0.024177
0 0.146798 0.799383 0.018133 0.026749
0 0.964120 0.784722 0.018519 0.018004
0 0.732253 0.685700 0.017747 0.018519
0 0.436921 0.630916 0.015046 0.021091
0 0.538580 0.617284 0.016975 0.020576
0 0.014275 0.600823 0.017747 0.023663
0 0.532407 0.598251 0.013117 0.019547
0 0.073110 0.596451 0.021219 0.027263
0 0.209877 0.591821 0.016975 0.022119
0 0.190008 0.571759 0.016590 0.021091
0 0.889468 0.536523 0.015818 0.023663
0 0.394097 0.517233 0.019676 0.025206
0 0.367284 0.456276 0.016975 0.025720
0 0.035494 0.389660 0.017747 0.022119
0 0.350116 0.383230 0.018133 0.023663
0 0.143711 0.317901 0.015046 0.021605
0 0.413194 0.311471 0.020062 0.028292
0 0.285301 0.295782 0.021219 0.021605
0 0.750000 0.232767 0.016204 0.023148
0 0.159144 0.230967 0.020448 0.019547
0 0.326389 0.203189 0.016204 0.016461
0 0.859375 0.201132 0.018904 0.025720
0 0.767554 0.057613 0.019676 0.024691
0 0.811535 0.037551 0.022762 0.027778
0 0.229552 0.020319 0.017747 0.024177
