0 0.603974 0.937757 0.018133 0.019547
0 0.217400 0.908179 0.019676 0.030350
0 0.271219 0.861368 0.018519 0.023148
0 0.839892 0.862912 0.020062 0.027263
0 0.544946 0.781121 0.017361 0.024177
0 0.734375 0.531636 0.015046 0.025206
0 0.288387 0.495370 0.021219 0.023663
0 0.538773 0.453704 0.021219 0.022634
0 0.554012 0.445473 0.016204 0.022634
0 0.690586 0.369084 0.031636 0.037551
0 0.467400 0.320473 0.012731 0.023663
0 0.597801 0.245113 0.012731 0.018004
0 0.280285 0.181842 0.016590 0.022119
0 0.396991 0.100051 0.017747 0.022119
0 0.186343 0.097994 0.023920 0.031379
0 0.347222 0.034722 0.011574 0.019033
0 0.898727 0.016718 0.038966 0.031379
