0 0.323110 0.983282 0.023534 0.032407
0 0.210455 0.958591 0.029707 0.040638
0 0.828318 0.907407 0.024691 0.037037
0 0.400849 0.895319 0.017747 0.035494
0 0.354167 0.794753 0.023920 0.032922
0 0.690201 0.781636 0.022377 0.025206
0 0.037037 0.769033 0.021605 0.024691
0 0.616512 0.773148 0.026235 0.033951
0 0.394097 0.754630 0.027392 0.037037
0 0.865162 0.680556 0.014275 0.019547
0 0.600694 0.674126 0.024691 0.024177
0 0.703704 0.625772 0.022377 0.027263
0 0.386188 0.623200 0.026235 0.028292
0 0.309221 0.561728 0.022762 0.031893
0 0.254051 0.471193 0.013503 0.020576
0 0.273920 0.466049 0.019290 0.030864
0 0.774306 0.385545 0.013117 0.016975
0 0.511960 0.390432 0.023920 0.029835
0 0.583333 0.388117 0.047068 0.050926
0 0.807099 0.354938 0.024691 0.033951
0 0.103974 0.347222 0.025077 0.029835
0 0.012346 0.226080 0.022377 0.028292
0 0.427083 0.156893 0.021605 0.030864
0 0.394676 0.073817 0.028549 0.036523
0 0.849151 0.067130 0.033951 0.032407
0 0.123457 0.051955 0.027006 0.027778
0 0.768326 0.024177 0.021991 0.024691
