0 0.655864 0.962191 0.021605 0.034465
0 0.320409 0.961420 0.028164 0.039095
0 0.806906 0.956790 0.023534 0.034979
0 0.114969 0.921811 0.026235 0.025720
0 0.137731 0.889918 0.020833 0.036008
0 0.219907 0.865741 0.019290 0.033951
0 0.347415 0.816101 0.024306 0.027263
0 0.053627 0.800154 0.027006 0.031379
0 0.381752 0.772119 0.023534 0.027778
0 0.173225 0.722222 0.027006 0.040123
0 0.043210 0.660494 0.023920 0.032922
0 0.329475 0.549897 0.019290 0.029835
0 0.780478 0.471451 0.027778 0.033436
0 0.653935 0.444444 0.023920 0.034979
0 0.371335 0.350309 0.018133 0.028807
0 0.963927 0.292181 0.022762 0.032922
0 0.992477 0.278292 0.012731 0.019547
0 0.424190 0.168210 0.027392 0.037037
0 0.903935 0.150720 0.020833 0.027778
0 0.171296 0.158693 0.033951 0.045782
0 0.032600 0.128858 0.029707 0.038580
0 0.990934 0.099280 0.015818 0.018519
