0 0.445023 0.930556 0.024306 0.034979
0 0.304977 0.886831 0.030478 0.030864
0 0.611690 0.864198 0.026620 0.040123
0 0.955054 0.861111 0.026620 0.038066
0 0.939622 0.848508 0.019676 0.030350
0 0.740355 0.833848 0.033951 0.052469
0 0.868634 0.709362 0.023534 0.042181
0 0.915895 0.622171 0.025463 0.031379
0 0.029514 0.599023 0.025077 0.030350
0 0.543789 0.527778 0.019676 0.026749
0 0.400077 0.428241 0.024691 0.027263
0 0.528549 0.418467 0.043210 0.054012
0 0.576968 0.392233 0.016590 0.022119
0 0.960455 0.377829 0.023534 0.030350
0 0.934221 0.374228 0.014275 0.029321
0 0.849537 0.294753 0.024691 0.024691
0 0.915702 0.296296 0.028935 0.032922
0 0.746528 0.228395 0.022377 0.031893
0 0.538773 0.219907 0.020448 0.026235
0 0.683256 0.182099 0.024691 0.026749
0 0.908758 0.159208 0.023534 0.037551
0 0.763503 0.135288 0.016975 0.023663
0 0.863619 0.064815 0.025849 0.039095
