0 0.206983 0.969650 0.018904 0.040123
0 0.815972 0.899949 0.029321 0.035494
0 0.251736 0.834619 0.031250 0.035494
0 0.505208 0.811728 0.022762 0.039095
0 0.563079 0.706019 0.034336 0.035494
0 0.254437 0.579475 0.030478 0.034465
0 0.181906 0.461163 0.024306 0.035494
0 0.826196 0.311214 0.021991 0.027778
0 0.271219 0.303755 0.024691 0.033436
0 0.032793 0.237397 0.019290 0.032407
0 0.972029 0.218879 0.027392 0.026235
0 0.333333 0.175669 0.023920 0.030350
0 0.857639 0.172068 0.030864 0.029321
0 0.413773 0.170525 0.023534 0.031379
0 0.356867 0.124743 0.023920 0.032407
0 0.620563 0.123200 0.025077 0.030350
0 0.679205 0.075103 0.020448 0.032922
0 0.382523 0.032665 0.026620 0.032407
